I1_1827
																																																				
		262.15	262.14	262.13	262.12	262.11	262.1	262.09	262.08	262.07	262.06	262.05	262.04	262.03	262.02	262.01	262	261.99	261.98	261.97	261.96	261.95	261.94	261.93	261.92	261.91	261.9	261.89	261.88	261.87	261.86	261.85	261.84	261.83	261.82	261.81	261.8	261.79	261.78	261.77	261.76	261.75	261.74	261.73	261.72	261.71	261.7	261.69	261.68	261.67	261.66	261.65
	250	-1.7460106e-10	-1.7423812e-10	-1.7498374e-10	-1.7421747e-10	-1.751099e-10	-1.7502982e-10	-1.740801e-10	-1.75004e-10	-1.746049e-10	-1.7397143e-10	-1.7379895e-10	-1.7417726e-10	-1.7408894e-10	-1.7448507e-10	-1.7442314e-10	-1.7505125e-10	-1.7360134e-10	-1.731162e-10	-1.7347344e-10	-1.727548e-10	-1.7394801e-10	-1.7414102e-10	-1.7325595e-10	-1.7302826e-10	-1.7342532e-10	-1.7284346e-10	-1.7274226e-10	-1.7385006e-10	-1.7411383e-10	-1.7445452e-10	-1.7474372e-10	-1.7465208e-10	-1.7273774e-10	-1.7259742e-10	-1.7349348e-10	-1.7342162e-10	-1.7300411e-10	-1.7336796e-10	-1.7325234e-10	-1.730437e-10	-1.7282006e-10	-1.7217351e-10	-1.7175747e-10	-1.7287193e-10	-1.7367825e-10	-1.7367641e-10	-1.7407298e-10	-1.7403998e-10	-1.742327e-10	-1.7443644e-10	-1.7443215e-10
	248.888888888889	-1.7494772e-10	-1.7422655e-10	-1.7350309e-10	-1.7402048e-10	-1.7355747e-10	-1.7299903e-10	-1.7368988e-10	-1.7459492e-10	-1.7333011e-10	-1.7352433e-10	-1.7373067e-10	-1.7283713e-10	-1.7255321e-10	-1.7393223e-10	-1.7419435e-10	-1.7387777e-10	-1.7362831e-10	-1.746919e-10	-1.7389265e-10	-1.7342976e-10	-1.7350539e-10	-1.7377033e-10	-1.7350094e-10	-1.7383435e-10	-1.7380092e-10	-1.7249546e-10	-1.7301971e-10	-1.7256484e-10	-1.7251908e-10	-1.7327577e-10	-1.7391484e-10	-1.7299248e-10	-1.733889e-10	-1.7345111e-10	-1.7324832e-10	-1.7385951e-10	-1.7342841e-10	-1.7301918e-10	-1.7355031e-10	-1.7327513e-10	-1.7371836e-10	-1.7326605e-10	-1.7385759e-10	-1.7409731e-10	-1.7381011e-10	-1.7327408e-10	-1.7319446e-10	-1.7336088e-10	-1.7372348e-10	-1.7300901e-10	-1.7325268e-10
	247.777777777778	-1.7395645e-10	-1.7425981e-10	-1.7386716e-10	-1.7410179e-10	-1.7428362e-10	-1.7449305e-10	-1.7515049e-10	-1.7393126e-10	-1.7456701e-10	-1.7467962e-10	-1.7482085e-10	-1.7506861e-10	-1.7414886e-10	-1.7405648e-10	-1.7383771e-10	-1.7401905e-10	-1.7435464e-10	-1.7450838e-10	-1.7395473e-10	-1.7346896e-10	-1.7193737e-10	-1.7356233e-10	-1.7450706e-10	-1.7405923e-10	-1.7450665e-10	-1.7353777e-10	-1.7399182e-10	-1.7449669e-10	-1.7506677e-10	-1.7352249e-10	-1.7375794e-10	-1.7443252e-10	-1.7398262e-10	-1.7446243e-10	-1.7464455e-10	-1.7397818e-10	-1.7413049e-10	-1.7529764e-10	-1.7472891e-10	-1.7400523e-10	-1.7439923e-10	-1.7362277e-10	-1.729938e-10	-1.7438721e-10	-1.7425845e-10	-1.742272e-10	-1.7385789e-10	-1.7391634e-10	-1.7397644e-10	-1.7451192e-10	-1.7454924e-10
	246.666666666667	-1.7441591e-10	-1.7323747e-10	-1.7292368e-10	-1.7306125e-10	-1.7348667e-10	-1.7472764e-10	-1.7433946e-10	-1.739644e-10	-1.7350493e-10	-1.740694e-10	-1.7388452e-10	-1.7384912e-10	-1.7416814e-10	-1.7401026e-10	-1.7419402e-10	-1.7351269e-10	-1.7359369e-10	-1.7431619e-10	-1.7413308e-10	-1.7458099e-10	-1.7464467e-10	-1.7412471e-10	-1.7449711e-10	-1.7432203e-10	-1.7351537e-10	-1.7350595e-10	-1.7243999e-10	-1.7399945e-10	-1.7409726e-10	-1.7424215e-10	-1.7411218e-10	-1.7398842e-10	-1.7307017e-10	-1.7240441e-10	-1.730011e-10	-1.7241582e-10	-1.7221403e-10	-1.7193187e-10	-1.7306619e-10	-1.7376754e-10	-1.7306709e-10	-1.7195134e-10	-1.7286056e-10	-1.7304197e-10	-1.7364782e-10	-1.7335934e-10	-1.7271989e-10	-1.7231783e-10	-1.7225425e-10	-1.7248172e-10	-1.7270374e-10
	245.555555555556	-1.7252756e-10	-1.733366e-10	-1.7313319e-10	-1.7290372e-10	-1.7250955e-10	-1.7238437e-10	-1.724305e-10	-1.7259859e-10	-1.7295945e-10	-1.7265048e-10	-1.7232291e-10	-1.7191741e-10	-1.7103829e-10	-1.7108781e-10	-1.7141197e-10	-1.7167412e-10	-1.7120068e-10	-1.7125563e-10	-1.704599e-10	-1.7158901e-10	-1.7141076e-10	-1.7228939e-10	-1.7275398e-10	-1.725511e-10	-1.7138567e-10	-1.7078648e-10	-1.7068831e-10	-1.7135077e-10	-1.7192603e-10	-1.7163529e-10	-1.7171732e-10	-1.7116754e-10	-1.7117424e-10	-1.7247344e-10	-1.7381116e-10	-1.7294989e-10	-1.7189696e-10	-1.7268705e-10	-1.7236874e-10	-1.7209258e-10	-1.725883e-10	-1.7240127e-10	-1.7184054e-10	-1.7174587e-10	-1.7275958e-10	-1.7420855e-10	-1.7399723e-10	-1.7422822e-10	-1.7413056e-10	-1.7372367e-10	-1.7380224e-10
	244.444444444444	-1.7345522e-10	-1.7283072e-10	-1.7325384e-10	-1.7366548e-10	-1.7303624e-10	-1.7286729e-10	-1.7313785e-10	-1.7328225e-10	-1.7390753e-10	-1.7441154e-10	-1.7421947e-10	-1.7452603e-10	-1.7325893e-10	-1.7281257e-10	-1.7316835e-10	-1.7369436e-10	-1.7438616e-10	-1.7412144e-10	-1.7399306e-10	-1.7389291e-10	-1.7404303e-10	-1.7348632e-10	-1.7373851e-10	-1.7449232e-10	-1.743392e-10	-1.7367392e-10	-1.7395148e-10	-1.7410243e-10	-1.7406782e-10	-1.7449821e-10	-1.7496901e-10	-1.7373462e-10	-1.7240098e-10	-1.7246379e-10	-1.7167642e-10	-1.7218323e-10	-1.7306603e-10	-1.7379406e-10	-1.7450603e-10	-1.7263203e-10	-1.7399378e-10	-1.7471456e-10	-1.751871e-10	-1.7415985e-10	-1.744738e-10	-1.7356609e-10	-1.7349748e-10	-1.7355488e-10	-1.7278048e-10	-1.736172e-10	-1.736303e-10
	243.333333333333	-1.7381512e-10	-1.7319479e-10	-1.7335387e-10	-1.7391893e-10	-1.7357739e-10	-1.7444823e-10	-1.7381198e-10	-1.742794e-10	-1.7350603e-10	-1.7369987e-10	-1.7379446e-10	-1.7393656e-10	-1.7362259e-10	-1.7443536e-10	-1.7361701e-10	-1.737837e-10	-1.7415462e-10	-1.7405814e-10	-1.7465615e-10	-1.7458009e-10	-1.7458117e-10	-1.7357242e-10	-1.7334804e-10	-1.7288895e-10	-1.7237613e-10	-1.7327779e-10	-1.7234734e-10	-1.7337666e-10	-1.7324511e-10	-1.7337387e-10	-1.7404672e-10	-1.7403019e-10	-1.7383767e-10	-1.7362432e-10	-1.7412471e-10	-1.7425525e-10	-1.7439035e-10	-1.7461613e-10	-1.7431946e-10	-1.7376156e-10	-1.7336356e-10	-1.7512443e-10	-1.7517121e-10	-1.7494016e-10	-1.7503424e-10	-1.7362549e-10	-1.7296789e-10	-1.7337079e-10	-1.7187014e-10	-1.7257455e-10	-1.7295022e-10
	242.222222222222	-1.7200881e-10	-1.7194068e-10	-1.7187722e-10	-1.7182213e-10	-1.7118158e-10	-1.7226799e-10	-1.7246436e-10	-1.7243905e-10	-1.7291656e-10	-1.7138448e-10	-1.7218413e-10	-1.7181505e-10	-1.729993e-10	-1.7355303e-10	-1.7261881e-10	-1.7373093e-10	-1.7343696e-10	-1.7306102e-10	-1.7293987e-10	-1.7356745e-10	-1.7403046e-10	-1.7460031e-10	-1.7455014e-10	-1.7512203e-10	-1.7456998e-10	-1.7318727e-10	-1.7363604e-10	-1.7357853e-10	-1.738643e-10	-1.7318512e-10	-1.74032e-10	-1.7430082e-10	-1.7507645e-10	-1.7502629e-10	-1.748071e-10	-1.7518209e-10	-1.7447022e-10	-1.7408032e-10	-1.738568e-10	-1.7369474e-10	-1.7379488e-10	-1.7323946e-10	-1.7443678e-10	-1.7430478e-10	-1.7438224e-10	-1.7405641e-10	-1.7334811e-10	-1.7364643e-10	-1.731876e-10	-1.7390946e-10	-1.738194e-10
	241.111111111111	-1.7380472e-10	-1.7413598e-10	-1.742794e-10	-1.7364089e-10	-1.7544512e-10	-1.7530663e-10	-1.7463758e-10	-1.7390414e-10	-1.7428949e-10	-1.7453948e-10	-1.7441626e-10	-1.7421892e-10	-1.7350682e-10	-1.7335851e-10	-1.7372269e-10	-1.7354609e-10	-1.7378088e-10	-1.7373651e-10	-1.7377798e-10	-1.7377481e-10	-1.7371421e-10	-1.7444642e-10	-1.7437682e-10	-1.7499668e-10	-1.7461609e-10	-1.7234528e-10	-1.7168772e-10	-1.7217015e-10	-1.7248744e-10	-1.7334593e-10	-1.7284955e-10	-1.7377813e-10	-1.7276708e-10	-1.7193075e-10	-1.7237846e-10	-1.723495e-10	-1.7294906e-10	-1.73958e-10	-1.7395886e-10	-1.7382219e-10	-1.7325558e-10	-1.7363362e-10	-1.7324595e-10	-1.7293862e-10	-1.7287133e-10	-1.7307579e-10	-1.7272814e-10	-1.7293535e-10	-1.732078e-10	-1.7347623e-10	-1.7311533e-10
	240	-1.7213939e-10	-1.714361e-10	-1.7115448e-10	-1.730779e-10	-1.7347342e-10	-1.7318259e-10	-1.7249592e-10	-1.7314464e-10	-1.7232919e-10	-1.7285241e-10	-1.7245234e-10	-1.7218653e-10	-1.7341711e-10	-1.7314293e-10	-1.732795e-10	-1.7297207e-10	-1.7354651e-10	-1.7326413e-10	-1.7423039e-10	-1.7397378e-10	-1.7415262e-10	-1.7405336e-10	-1.7386524e-10	-1.7350761e-10	-1.7385683e-10	-1.737066e-10	-1.7387013e-10	-1.7343804e-10	-1.7321472e-10	-1.7352234e-10	-1.738835e-10	-1.7433902e-10	-1.7279013e-10	-1.7352128e-10	-1.7644987e-10	-1.7588465e-10	-1.7408984e-10	-1.7333844e-10	-1.7354963e-10	-1.7334842e-10	-1.7301059e-10	-1.7307608e-10	-1.7315774e-10	-1.7317679e-10	-1.7408353e-10	-1.7256085e-10	-1.7273545e-10	-1.7262788e-10	-1.7240151e-10	-1.7284518e-10	-1.7376212e-10
	238.888888888889	-1.7318334e-10	-1.7361299e-10	-1.7213442e-10	-1.730881e-10	-1.7394572e-10	-1.7444371e-10	-1.7395853e-10	-1.7421507e-10	-1.7374574e-10	-1.7133238e-10	-1.7332047e-10	-1.7296163e-10	-1.7183979e-10	-1.7224619e-10	-1.7201496e-10	-1.7310407e-10	-1.7331252e-10	-1.7330977e-10	-1.7390893e-10	-1.7441268e-10	-1.7390003e-10	-1.7389977e-10	-1.739684e-10	-1.7436112e-10	-1.738467e-10	-1.735528e-10	-1.7342004e-10	-1.7341492e-10	-1.7330895e-10	-1.7348038e-10	-1.7326533e-10	-1.7331976e-10	-1.7466376e-10	-1.7434522e-10	-1.7323709e-10	-1.7345771e-10	-1.7389781e-10	-1.746267e-10	-1.7424708e-10	-1.7434741e-10	-1.7387812e-10	-1.7391985e-10	-1.7391096e-10	-1.7353796e-10	-1.7354161e-10	-1.7429962e-10	-1.7325859e-10	-1.7384617e-10	-1.7419334e-10	-1.7489481e-10	-1.742986e-10
	237.777777777778	-1.7427507e-10	-1.7454758e-10	-1.7437234e-10	-1.7421206e-10	-1.7476563e-10	-1.7335836e-10	-1.7475422e-10	-1.7436361e-10	-1.7390735e-10	-1.7350724e-10	-1.7361189e-10	-1.7393464e-10	-1.7360512e-10	-1.7379534e-10	-1.7414607e-10	-1.7421684e-10	-1.7442496e-10	-1.7395906e-10	-1.7407858e-10	-1.7394466e-10	-1.7411309e-10	-1.7439422e-10	-1.7322586e-10	-1.7348456e-10	-1.7355209e-10	-1.7283461e-10	-1.7296965e-10	-1.7284014e-10	-1.7334321e-10	-1.7392399e-10	-1.7400507e-10	-1.7420945e-10	-1.7361065e-10	-1.7402195e-10	-1.7415289e-10	-1.7362635e-10	-1.7384261e-10	-1.7380573e-10	-1.7327302e-10	-1.7361874e-10	-1.737457e-10	-1.7361224e-10	-1.7314851e-10	-1.7339565e-10	-1.7326401e-10	-1.7299305e-10	-1.7341865e-10	-1.7416807e-10	-1.7360116e-10	-1.7343474e-10	-1.7302167e-10
	236.666666666667	-1.7439607e-10	-1.7395231e-10	-1.7377763e-10	-1.7340479e-10	-1.735246e-10	-1.7365329e-10	-1.7371968e-10	-1.7326997e-10	-1.7305439e-10	-1.7314961e-10	-1.7374148e-10	-1.7334763e-10	-1.7308592e-10	-1.7328695e-10	-1.733907e-10	-1.7373836e-10	-1.7397453e-10	-1.7442307e-10	-1.7354328e-10	-1.7323028e-10	-1.7382859e-10	-1.7470285e-10	-1.7311307e-10	-1.7191282e-10	-1.717845e-10	-1.7136255e-10	-1.7235018e-10	-1.7261512e-10	-1.7268381e-10	-1.7340947e-10	-1.7373354e-10	-1.7366804e-10	-1.7416125e-10	-1.731159e-10	-1.7389838e-10	-1.7319073e-10	-1.7218613e-10	-1.7390768e-10	-1.7382072e-10	-1.7413418e-10	-1.7461811e-10	-1.7436218e-10	-1.7407931e-10	-1.7386026e-10	-1.7362356e-10	-1.7378633e-10	-1.7411685e-10	-1.7395735e-10	-1.7359e-10	-1.7336449e-10	-1.7381967e-10
	235.555555555556	-1.7332906e-10	-1.7431996e-10	-1.7450423e-10	-1.7333682e-10	-1.7315495e-10	-1.7391152e-10	-1.7418389e-10	-1.729128e-10	-1.7243781e-10	-1.7271273e-10	-1.7262292e-10	-1.7201694e-10	-1.724105e-10	-1.7156042e-10	-1.7219874e-10	-1.7269647e-10	-1.7318635e-10	-1.7201461e-10	-1.7231508e-10	-1.717404e-10	-1.7297237e-10	-1.7253532e-10	-1.7214334e-10	-1.7238468e-10	-1.7234426e-10	-1.7197224e-10	-1.7248906e-10	-1.7333497e-10	-1.7340235e-10	-1.7334449e-10	-1.733344e-10	-1.7275729e-10	-1.7345951e-10	-1.7350746e-10	-1.7317653e-10	-1.7335225e-10	-1.7314609e-10	-1.7310746e-10	-1.7379899e-10	-1.7418121e-10	-1.7392346e-10	-1.7360213e-10	-1.7256585e-10	-1.7234165e-10	-1.7337105e-10	-1.725575e-10	-1.7294488e-10	-1.7348599e-10	-1.7371425e-10	-1.7366247e-10	-1.7347522e-10
	234.444444444444	-1.7340189e-10	-1.7325588e-10	-1.7421899e-10	-1.7424309e-10	-1.7431133e-10	-1.7329618e-10	-1.738699e-10	-1.7386395e-10	-1.7442571e-10	-1.7427408e-10	-1.7376837e-10	-1.7400274e-10	-1.7424701e-10	-1.7413895e-10	-1.7425122e-10	-1.7410642e-10	-1.7308528e-10	-1.7359769e-10	-1.7405621e-10	-1.7376697e-10	-1.733825e-10	-1.7360158e-10	-1.735371e-10	-1.7277661e-10	-1.7340367e-10	-1.7226012e-10	-1.7080803e-10	-1.7067629e-10	-1.7163217e-10	-1.7276558e-10	-1.7269126e-10	-1.7176575e-10	-1.7212816e-10	-1.7293583e-10	-1.7343797e-10	-1.7342604e-10	-1.737584e-10	-1.732311e-10	-1.7335459e-10	-1.7326911e-10	-1.7353816e-10	-1.7316858e-10	-1.7367456e-10	-1.7367584e-10	-1.7317622e-10	-1.7229704e-10	-1.7239231e-10	-1.7292032e-10	-1.7264834e-10	-1.732009e-10	-1.7327008e-10
	233.333333333333	-1.7275495e-10	-1.7283362e-10	-1.7271078e-10	-1.7303903e-10	-1.7237906e-10	-1.7240998e-10	-1.7239329e-10	-1.7267335e-10	-1.7355789e-10	-1.736532e-10	-1.740668e-10	-1.7406722e-10	-1.7320688e-10	-1.7336137e-10	-1.7317585e-10	-1.7249882e-10	-1.7325186e-10	-1.7277763e-10	-1.7279819e-10	-1.730199e-10	-1.7287814e-10	-1.729195e-10	-1.7289324e-10	-1.7189854e-10	-1.7182356e-10	-1.7232833e-10	-1.7234415e-10	-1.7330326e-10	-1.7277925e-10	-1.7317119e-10	-1.7321358e-10	-1.7345254e-10	-1.7314813e-10	-1.7212948e-10	-1.7270069e-10	-1.7251482e-10	-1.7193409e-10	-1.7266656e-10	-1.7189063e-10	-1.7159907e-10	-1.7198321e-10	-1.7205148e-10	-1.7296974e-10	-1.7299229e-10	-1.7239303e-10	-1.7291396e-10	-1.7271781e-10	-1.7268886e-10	-1.7309319e-10	-1.7310704e-10	-1.7376035e-10
	232.222222222222	-1.7382031e-10	-1.7352011e-10	-1.7354697e-10	-1.7381303e-10	-1.7377538e-10	-1.7408988e-10	-1.7299633e-10	-1.7270069e-10	-1.7233932e-10	-1.7316255e-10	-1.725636e-10	-1.7293994e-10	-1.7345586e-10	-1.7318372e-10	-1.7182537e-10	-1.718363e-10	-1.7248467e-10	-1.7240083e-10	-1.7283694e-10	-1.7311187e-10	-1.7247445e-10	-1.7221573e-10	-1.7227206e-10	-1.7248346e-10	-1.7241499e-10	-1.7158799e-10	-1.7103972e-10	-1.7170418e-10	-1.7155699e-10	-1.724583e-10	-1.7350968e-10	-1.7331098e-10	-1.7371075e-10	-1.7202764e-10	-1.7211645e-10	-1.7185643e-10	-1.7188148e-10	-1.7196448e-10	-1.7204663e-10	-1.7216563e-10	-1.7135864e-10	-1.7228562e-10	-1.7157127e-10	-1.7169871e-10	-1.7125777e-10	-1.7112974e-10	-1.7195462e-10	-1.7209344e-10	-1.7248594e-10	-1.7265074e-10	-1.722959e-10
	231.111111111111	-1.7259982e-10	-1.7272049e-10	-1.7289871e-10	-1.7241834e-10	-1.7314598e-10	-1.7305544e-10	-1.7167137e-10	-1.7132618e-10	-1.7099173e-10	-1.7114619e-10	-1.7117881e-10	-1.7134624e-10	-1.7183219e-10	-1.7236923e-10	-1.7167985e-10	-1.7201197e-10	-1.7283611e-10	-1.7213411e-10	-1.7221384e-10	-1.724734e-10	-1.7326812e-10	-1.730127e-10	-1.7203951e-10	-1.7216571e-10	-1.7150838e-10	-1.7096079e-10	-1.7041481e-10	-1.6980801e-10	-1.7089601e-10	-1.7157956e-10	-1.7071135e-10	-1.7143878e-10	-1.7148853e-10	-1.7178578e-10	-1.7190536e-10	-1.7220202e-10	-1.709998e-10	-1.7062632e-10	-1.7140368e-10	-1.7232385e-10	-1.7194521e-10	-1.716908e-10	-1.7256178e-10	-1.724479e-10	-1.7273688e-10	-1.7185775e-10	-1.7155033e-10	-1.7163443e-10	-1.7215411e-10	-1.7287151e-10	-1.7257204e-10
	230	-1.7251256e-10	-1.7316704e-10	-1.7293704e-10	-1.7264164e-10	-1.7270919e-10	-1.7235315e-10	-1.7213411e-10	-1.7230502e-10	-1.7260585e-10	-1.7253174e-10	-1.7162061e-10	-1.7252139e-10	-1.7269432e-10	-1.7323883e-10	-1.7203232e-10	-1.7202859e-10	-1.719153e-10	-1.7221483e-10	-1.7171405e-10	-1.7006915e-10	-1.7092594e-10	-1.7094998e-10	-1.7020613e-10	-1.703242e-10	-1.7081428e-10	-1.701887e-10	-1.7138936e-10	-1.7161469e-10	-1.7123786e-10	-1.7064432e-10	-1.7149014e-10	-1.7122724e-10	-1.7157903e-10	-1.7067513e-10	-1.7124636e-10	-1.7096846e-10	-1.7068699e-10	-1.7178033e-10	-1.7137498e-10	-1.7164757e-10	-1.719121e-10	-1.7206707e-10	-1.7217734e-10	-1.7238538e-10	-1.7260419e-10	-1.7291291e-10	-1.7199492e-10	-1.7172613e-10	-1.710857e-10	-1.6999881e-10	-1.6914277e-10
	228.888888888889	-1.7080069e-10	-1.7053559e-10	-1.7007548e-10	-1.7005194e-10	-1.701209e-10	-1.6992292e-10	-1.7015525e-10	-1.7042069e-10	-1.6971578e-10	-1.6996846e-10	-1.7015035e-10	-1.69536e-10	-1.7111568e-10	-1.7076962e-10	-1.7110495e-10	-1.7104684e-10	-1.7084983e-10	-1.7096817e-10	-1.6996556e-10	-1.7038419e-10	-1.7061584e-10	-1.7124784e-10	-1.7126452e-10	-1.7122859e-10	-1.7108634e-10	-1.7024462e-10	-1.7090541e-10	-1.7096767e-10	-1.7163714e-10	-1.7209509e-10	-1.7154249e-10	-1.7131763e-10	-1.7137083e-10	-1.7151978e-10	-1.7173343e-10	-1.7185331e-10	-1.7141553e-10	-1.7100538e-10	-1.7035139e-10	-1.7073833e-10	-1.7044478e-10	-1.710717e-10	-1.713943e-10	-1.7134319e-10	-1.7059702e-10	-1.7128196e-10	-1.7122107e-10	-1.713758e-10	-1.7133178e-10	-1.7122279e-10	-1.7195628e-10
	227.777777777778	-1.7122513e-10	-1.7090286e-10	-1.7136872e-10	-1.7166155e-10	-1.7212101e-10	-1.7171732e-10	-1.7194776e-10	-1.71566e-10	-1.7092952e-10	-1.7095672e-10	-1.7082279e-10	-1.714521e-10	-1.7205733e-10	-1.7145931e-10	-1.7179369e-10	-1.7182797e-10	-1.7178459e-10	-1.7272286e-10	-1.7422377e-10	-1.7131555e-10	-1.7094941e-10	-1.7078912e-10	-1.70768e-10	-1.7061129e-10	-1.7082129e-10	-1.7015796e-10	-1.7023427e-10	-1.7026706e-10	-1.6982821e-10	-1.7028469e-10	-1.7042159e-10	-1.7020832e-10	-1.7035591e-10	-1.6991866e-10	-1.7099437e-10	-1.712559e-10	-1.7070394e-10	-1.7073147e-10	-1.7048504e-10	-1.6865789e-10	-1.6968502e-10	-1.6982915e-10	-1.6984361e-10	-1.6972934e-10	-1.6985788e-10	-1.6997639e-10	-1.6973921e-10	-1.7003685e-10	-1.7038529e-10	-1.7084384e-10	-1.7117444e-10
	226.666666666667	-1.7088109e-10	-1.7118962e-10	-1.7119677e-10	-1.7058956e-10	-1.7018191e-10	-1.7134519e-10	-1.7187959e-10	-1.7243228e-10	-1.7235099e-10	-1.725195e-10	-1.7176101e-10	-1.7114306e-10	-1.7083214e-10	-1.7050332e-10	-1.7078999e-10	-1.7021826e-10	-1.7033414e-10	-1.7121538e-10	-1.7118615e-10	-1.7101019e-10	-1.707845e-10	-1.7074635e-10	-1.709531e-10	-1.7026205e-10	-1.7031132e-10	-1.7001975e-10	-1.7021404e-10	-1.6973541e-10	-1.6992413e-10	-1.7067003e-10	-1.6993501e-10	-1.7019995e-10	-1.7050016e-10	-1.7069821e-10	-1.6981216e-10	-1.6939683e-10	-1.6957151e-10	-1.7171961e-10	-1.7081744e-10	-1.7057261e-10	-1.6973895e-10	-1.701594e-10	-1.7006449e-10	-1.713009e-10	-1.7104661e-10	-1.7066085e-10	-1.7051842e-10	-1.7052881e-10	-1.6959674e-10	-1.6968717e-10	-1.6995692e-10
	225.555555555556	-1.7056681e-10	-1.7023803e-10	-1.7019533e-10	-1.7032033e-10	-1.702824e-10	-1.7004698e-10	-1.7057672e-10	-1.7050798e-10	-1.7082766e-10	-1.7060368e-10	-1.7102944e-10	-1.7132697e-10	-1.6979126e-10	-1.691801e-10	-1.6961957e-10	-1.7047752e-10	-1.7105478e-10	-1.7044972e-10	-1.7043821e-10	-1.7033143e-10	-1.706757e-10	-1.7154464e-10	-1.7117169e-10	-1.7165959e-10	-1.7063946e-10	-1.7058417e-10	-1.6925451e-10	-1.6931466e-10	-1.6939085e-10	-1.7023871e-10	-1.7110077e-10	-1.7004238e-10	-1.709064e-10	-1.7102955e-10	-1.7160426e-10	-1.7084197e-10	-1.7092647e-10	-1.7153715e-10	-1.7201435e-10	-1.7140526e-10	-1.7170108e-10	-1.7135468e-10	-1.7123307e-10	-1.7188102e-10	-1.715704e-10	-1.7124584e-10	-1.7072864e-10	-1.711358e-10	-1.707874e-10	-1.712316e-10	-1.7118114e-10
	224.444444444444	-1.7162327e-10	-1.7190882e-10	-1.7177802e-10	-1.7218868e-10	-1.7080731e-10	-1.7055167e-10	-1.7056138e-10	-1.6883291e-10	-1.672989e-10	-1.6987181e-10	-1.7012253e-10	-1.6979212e-10	-1.689623e-10	-1.7011013e-10	-1.6961821e-10	-1.6999226e-10	-1.6957923e-10	-1.7027227e-10	-1.701583e-10	-1.7093374e-10	-1.7157538e-10	-1.7105294e-10	-1.7099186e-10	-1.709084e-10	-1.7035459e-10	-1.6993727e-10	-1.6966796e-10	-1.7051793e-10	-1.7036099e-10	-1.7092297e-10	-1.7090915e-10	-1.7050554e-10	-1.7096542e-10	-1.7062801e-10	-1.7141245e-10	-1.7128222e-10	-1.7091321e-10	-1.7122279e-10	-1.709476e-10	-1.7068526e-10	-1.7089985e-10	-1.7083669e-10	-1.7085225e-10	-1.7026842e-10	-1.705542e-10	-1.710094e-10	-1.7160237e-10	-1.7048309e-10	-1.6971861e-10	-1.7033226e-10	-1.7006159e-10
	223.333333333333	-1.7051559e-10	-1.7042245e-10	-1.7062553e-10	-1.7003252e-10	-1.7070668e-10	-1.7051653e-10	-1.7077244e-10	-1.7054703e-10	-1.704408e-10	-1.7089928e-10	-1.7130693e-10	-1.700495e-10	-1.7007021e-10	-1.7053842e-10	-1.703689e-10	-1.7077063e-10	-1.7097382e-10	-1.7136365e-10	-1.7089796e-10	-1.7097464e-10	-1.711199e-10	-1.7061445e-10	-1.7065324e-10	-1.7047416e-10	-1.7073425e-10	-1.7033874e-10	-1.7082268e-10	-1.7011668e-10	-1.7020221e-10	-1.6973699e-10	-1.703187e-10	-1.7021992e-10	-1.706924e-10	-1.7081801e-10	-1.6991482e-10	-1.696054e-10	-1.7073071e-10	-1.7062914e-10	-1.7109041e-10	-1.7032736e-10	-1.703109e-10	-1.7081779e-10	-1.7023746e-10	-1.7061125e-10	-1.7067196e-10	-1.7163575e-10	-1.7052723e-10	-1.7025875e-10	-1.7023125e-10	-1.7001414e-10	-1.6996744e-10
	222.222222222222	-1.696388e-10	-1.6977597e-10	-1.7037639e-10	-1.6932761e-10	-1.697649e-10	-1.7041195e-10	-1.6925049e-10	-1.6856652e-10	-1.6914301e-10	-1.6912172e-10	-1.6856815e-10	-1.6969842e-10	-1.6925418e-10	-1.6914775e-10	-1.6928844e-10	-1.6884201e-10	-1.6867713e-10	-1.6935002e-10	-1.6824772e-10	-1.6888438e-10	-1.6847226e-10	-1.6932668e-10	-1.6936723e-10	-1.675925e-10	-1.6818219e-10	-1.684039e-10	-1.6864027e-10	-1.6966009e-10	-1.6956707e-10	-1.6913147e-10	-1.7172458e-10	-1.689318e-10	-1.6882935e-10	-1.687725e-10	-1.6857164e-10	-1.6815729e-10	-1.6913099e-10	-1.6813632e-10	-1.6820761e-10	-1.6707356e-10	-1.6731905e-10	-1.6715733e-10	-1.6632144e-10	-1.6709485e-10	-1.6662724e-10	-1.6609789e-10	-1.6727299e-10	-1.6699715e-10	-1.6640647e-10	-1.6726308e-10	-1.6588766e-10
	221.111111111111	-1.6732457e-10	-1.6658988e-10	-1.6667918e-10	-1.669917e-10	-1.6677924e-10	-1.6741086e-10	-1.6714395e-10	-1.6718124e-10	-1.6729343e-10	-1.673118e-10	-1.6673617e-10	-1.668081e-10	-1.668775e-10	-1.6609886e-10	-1.6594509e-10	-1.6737364e-10	-1.678406e-10	-1.6833751e-10	-1.6790373e-10	-1.6770864e-10	-1.6723931e-10	-1.6799551e-10	-1.6773573e-10	-1.6804616e-10	-1.6713349e-10	-1.6588118e-10	-1.6615219e-10	-1.6528121e-10	-1.6677364e-10	-1.6717164e-10	-1.6697166e-10	-1.6730835e-10	-1.6716474e-10	-1.6728206e-10	-1.6748453e-10	-1.6745134e-10	-1.6711443e-10	-1.6685683e-10	-1.6689004e-10	-1.6642614e-10	-1.6737429e-10	-1.6716656e-10	-1.6731362e-10	-1.6754613e-10	-1.6679159e-10	-1.6681231e-10	-1.6786836e-10	-1.6792716e-10	-1.6787943e-10	-1.6784113e-10	-1.6714102e-10
	220	-1.680746e-10	-1.6781643e-10	-1.6735983e-10	-1.6763528e-10	-1.6796621e-10	-1.6720753e-10	-1.6734507e-10	-1.6746132e-10	-1.6722541e-10	-1.6784298e-10	-1.6774876e-10	-1.6730815e-10	-1.6780204e-10	-1.6702958e-10	-1.6749906e-10	-1.6809339e-10	-1.6769407e-10	-1.6681589e-10	-1.6678109e-10	-1.667002e-10	-1.6716641e-10	-1.6810962e-10	-1.6781206e-10	-1.6782931e-10	-1.6620522e-10	-1.65725e-10	-1.6553164e-10	-1.6564822e-10	-1.6517199e-10	-1.6575212e-10	-1.6557895e-10	-1.6606244e-10	-1.6557203e-10	-1.6507057e-10	-1.6592494e-10	-1.6429817e-10	-1.6568885e-10	-1.6489202e-10	-1.6523431e-10	-1.6526969e-10	-1.6508329e-10	-1.6528064e-10	-1.6586024e-10	-1.6625346e-10	-1.6585049e-10	-1.6624528e-10	-1.6550608e-10	-1.654242e-10	-1.6430296e-10	-1.6552924e-10	-1.6544296e-10
	218.888888888889	-1.6565717e-10	-1.6517018e-10	-1.6527266e-10	-1.652974e-10	-1.6543068e-10	-1.6569209e-10	-1.6494549e-10	-1.6513267e-10	-1.6504903e-10	-1.6539987e-10	-1.6585738e-10	-1.6588747e-10	-1.6553364e-10	-1.6547666e-10	-1.6617968e-10	-1.6611543e-10	-1.6646798e-10	-1.6633474e-10	-1.6613397e-10	-1.6592118e-10	-1.6590265e-10	-1.6501787e-10	-1.6577623e-10	-1.6589222e-10	-1.652193e-10	-1.6520291e-10	-1.6422783e-10	-1.6540794e-10	-1.6532715e-10	-1.6530707e-10	-1.6433241e-10	-1.6427938e-10	-1.6424224e-10	-1.6476381e-10	-1.6512008e-10	-1.6588886e-10	-1.6574955e-10	-1.6560855e-10	-1.6539904e-10	-1.6517236e-10	-1.6511184e-10	-1.6457453e-10	-1.6552076e-10	-1.6513162e-10	-1.6555812e-10	-1.6438036e-10	-1.6428699e-10	-1.641452e-10	-1.6433727e-10	-1.6504985e-10	-1.6465261e-10
	217.777777777778	-1.6498579e-10	-1.6500251e-10	-1.6453604e-10	-1.649722e-10	-1.6459317e-10	-1.642587e-10	-1.6464734e-10	-1.6442694e-10	-1.6392265e-10	-1.6432876e-10	-1.6449206e-10	-1.6394605e-10	-1.6451074e-10	-1.6566817e-10	-1.644356e-10	-1.6411777e-10	-1.6470432e-10	-1.6416146e-10	-1.6439772e-10	-1.646013e-10	-1.6463061e-10	-1.6479884e-10	-1.6453461e-10	-1.644028e-10	-1.6464202e-10	-1.6436777e-10	-1.6478238e-10	-1.6454388e-10	-1.6384569e-10	-1.637484e-10	-1.6313746e-10	-1.6377717e-10	-1.6312349e-10	-1.6470458e-10	-1.6413526e-10	-1.6437252e-10	-1.6383174e-10	-1.6353054e-10	-1.6453683e-10	-1.6434959e-10	-1.6440777e-10	-1.6364622e-10	-1.6350797e-10	-1.6430179e-10	-1.6451845e-10	-1.6468771e-10	-1.6439022e-10	-1.6484042e-10	-1.6478392e-10	-1.6441583e-10	-1.6451751e-10
	216.666666666667	-1.6425389e-10	-1.6321459e-10	-1.6273619e-10	-1.637751e-10	-1.6309092e-10	-1.6304402e-10	-1.6343688e-10	-1.6335477e-10	-1.6367162e-10	-1.6394647e-10	-1.6350944e-10	-1.632796e-10	-1.6346285e-10	-1.6393208e-10	-1.639088e-10	-1.635352e-10	-1.6277818e-10	-1.6302158e-10	-1.6317923e-10	-1.6241976e-10	-1.6286823e-10	-1.6282402e-10	-1.6244578e-10	-1.6214789e-10	-1.6112339e-10	-1.5969318e-10	-1.6057919e-10	-1.6129426e-10	-1.6200213e-10	-1.6239347e-10	-1.6222607e-10	-1.6343202e-10	-1.6241079e-10	-1.619546e-10	-1.6195442e-10	-1.6248386e-10	-1.6155198e-10	-1.6167603e-10	-1.6249678e-10	-1.6182611e-10	-1.6266595e-10	-1.6245708e-10	-1.6254122e-10	-1.6205975e-10	-1.6260306e-10	-1.630542e-10	-1.6213188e-10	-1.6207155e-10	-1.6260301e-10	-1.6231104e-10	-1.621808e-10
	215.555555555556	-1.6214408e-10	-1.6111067e-10	-1.6107662e-10	-1.6093388e-10	-1.6093203e-10	-1.6120354e-10	-1.6166857e-10	-1.613564e-10	-1.610956e-10	-1.6103369e-10	-1.6266859e-10	-1.6312759e-10	-1.6297598e-10	-1.6290731e-10	-1.6274707e-10	-1.6226705e-10	-1.6260919e-10	-1.6214796e-10	-1.6315264e-10	-1.629666e-10	-1.6333827e-10	-1.6272918e-10	-1.6254709e-10	-1.6303665e-10	-1.6282235e-10	-1.6272052e-10	-1.6210461e-10	-1.6225461e-10	-1.6169599e-10	-1.6290799e-10	-1.6298377e-10	-1.6319414e-10	-1.6208672e-10	-1.622376e-10	-1.6200503e-10	-1.6251157e-10	-1.6224762e-10	-1.6230418e-10	-1.6224878e-10	-1.6194135e-10	-1.6208104e-10	-1.6205678e-10	-1.6136702e-10	-1.6143767e-10	-1.6130981e-10	-1.6124888e-10	-1.6180995e-10	-1.6185386e-10	-1.6174431e-10	-1.6187685e-10	-1.6189408e-10
	214.444444444444	-1.6164975e-10	-1.6212089e-10	-1.6168153e-10	-1.6176559e-10	-1.619696e-10	-1.6232779e-10	-1.6249203e-10	-1.6308734e-10	-1.6181677e-10	-1.6217157e-10	-1.6195446e-10	-1.6195732e-10	-1.6256416e-10	-1.6226889e-10	-1.6305932e-10	-1.6311438e-10	-1.6229713e-10	-1.6107891e-10	-1.6095181e-10	-1.6150388e-10	-1.6139561e-10	-1.6142732e-10	-1.6113691e-10	-1.6016286e-10	-1.6045984e-10	-1.5986665e-10	-1.6013743e-10	-1.6092989e-10	-1.6098473e-10	-1.6007669e-10	-1.5940733e-10	-1.5881478e-10	-1.5974636e-10	-1.5990484e-10	-1.594723e-10	-1.5941788e-10	-1.5948959e-10	-1.5947889e-10	-1.602779e-10	-1.6063087e-10	-1.6012561e-10	-1.5986563e-10	-1.595396e-10	-1.5880228e-10	-1.5945023e-10	-1.6006999e-10	-1.5957786e-10	-1.5981542e-10	-1.6004094e-10	-1.6027549e-10	-1.5985854e-10
	213.333333333333	-1.6014497e-10	-1.6076994e-10	-1.5948025e-10	-1.5971695e-10	-1.6045378e-10	-1.6041193e-10	-1.600023e-10	-1.6009932e-10	-1.6035877e-10	-1.6036369e-10	-1.6095866e-10	-1.6073153e-10	-1.6034216e-10	-1.5920573e-10	-1.5934998e-10	-1.5953075e-10	-1.5911565e-10	-1.6003522e-10	-1.5977193e-10	-1.592899e-10	-1.5968542e-10	-1.6036328e-10	-1.6036317e-10	-1.6142099e-10	-1.6074057e-10	-1.602405e-10	-1.6016029e-10	-1.5914491e-10	-1.6002949e-10	-1.6092229e-10	-1.6088052e-10	-1.6105071e-10	-1.5985355e-10	-1.6000604e-10	-1.6035273e-10	-1.6070784e-10	-1.6009755e-10	-1.6015046e-10	-1.6001947e-10	-1.5976059e-10	-1.5939103e-10	-1.5973163e-10	-1.5972169e-10	-1.5965118e-10	-1.5999112e-10	-1.5949192e-10	-1.587758e-10	-1.5860289e-10	-1.5852611e-10	-1.5888434e-10	-1.5895438e-10
	212.222222222222	-1.5844803e-10	-1.5857585e-10	-1.585878e-10	-1.5856286e-10	-1.590772e-10	-1.5962803e-10	-1.5940059e-10	-1.5964279e-10	-1.5976789e-10	-1.5879791e-10	-1.5851673e-10	-1.5869576e-10	-1.5859905e-10	-1.5793415e-10	-1.5814242e-10	-1.5774257e-10	-1.5809312e-10	-1.5905151e-10	-1.5956811e-10	-1.594041e-10	-1.5986001e-10	-1.6012104e-10	-1.5903513e-10	-1.58942e-10	-1.5951693e-10	-1.5882518e-10	-1.5927443e-10	-1.5962136e-10	-1.5980033e-10	-1.5860538e-10	-1.5859204e-10	-1.5859061e-10	-1.5693798e-10	-1.5688517e-10	-1.5771892e-10	-1.5731334e-10	-1.5764375e-10	-1.582125e-10	-1.5823047e-10	-1.5854365e-10	-1.5852772e-10	-1.5826089e-10	-1.5769662e-10	-1.5714501e-10	-1.5797459e-10	-1.5872371e-10	-1.5738456e-10	-1.57235e-10	-1.5797053e-10	-1.575514e-10	-1.5725388e-10
	211.111111111111	-1.572608e-10	-1.5761091e-10	-1.5787834e-10	-1.5782614e-10	-1.561483e-10	-1.5683964e-10	-1.5771842e-10	-1.5815767e-10	-1.5803195e-10	-1.5797441e-10	-1.5723388e-10	-1.5767319e-10	-1.5759746e-10	-1.5786324e-10	-1.5763742e-10	-1.5802439e-10	-1.5777311e-10	-1.5706172e-10	-1.5805537e-10	-1.5785634e-10	-1.5711699e-10	-1.5753679e-10	-1.5720922e-10	-1.5669348e-10	-1.566513e-10	-1.5683008e-10	-1.5714224e-10	-1.5755505e-10	-1.5770563e-10	-1.5754119e-10	-1.5758002e-10	-1.5803045e-10	-1.5755754e-10	-1.5729847e-10	-1.5781502e-10	-1.5772622e-10	-1.5692615e-10	-1.5705717e-10	-1.5744434e-10	-1.5743935e-10	-1.573037e-10	-1.5739834e-10	-1.5745789e-10	-1.5649602e-10	-1.5644552e-10	-1.5688811e-10	-1.5675901e-10	-1.5717883e-10	-1.5644258e-10	-1.5568349e-10	-1.551745e-10
	210	-1.5586912e-10	-1.5520482e-10	-1.5610251e-10	-1.5648424e-10	-1.5603799e-10	-1.5547198e-10	-1.557024e-10	-1.5508204e-10	-1.5572424e-10	-1.5570771e-10	-1.5541154e-10	-1.560039e-10	-1.5544449e-10	-1.5544649e-10	-1.5576303e-10	-1.5629796e-10	-1.5664833e-10	-1.5586837e-10	-1.5599916e-10	-1.5504352e-10	-1.5548152e-10	-1.5545458e-10	-1.5518889e-10	-1.5501878e-10	-1.5505323e-10	-1.5456673e-10	-1.5490327e-10	-1.5544682e-10	-1.5580306e-10	-1.5454839e-10	-1.5477698e-10	-1.5492145e-10	-1.546344e-10	-1.5450542e-10	-1.5422214e-10	-1.5493132e-10	-1.5414568e-10	-1.5428175e-10	-1.5455083e-10	-1.5367187e-10	-1.5369495e-10	-1.5349109e-10	-1.5396762e-10	-1.5450402e-10	-1.5390202e-10	-1.5365363e-10	-1.5317891e-10	-1.5367281e-10	-1.5417766e-10	-1.533272e-10	-1.5339073e-10
	208.888888888889	-1.5376089e-10	-1.5277361e-10	-1.524858e-10	-1.5222132e-10	-1.5250896e-10	-1.5281289e-10	-1.5263209e-10	-1.5210133e-10	-1.5280106e-10	-1.5286374e-10	-1.5283534e-10	-1.5258636e-10	-1.5222881e-10	-1.5277236e-10	-1.5302778e-10	-1.5279787e-10	-1.5334142e-10	-1.5272021e-10	-1.5267863e-10	-1.5198849e-10	-1.5320886e-10	-1.5264956e-10	-1.5276999e-10	-1.5309498e-10	-1.5267303e-10	-1.5197196e-10	-1.5207138e-10	-1.5229894e-10	-1.5263855e-10	-1.5180321e-10	-1.5226519e-10	-1.5141796e-10	-1.5225675e-10	-1.520271e-10	-1.5214227e-10	-1.5058024e-10	-1.5106245e-10	-1.5105857e-10	-1.512015e-10	-1.5117088e-10	-1.4980239e-10	-1.5003077e-10	-1.5111129e-10	-1.5092615e-10	-1.5113223e-10	-1.5183262e-10	-1.5155603e-10	-1.5199018e-10	-1.5123618e-10	-1.5118157e-10	-1.5172803e-10
	207.777777777778	-1.5137759e-10	-1.5132386e-10	-1.5136438e-10	-1.5196447e-10	-1.5129496e-10	-1.5115585e-10	-1.5123415e-10	-1.5113814e-10	-1.5147771e-10	-1.5181872e-10	-1.5060671e-10	-1.507995e-10	-1.5152575e-10	-1.5063518e-10	-1.5083607e-10	-1.5111586e-10	-1.5097552e-10	-1.514498e-10	-1.51949e-10	-1.5189219e-10	-1.515784e-10	-1.5095757e-10	-1.5155693e-10	-1.5099921e-10	-1.5105059e-10	-1.5081272e-10	-1.5065169e-10	-1.510591e-10	-1.5058879e-10	-1.5050999e-10	-1.5153555e-10	-1.5150997e-10	-1.5121938e-10	-1.5059892e-10	-1.5060027e-10	-1.5067669e-10	-1.5076286e-10	-1.509924e-10	-1.5075073e-10	-1.507009e-10	-1.5072237e-10	-1.5009408e-10	-1.5014928e-10	-1.4990931e-10	-1.4942762e-10	-1.4969968e-10	-1.4963397e-10	-1.4935796e-10	-1.4936156e-10	-1.4928146e-10	-1.49113e-10
	206.666666666667	-1.4938804e-10	-1.4917695e-10	-1.4915778e-10	-1.4890678e-10	-1.4892346e-10	-1.4917134e-10	-1.4940679e-10	-1.4931788e-10	-1.4901312e-10	-1.4881552e-10	-1.5079626e-10	-1.4709185e-10	-1.4797275e-10	-1.4897154e-10	-1.4890451e-10	-1.4875429e-10	-1.4793831e-10	-1.4798446e-10	-1.4793455e-10	-1.4783595e-10	-1.4854873e-10	-1.4860782e-10	-1.481667e-10	-1.4777517e-10	-1.4780661e-10	-1.4792284e-10	-1.4844911e-10	-1.4829854e-10	-1.4803703e-10	-1.4785909e-10	-1.4795763e-10	-1.4767766e-10	-1.4856172e-10	-1.4837206e-10	-1.486743e-10	-1.4770445e-10	-1.4786183e-10	-1.4721142e-10	-1.4781593e-10	-1.4783984e-10	-1.4869399e-10	-1.480116e-10	-1.4777758e-10	-1.4791388e-10	-1.4760358e-10	-1.476565e-10	-1.4798103e-10	-1.482813e-10	-1.4750069e-10	-1.4709862e-10	-1.4775198e-10
	205.555555555556	-1.4711829e-10	-1.4740696e-10	-1.4739371e-10	-1.4742922e-10	-1.4777472e-10	-1.4766777e-10	-1.4716758e-10	-1.4698112e-10	-1.4713741e-10	-1.4733254e-10	-1.475529e-10	-1.4711662e-10	-1.4700505e-10	-1.4670744e-10	-1.4699461e-10	-1.4697883e-10	-1.474517e-10	-1.4705705e-10	-1.4648234e-10	-1.4628745e-10	-1.4683696e-10	-1.4640604e-10	-1.4710522e-10	-1.4681734e-10	-1.4673031e-10	-1.4688467e-10	-1.4653737e-10	-1.4642562e-10	-1.4628029e-10	-1.462267e-10	-1.4618053e-10	-1.4522043e-10	-1.4643527e-10	-1.459273e-10	-1.4629603e-10	-1.4575338e-10	-1.4581759e-10	-1.4636982e-10	-1.464277e-10	-1.4641584e-10	-1.4614471e-10	-1.4604996e-10	-1.4600481e-10	-1.4616444e-10	-1.4653304e-10	-1.4612e-10	-1.4567519e-10	-1.4614057e-10	-1.4590128e-10	-1.4549036e-10	-1.4630251e-10
	204.444444444444	-1.459825e-10	-1.4566093e-10	-1.4532266e-10	-1.456225e-10	-1.4581804e-10	-1.4582542e-10	-1.4609895e-10	-1.4573605e-10	-1.4594684e-10	-1.4543333e-10	-1.4546414e-10	-1.4566695e-10	-1.4508787e-10	-1.4514101e-10	-1.456254e-10	-1.4548172e-10	-1.4549427e-10	-1.4557788e-10	-1.4496122e-10	-1.4515589e-10	-1.4566036e-10	-1.4573741e-10	-1.4560676e-10	-1.4480478e-10	-1.4445389e-10	-1.4483961e-10	-1.4466585e-10	-1.4477661e-10	-1.4490439e-10	-1.4410914e-10	-1.4456845e-10	-1.4462412e-10	-1.4488115e-10	-1.4494898e-10	-1.4503937e-10	-1.4420107e-10	-1.4436294e-10	-1.4488453e-10	-1.4471593e-10	-1.4436712e-10	-1.4496329e-10	-1.444987e-10	-1.4448141e-10	-1.4433389e-10	-1.4462702e-10	-1.4493026e-10	-1.4424298e-10	-1.4408864e-10	-1.4438557e-10	-1.4428385e-10	-1.4372774e-10
	203.333333333333	-1.4305361e-10	-1.4408677e-10	-1.4453207e-10	-1.447783e-10	-1.4423455e-10	-1.4434019e-10	-1.4429387e-10	-1.4407919e-10	-1.4415351e-10	-1.440859e-10	-1.4430185e-10	-1.4417674e-10	-1.4451e-10	-1.4386194e-10	-1.4405574e-10	-1.4412187e-10	-1.4406387e-10	-1.4379263e-10	-1.4385666e-10	-1.4448635e-10	-1.4438828e-10	-1.4502441e-10	-1.4465612e-10	-1.4426321e-10	-1.4374063e-10	-1.4386634e-10	-1.4386144e-10	-1.4390976e-10	-1.4411042e-10	-1.4415411e-10	-1.4370048e-10	-1.4368218e-10	-1.4381893e-10	-1.4336179e-10	-1.437462e-10	-1.4382144e-10	-1.4373965e-10	-1.4293909e-10	-1.4287924e-10	-1.4371727e-10	-1.4350934e-10	-1.4212967e-10	-1.4191358e-10	-1.4177438e-10	-1.4213423e-10	-1.4281726e-10	-1.4312385e-10	-1.4299731e-10	-1.4301953e-10	-1.4327638e-10	-1.4336213e-10
	202.222222222222	-1.4271553e-10	-1.4318023e-10	-1.4349233e-10	-1.4349971e-10	-1.4358215e-10	-1.4311982e-10	-1.4332251e-10	-1.4238098e-10	-1.4239722e-10	-1.4276777e-10	-1.4297197e-10	-1.4293294e-10	-1.4256786e-10	-1.4220067e-10	-1.4142715e-10	-1.4185517e-10	-1.4302394e-10	-1.4255028e-10	-1.4289837e-10	-1.4220387e-10	-1.4193652e-10	-1.417423e-10	-1.4212075e-10	-1.4200269e-10	-1.4251257e-10	-1.4193538e-10	-1.4157948e-10	-1.4170426e-10	-1.4188439e-10	-1.4175977e-10	-1.4222454e-10	-1.4246519e-10	-1.4207036e-10	-1.4166396e-10	-1.4223754e-10	-1.4317555e-10	-1.4238836e-10	-1.4231832e-10	-1.4234201e-10	-1.4203794e-10	-1.4210685e-10	-1.4253261e-10	-1.4263961e-10	-1.4270005e-10	-1.4284056e-10	-1.4175047e-10	-1.4229938e-10	-1.421563e-10	-1.4225708e-10	-1.4233142e-10	-1.4232307e-10
	201.111111111111	-1.4194008e-10	-1.4190521e-10	-1.4192619e-10	-1.4249699e-10	-1.4260594e-10	-1.4249683e-10	-1.421049e-10	-1.4199752e-10	-1.4176599e-10	-1.4185257e-10	-1.4130747e-10	-1.4165168e-10	-1.4243925e-10	-1.413365e-10	-1.4136603e-10	-1.414943e-10	-1.4170731e-10	-1.4230112e-10	-1.4185837e-10	-1.4157087e-10	-1.4181076e-10	-1.4153188e-10	-1.4158379e-10	-1.4158458e-10	-1.417777e-10	-1.4151784e-10	-1.4140526e-10	-1.4224077e-10	-1.4175913e-10	-1.4134773e-10	-1.4075757e-10	-1.4124657e-10	-1.4219137e-10	-1.4201658e-10	-1.4203176e-10	-1.4129123e-10	-1.4151452e-10	-1.4181438e-10	-1.4159379e-10	-1.4221181e-10	-1.417783e-10	-1.4185796e-10	-1.4228888e-10	-1.4113949e-10	-1.4178075e-10	-1.4184914e-10	-1.4186123e-10	-1.4213009e-10	-1.4234841e-10	-1.420867e-10	-1.4162976e-10
	200	-1.4223539e-10	-1.4227046e-10	-1.4164264e-10	-1.4185882e-10	-1.4213164e-10	-1.4186168e-10	-1.4099684e-10	-1.414009e-10	-1.4163719e-10	-1.4145998e-10	-1.4123414e-10	-1.4154382e-10	-1.4154153e-10	-1.4209416e-10	-1.4230683e-10	-1.4184873e-10	-1.4244558e-10	-1.4168723e-10	-1.4127209e-10	-1.4099302e-10	-1.4029201e-10	-1.4127262e-10	-1.4155685e-10	-1.4228202e-10	-1.4191998e-10	-1.418462e-10	-1.4159553e-10	-1.4172637e-10	-1.4147354e-10	-1.4163319e-10	-1.4161985e-10	-1.4130659e-10	-1.4153625e-10	-1.4146809e-10	-1.4138757e-10	-1.4142161e-10	-1.4186451e-10	-1.4155076e-10	-1.4181442e-10	-1.4195026e-10	-1.4208798e-10	-1.415941e-10	-1.4114845e-10	-1.4101106e-10	-1.4143152e-10	-1.4109268e-10	-1.4146104e-10	-1.4142014e-10	-1.4057058e-10	-1.4054694e-10	-1.4078944e-10
	198.888888888889	-1.4204073e-10	-1.4099001e-10	-1.4119421e-10	-1.4114646e-10	-1.3983149e-10	-1.3868125e-10	-1.4031637e-10	-1.4113799e-10	-1.4094949e-10	-1.406896e-10	-1.4085097e-10	-1.4100436e-10	-1.4128498e-10	-1.4143257e-10	-1.4142756e-10	-1.4169597e-10	-1.4165417e-10	-1.4154197e-10	-1.4113626e-10	-1.4157964e-10	-1.407799e-10	-1.4118935e-10	-1.417876e-10	-1.4220986e-10	-1.4144549e-10	-1.4160276e-10	-1.4126095e-10	-1.4157983e-10	-1.4158653e-10	-1.4177201e-10	-1.4154788e-10	-1.417038e-10	-1.4166257e-10	-1.4152567e-10	-1.4153516e-10	-1.4187754e-10	-1.419805e-10	-1.4232646e-10	-1.4189259e-10	-1.422157e-10	-1.4189637e-10	-1.416875e-10	-1.4248301e-10	-1.4289284e-10	-1.4236939e-10	-1.4291947e-10	-1.4176188e-10	-1.4163556e-10	-1.4228578e-10	-1.4167376e-10	-1.4204581e-10
	197.777777777778	-1.4205601e-10	-1.4246912e-10	-1.4237003e-10	-1.4196212e-10	-1.4247521e-10	-1.426497e-10	-1.4226563e-10	-1.4237041e-10	-1.4220553e-10	-1.4223324e-10	-1.4270062e-10	-1.4276742e-10	-1.4291859e-10	-1.4287781e-10	-1.4284245e-10	-1.4280882e-10	-1.4241477e-10	-1.4222794e-10	-1.4263482e-10	-1.429479e-10	-1.434117e-10	-1.4322667e-10	-1.4333947e-10	-1.4301423e-10	-1.4289894e-10	-1.4267949e-10	-1.4254496e-10	-1.4285582e-10	-1.4344563e-10	-1.4316806e-10	-1.4318674e-10	-1.4330734e-10	-1.4249894e-10	-1.4335656e-10	-1.4341513e-10	-1.428699e-10	-1.4189855e-10	-1.418375e-10	-1.4167598e-10	-1.4187332e-10	-1.43292e-10	-1.429612e-10	-1.4347414e-10	-1.4289675e-10	-1.4324075e-10	-1.4268582e-10	-1.4193689e-10	-1.4135371e-10	-1.4177588e-10	-1.4172852e-10	-1.4175744e-10
	196.666666666667	-1.423768e-10	-1.4243752e-10	-1.4264187e-10	-1.4343957e-10	-1.434947e-10	-1.4409532e-10	-1.4371268e-10	-1.4370209e-10	-1.4319601e-10	-1.4357333e-10	-1.4300819e-10	-1.4288275e-10	-1.4325088e-10	-1.4299287e-10	-1.4313213e-10	-1.4317933e-10	-1.4276569e-10	-1.4201443e-10	-1.4276604e-10	-1.4218478e-10	-1.426651e-10	-1.4292217e-10	-1.4276663e-10	-1.4334522e-10	-1.4353936e-10	-1.4249171e-10	-1.4206866e-10	-1.4276219e-10	-1.4219649e-10	-1.4160009e-10	-1.4192687e-10	-1.4369494e-10	-1.431739e-10	-1.4352863e-10	-1.4311723e-10	-1.4245807e-10	-1.4341421e-10	-1.4289325e-10	-1.4313213e-10	-1.434239e-10	-1.4333411e-10	-1.4290097e-10	-1.4293039e-10	-1.4310683e-10	-1.4333841e-10	-1.4394468e-10	-1.4318553e-10	-1.4349963e-10	-1.4404128e-10	-1.4357217e-10	-1.4327901e-10
	195.555555555556	-1.4398162e-10	-1.4415817e-10	-1.4427198e-10	-1.4469601e-10	-1.4429462e-10	-1.4450428e-10	-1.4478191e-10	-1.4422419e-10	-1.4454415e-10	-1.4418144e-10	-1.4472745e-10	-1.4460544e-10	-1.445454e-10	-1.4474628e-10	-1.437352e-10	-1.4447508e-10	-1.4396026e-10	-1.4490451e-10	-1.4463467e-10	-1.4429097e-10	-1.4445913e-10	-1.4481487e-10	-1.4539914e-10	-1.4520628e-10	-1.4521351e-10	-1.452601e-10	-1.4445739e-10	-1.4472493e-10	-1.4528363e-10	-1.4554707e-10	-1.4572506e-10	-1.4557103e-10	-1.4582147e-10	-1.45409e-10	-1.4571473e-10	-1.4590508e-10	-1.4560386e-10	-1.4549348e-10	-1.4515637e-10	-1.4517969e-10	-1.446773e-10	-1.4577413e-10	-1.453211e-10	-1.4532525e-10	-1.4575154e-10	-1.4571948e-10	-1.4608965e-10	-1.4578984e-10	-1.4544806e-10	-1.4533462e-10	-1.4562243e-10
	194.444444444444	-1.4527449e-10	-1.4566548e-10	-1.4624986e-10	-1.4555622e-10	-1.4568341e-10	-1.4572381e-10	-1.4621755e-10	-1.4572848e-10	-1.4574389e-10	-1.4609319e-10	-1.4564977e-10	-1.4583917e-10	-1.4589946e-10	-1.4610167e-10	-1.4525003e-10	-1.4629886e-10	-1.4635494e-10	-1.4591886e-10	-1.4558398e-10	-1.4601821e-10	-1.4605078e-10	-1.466383e-10	-1.4656976e-10	-1.465414e-10	-1.4522737e-10	-1.4431767e-10	-1.4442537e-10	-1.4424084e-10	-1.4484733e-10	-1.4485693e-10	-1.4489369e-10	-1.4580551e-10	-1.4616637e-10	-1.456332e-10	-1.4543845e-10	-1.453872e-10	-1.4547476e-10	-1.4607278e-10	-1.4658252e-10	-1.4662169e-10	-1.4641696e-10	-1.4655363e-10	-1.4702443e-10	-1.4688122e-10	-1.4723041e-10	-1.4661498e-10	-1.4693609e-10	-1.4720382e-10	-1.4720103e-10	-1.4714598e-10	-1.4728825e-10
	193.333333333333	-1.4714703e-10	-1.4672082e-10	-1.4705491e-10	-1.4725801e-10	-1.4716499e-10	-1.4684946e-10	-1.4715312e-10	-1.473429e-10	-1.4678028e-10	-1.4704929e-10	-1.4794374e-10	-1.4717376e-10	-1.4819837e-10	-1.4833289e-10	-1.4804619e-10	-1.4748981e-10	-1.4785641e-10	-1.4741687e-10	-1.4792539e-10	-1.4771906e-10	-1.4725425e-10	-1.4729454e-10	-1.4709577e-10	-1.468999e-10	-1.4650366e-10	-1.4683142e-10	-1.4746553e-10	-1.4738109e-10	-1.4750066e-10	-1.4705819e-10	-1.4708337e-10	-1.4784925e-10	-1.4739736e-10	-1.4773517e-10	-1.4685617e-10	-1.4792133e-10	-1.4751952e-10	-1.4762694e-10	-1.4784526e-10	-1.4804125e-10	-1.4761146e-10	-1.4785569e-10	-1.4845217e-10	-1.4725568e-10	-1.4624063e-10	-1.4744744e-10	-1.4878919e-10	-1.4827588e-10	-1.4929913e-10	-1.4963442e-10	-1.4930533e-10
	192.222222222222	-1.484925e-10	-1.4884602e-10	-1.4880204e-10	-1.4903191e-10	-1.4874713e-10	-1.4876411e-10	-1.4835183e-10	-1.4873563e-10	-1.4897916e-10	-1.4892029e-10	-1.5006738e-10	-1.4991484e-10	-1.4970643e-10	-1.5047513e-10	-1.4912258e-10	-1.4958369e-10	-1.4993937e-10	-1.4962565e-10	-1.5031144e-10	-1.4977802e-10	-1.4989922e-10	-1.4989122e-10	-1.4908894e-10	-1.4972533e-10	-1.5046529e-10	-1.4996565e-10	-1.4979651e-10	-1.4993315e-10	-1.493711e-10	-1.4968753e-10	-1.5024509e-10	-1.4998018e-10	-1.499742e-10	-1.5032946e-10	-1.5046059e-10	-1.502509e-10	-1.498193e-10	-1.4950716e-10	-1.5006116e-10	-1.4927283e-10	-1.5011603e-10	-1.5033555e-10	-1.4971478e-10	-1.501524e-10	-1.5084063e-10	-1.5121893e-10	-1.5056563e-10	-1.5097651e-10	-1.5121031e-10	-1.5147283e-10	-1.5041585e-10
	191.111111111111	-1.5045377e-10	-1.5074082e-10	-1.5136102e-10	-1.5143262e-10	-1.5083129e-10	-1.5094201e-10	-1.5109729e-10	-1.5109507e-10	-1.5156232e-10	-1.5098615e-10	-1.5200793e-10	-1.5155573e-10	-1.5098998e-10	-1.5163068e-10	-1.5165595e-10	-1.5202506e-10	-1.5174678e-10	-1.5192021e-10	-1.5128024e-10	-1.5122668e-10	-1.5102701e-10	-1.5133757e-10	-1.5149973e-10	-1.5109401e-10	-1.5052438e-10	-1.509684e-10	-1.506705e-10	-1.5113163e-10	-1.5040499e-10	-1.5086066e-10	-1.5105567e-10	-1.5135247e-10	-1.5123501e-10	-1.5095256e-10	-1.5090024e-10	-1.513181e-10	-1.5147393e-10	-1.5161335e-10	-1.5151085e-10	-1.512976e-10	-1.5075069e-10	-1.4981892e-10	-1.505039e-10	-1.5010439e-10	-1.5163802e-10	-1.5174106e-10	-1.5200247e-10	-1.5135063e-10	-1.5131771e-10	-1.5135097e-10	-1.5210889e-10
	190	-1.5229452e-10	-1.5238752e-10	-1.5179741e-10	-1.5206747e-10	-1.5196058e-10	-1.5170204e-10	-1.5233144e-10	-1.5262033e-10	-1.534798e-10	-1.523697e-10	-1.5181457e-10	-1.5114685e-10	-1.5079739e-10	-1.5134878e-10	-1.5117317e-10	-1.5103296e-10	-1.5246879e-10	-1.5164993e-10	-1.5081246e-10	-1.5120917e-10	-1.5139232e-10	-1.5111834e-10	-1.5202394e-10	-1.5149408e-10	-1.5105481e-10	-1.5144934e-10	-1.5019919e-10	-1.5106606e-10	-1.5132667e-10	-1.5219574e-10	-1.5228138e-10	-1.5236172e-10	-1.5121121e-10	-1.5222963e-10	-1.5224424e-10	-1.5208509e-10	-1.5220158e-10	-1.52379e-10	-1.5207369e-10	-1.5213104e-10	-1.5298166e-10	-1.5195109e-10	-1.5195807e-10	-1.5256335e-10	-1.5263396e-10	-1.525461e-10	-1.5395911e-10	-1.5395327e-10	-1.5441989e-10	-1.5400302e-10	-1.5389237e-10
	188.888888888889	-1.5406675e-10	-1.541572e-10	-1.5338406e-10	-1.544815e-10	-1.5458718e-10	-1.5485581e-10	-1.5441359e-10	-1.5446414e-10	-1.542535e-10	-1.5396238e-10	-1.5391727e-10	-1.536527e-10	-1.5461768e-10	-1.555116e-10	-1.5505067e-10	-1.5465222e-10	-1.5469712e-10	-1.5426387e-10	-1.5440667e-10	-1.5475975e-10	-1.5492395e-10	-1.5528993e-10	-1.5469462e-10	-1.5428965e-10	-1.5480964e-10	-1.5509002e-10	-1.5450892e-10	-1.5467097e-10	-1.5527807e-10	-1.5519359e-10	-1.5254757e-10	-1.5502168e-10	-1.5556441e-10	-1.5479559e-10	-1.5533694e-10	-1.5536665e-10	-1.5544566e-10	-1.5504016e-10	-1.5501339e-10	-1.5557089e-10	-1.5596256e-10	-1.5656777e-10	-1.5677942e-10	-1.5672391e-10	-1.5613195e-10	-1.5404587e-10	-1.5579527e-10	-1.5497001e-10	-1.5463783e-10	-1.5554644e-10	-1.5534601e-10
	187.777777777778	-1.5582841e-10	-1.5554057e-10	-1.557213e-10	-1.5493039e-10	-1.5501546e-10	-1.5385866e-10	-1.5544577e-10	-1.559249e-10	-1.563258e-10	-1.5531874e-10	-1.5530394e-10	-1.5507158e-10	-1.5499656e-10	-1.5605849e-10	-1.5553892e-10	-1.5596753e-10	-1.5549349e-10	-1.558655e-10	-1.5563645e-10	-1.5672237e-10	-1.5621601e-10	-1.548789e-10	-1.54646e-10	-1.5602247e-10	-1.553436e-10	-1.5506453e-10	-1.5453555e-10	-1.5501911e-10	-1.5587172e-10	-1.5536861e-10	-1.5491683e-10	-1.5471519e-10	-1.552264e-10	-1.55904e-10	-1.5591635e-10	-1.5538894e-10	-1.5517254e-10	-1.5749069e-10	-1.5590479e-10	-1.5563287e-10	-1.5618672e-10	-1.5580438e-10	-1.5522542e-10	-1.5602229e-10	-1.5611407e-10	-1.5679388e-10	-1.5603464e-10	-1.5703649e-10	-1.5697993e-10	-1.5685847e-10	-1.5690932e-10
	186.666666666667	-1.5650152e-10	-1.5773571e-10	-1.5707458e-10	-1.5706783e-10	-1.5702561e-10	-1.5869946e-10	-1.5652446e-10	-1.5601931e-10	-1.5687535e-10	-1.5741698e-10	-1.5632595e-10	-1.569832e-10	-1.5631382e-10	-1.5676037e-10	-1.5702535e-10	-1.5695725e-10	-1.5771161e-10	-1.5779762e-10	-1.5742113e-10	-1.578635e-10	-1.5826443e-10	-1.5805832e-10	-1.5750037e-10	-1.5792594e-10	-1.5784071e-10	-1.5766302e-10	-1.5700072e-10	-1.577249e-10	-1.5746225e-10	-1.5740237e-10	-1.5851846e-10	-1.5830455e-10	-1.585037e-10	-1.5855484e-10	-1.5672233e-10	-1.5748602e-10	-1.5783379e-10	-1.5851756e-10	-1.5834684e-10	-1.5778404e-10	-1.5784662e-10	-1.5829671e-10	-1.5799079e-10	-1.5819435e-10	-1.5804043e-10	-1.581945e-10	-1.585362e-10	-1.5674489e-10	-1.5703849e-10	-1.5796255e-10	-1.5821509e-10
	185.555555555556	-1.5862937e-10	-1.5858692e-10	-1.5893785e-10	-1.5886757e-10	-1.5754723e-10	-1.5800536e-10	-1.5726159e-10	-1.5803192e-10	-1.5873666e-10	-1.5781759e-10	-1.581284e-10	-1.5756461e-10	-1.5713464e-10	-1.568468e-10	-1.5734343e-10	-1.5855454e-10	-1.5856821e-10	-1.5959764e-10	-1.5886908e-10	-1.5825005e-10	-1.5823728e-10	-1.5832383e-10	-1.5794586e-10	-1.5777379e-10	-1.5831976e-10	-1.5826232e-10	-1.5822274e-10	-1.5846761e-10	-1.5874571e-10	-1.5793547e-10	-1.5823254e-10	-1.5870646e-10	-1.5888008e-10	-1.5897558e-10	-1.5989761e-10	-1.5882826e-10	-1.5902654e-10	-1.593778e-10	-1.5904951e-10	-1.5906752e-10	-1.5904925e-10	-1.583137e-10	-1.593195e-10	-1.5901867e-10	-1.5924788e-10	-1.5865972e-10	-1.5865942e-10	-1.5751905e-10	-1.5850535e-10	-1.5926961e-10	-1.5868225e-10
	184.444444444444	-1.5946737e-10	-1.5977332e-10	-1.5945358e-10	-1.5950379e-10	-1.5946515e-10	-1.5971396e-10	-1.5967883e-10	-1.5992901e-10	-1.5925168e-10	-1.589322e-10	-1.5932987e-10	-1.5821039e-10	-1.5882773e-10	-1.5974198e-10	-1.5993198e-10	-1.603039e-10	-1.597969e-10	-1.5935653e-10	-1.5986849e-10	-1.597267e-10	-1.598694e-10	-1.6061863e-10	-1.5990766e-10	-1.6000543e-10	-1.599695e-10	-1.5902507e-10	-1.5994442e-10	-1.5989836e-10	-1.5910623e-10	-1.5951994e-10	-1.6026133e-10	-1.5955018e-10	-1.5928742e-10	-1.5998193e-10	-1.5997624e-10	-1.5958358e-10	-1.5963318e-10	-1.5924399e-10	-1.5949324e-10	-1.5869644e-10	-1.5879173e-10	-1.5869445e-10	-1.5876314e-10	-1.5942944e-10	-1.5936975e-10	-1.5852369e-10	-1.5846656e-10	-1.5932794e-10	-1.599733e-10	-1.5976971e-10	-1.6049533e-10
	183.333333333333	-1.6028739e-10	-1.6037466e-10	-1.5980191e-10	-1.6025078e-10	-1.611702e-10	-1.6022575e-10	-1.6072783e-10	-1.6010286e-10	-1.5982522e-10	-1.5947219e-10	-1.5982107e-10	-1.5974277e-10	-1.6030355e-10	-1.5977591e-10	-1.5809062e-10	-1.575972e-10	-1.5870831e-10	-1.5954607e-10	-1.5874518e-10	-1.5870454e-10	-1.5891216e-10	-1.5984788e-10	-1.5917233e-10	-1.5905385e-10	-1.5925691e-10	-1.5826541e-10	-1.5886992e-10	-1.5822722e-10	-1.5903479e-10	-1.5888614e-10	-1.594964e-10	-1.590799e-10	-1.5942718e-10	-1.6027568e-10	-1.5961228e-10	-1.6022733e-10	-1.5943215e-10	-1.5968814e-10	-1.6013656e-10	-1.6112464e-10	-1.6033759e-10	-1.6095851e-10	-1.612499e-10	-1.6090915e-10	-1.6090733e-10	-1.6065564e-10	-1.6074581e-10	-1.6054282e-10	-1.606692e-10	-1.6113352e-10	-1.6122109e-10
	182.222222222222	-1.6145534e-10	-1.6151541e-10	-1.6085766e-10	-1.6064269e-10	-1.6081793e-10	-1.6091739e-10	-1.6042731e-10	-1.6097094e-10	-1.6117965e-10	-1.6122334e-10	-1.6192851e-10	-1.6007913e-10	-1.5878446e-10	-1.5841232e-10	-1.5923175e-10	-1.5866285e-10	-1.5943938e-10	-1.612897e-10	-1.6092627e-10	-1.6137629e-10	-1.6109146e-10	-1.6014613e-10	-1.6041905e-10	-1.6067395e-10	-1.5943215e-10	-1.5914683e-10	-1.6133517e-10	-1.607829e-10	-1.591393e-10	-1.6058292e-10	-1.6074223e-10	-1.6202688e-10	-1.619186e-10	-1.6110177e-10	-1.6152174e-10	-1.6077875e-10	-1.5984432e-10	-1.6118053e-10	-1.6136827e-10	-1.6088832e-10	-1.6150693e-10	-1.6109447e-10	-1.601366e-10	-1.6030302e-10	-1.5980571e-10	-1.6025553e-10	-1.6063979e-10	-1.6089087e-10	-1.6073146e-10	-1.5976978e-10	-1.6053901e-10
	181.111111111111	-1.6125445e-10	-1.6077767e-10	-1.6048037e-10	-1.6113785e-10	-1.6063219e-10	-1.6075352e-10	-1.5984522e-10	-1.6072509e-10	-1.6149503e-10	-1.6111119e-10	-1.6142947e-10	-1.6065489e-10	-1.6043804e-10	-1.6086663e-10	-1.6118749e-10	-1.6091163e-10	-1.6138013e-10	-1.6164048e-10	-1.6134623e-10	-1.5934376e-10	-1.5884852e-10	-1.5877143e-10	-1.588828e-10	-1.6035187e-10	-1.6094895e-10	-1.6118339e-10	-1.609682e-10	-1.6103914e-10	-1.6114539e-10	-1.6102054e-10	-1.6160989e-10	-1.612401e-10	-1.6131407e-10	-1.6063127e-10	-1.6047454e-10	-1.6076855e-10	-1.6108678e-10	-1.6153502e-10	-1.6128232e-10	-1.6149232e-10	-1.6109827e-10	-1.6065206e-10	-1.6092688e-10	-1.6164006e-10	-1.6113462e-10	-1.6063874e-10	-1.6125129e-10	-1.6064367e-10	-1.5971645e-10	-1.5959598e-10	-1.5885873e-10
	180	-1.6101538e-10	-1.6097403e-10	-1.6104151e-10	-1.6084283e-10	-1.6165894e-10	-1.6124384e-10	-1.6239743e-10	-1.6260294e-10	-1.616705e-10	-1.6150964e-10	-1.6130379e-10	-1.6187891e-10	-1.6149254e-10	-1.6135794e-10	-1.6246703e-10	-1.6223593e-10	-1.6229081e-10	-1.6182404e-10	-1.6200699e-10	-1.6315253e-10	-1.6213252e-10	-1.6178284e-10	-1.6344978e-10	-1.6279132e-10	-1.6315743e-10	-1.6192366e-10	-1.6271197e-10	-1.6182314e-10	-1.61507e-10	-1.6286338e-10	-1.6262879e-10	-1.6238511e-10	-1.633893e-10	-1.6267503e-10	-1.6292992e-10	-1.6217262e-10	-1.6254471e-10	-1.6276394e-10	-1.6222905e-10	-1.6341928e-10	-1.6350624e-10	-1.6347076e-10	-1.636678e-10	-1.6263393e-10	-1.6221828e-10	-1.6273946e-10	-1.6206608e-10	-1.6220129e-10	-1.6247162e-10	-1.6233212e-10	-1.6242853e-10
	178.888888888889	-1.6305492e-10	-1.6284409e-10	-1.6269876e-10	-1.626838e-10	-1.6345318e-10	-1.628289e-10	-1.6257805e-10	-1.6266338e-10	-1.6248401e-10	-1.6304934e-10	-1.6303826e-10	-1.6351973e-10	-1.6312827e-10	-1.6209087e-10	-1.6253542e-10	-1.6195544e-10	-1.6243208e-10	-1.6213146e-10	-1.62365e-10	-1.6279648e-10	-1.6239728e-10	-1.6262117e-10	-1.6246914e-10	-1.6277084e-10	-1.610196e-10	-1.6113928e-10	-1.6016236e-10	-1.608154e-10	-1.6196726e-10	-1.6159683e-10	-1.6278952e-10	-1.6277374e-10	-1.6245615e-10	-1.6320532e-10	-1.6357493e-10	-1.6282273e-10	-1.6149386e-10	-1.6216341e-10	-1.6202602e-10	-1.6243663e-10	-1.6373981e-10	-1.6408419e-10	-1.6416489e-10	-1.6321941e-10	-1.6282228e-10	-1.6335794e-10	-1.6266147e-10	-1.6353192e-10	-1.6348428e-10	-1.6326683e-10	-1.632031e-10
	177.777777777778	-1.6365259e-10	-1.6348004e-10	-1.6392278e-10	-1.6370028e-10	-1.6407677e-10	-1.6403492e-10	-1.6433505e-10	-1.6307111e-10	-1.6346011e-10	-1.6364005e-10	-1.6412535e-10	-1.6344809e-10	-1.6351091e-10	-1.6344429e-10	-1.6364562e-10	-1.6329312e-10	-1.6292502e-10	-1.6358084e-10	-1.6357968e-10	-1.6425743e-10	-1.6439662e-10	-1.6303604e-10	-1.6316488e-10	-1.6380086e-10	-1.619424e-10	-1.6200892e-10	-1.6321429e-10	-1.6316759e-10	-1.6324495e-10	-1.6358868e-10	-1.6257304e-10	-1.6223169e-10	-1.6358322e-10	-1.6388711e-10	-1.6313366e-10	-1.627157e-10	-1.6313581e-10	-1.6420328e-10	-1.6311506e-10	-1.6356884e-10	-1.6404141e-10	-1.6356491e-10	-1.6378666e-10	-1.6328069e-10	-1.6336144e-10	-1.6314194e-10	-1.6382543e-10	-1.6303736e-10	-1.6330118e-10	-1.6317754e-10	-1.6313915e-10
	176.666666666667	-1.6315069e-10	-1.6366329e-10	-1.631462e-10	-1.6377293e-10	-1.6381857e-10	-1.6245132e-10	-1.6226709e-10	-1.6253997e-10	-1.6346026e-10	-1.6440634e-10	-1.6336904e-10	-1.6387558e-10	-1.6404163e-10	-1.6322446e-10	-1.6395599e-10	-1.6442728e-10	-1.6347954e-10	-1.6434951e-10	-1.6413217e-10	-1.6353539e-10	-1.6328092e-10	-1.6320416e-10	-1.643688e-10	-1.641617e-10	-1.6459548e-10	-1.6429595e-10	-1.6311615e-10	-1.6403554e-10	-1.6404859e-10	-1.641046e-10	-1.6429509e-10	-1.642418e-10	-1.6462451e-10	-1.643152e-10	-1.6403778e-10	-1.6460669e-10	-1.6398752e-10	-1.6390914e-10	-1.6419031e-10	-1.649185e-10	-1.6430281e-10	-1.6405477e-10	-1.6385984e-10	-1.6405534e-10	-1.6389252e-10	-1.6384301e-10	-1.6400427e-10	-1.6307905e-10	-1.6320006e-10	-1.6359027e-10	-1.6398172e-10
	175.555555555556	-1.6418161e-10	-1.6431305e-10	-1.6414117e-10	-1.6436777e-10	-1.6407402e-10	-1.6368228e-10	-1.6348911e-10	-1.6361411e-10	-1.6329676e-10	-1.6304165e-10	-1.625956e-10	-1.6254691e-10	-1.6336427e-10	-1.6351676e-10	-1.6383367e-10	-1.642496e-10	-1.6346105e-10	-1.635453e-10	-1.6370039e-10	-1.6367892e-10	-1.6301624e-10	-1.6330502e-10	-1.6384606e-10	-1.649708e-10	-1.6455232e-10	-1.6403971e-10	-1.644153e-10	-1.638914e-10	-1.6401068e-10	-1.6409828e-10	-1.6376188e-10	-1.6436581e-10	-1.6455036e-10	-1.6504963e-10	-1.6525033e-10	-1.646006e-10	-1.6423329e-10	-1.6400145e-10	-1.6481994e-10	-1.6507233e-10	-1.6474933e-10	-1.6380949e-10	-1.6356594e-10	-1.6317901e-10	-1.6342701e-10	-1.6509505e-10	-1.6597454e-10	-1.6447142e-10	-1.6399176e-10	-1.6419728e-10	-1.6372619e-10
	174.444444444444	-1.6364804e-10	-1.6322574e-10	-1.6395113e-10	-1.6325896e-10	-1.6294359e-10	-1.6312304e-10	-1.6318029e-10	-1.6368777e-10	-1.6415792e-10	-1.6430503e-10	-1.6397708e-10	-1.6354929e-10	-1.6328874e-10	-1.6354834e-10	-1.6371421e-10	-1.6366687e-10	-1.6407285e-10	-1.6421431e-10	-1.6365041e-10	-1.6290416e-10	-1.632222e-10	-1.6353245e-10	-1.63917e-10	-1.6384029e-10	-1.6362672e-10	-1.6269491e-10	-1.6269781e-10	-1.6392107e-10	-1.6391294e-10	-1.6395524e-10	-1.6348738e-10	-1.6421844e-10	-1.6332984e-10	-1.6367112e-10	-1.6364066e-10	-1.6304787e-10	-1.6390173e-10	-1.6383589e-10	-1.6435719e-10	-1.6441191e-10	-1.6447473e-10	-1.6378884e-10	-1.6314469e-10	-1.6369903e-10	-1.6274825e-10	-1.6257576e-10	-1.6293628e-10	-1.6266696e-10	-1.6341431e-10	-1.6438816e-10	-1.6389592e-10
	173.333333333333	-1.6410373e-10	-1.637933e-10	-1.643379e-10	-1.6456606e-10	-1.6484174e-10	-1.6494181e-10	-1.6416565e-10	-1.6415021e-10	-1.6393339e-10	-1.6359561e-10	-1.6441108e-10	-1.6449714e-10	-1.6446942e-10	-1.6448445e-10	-1.6470951e-10	-1.6438818e-10	-1.6314967e-10	-1.6306083e-10	-1.6367571e-10	-1.6284481e-10	-1.6367485e-10	-1.636634e-10	-1.6357829e-10	-1.6371843e-10	-1.6325173e-10	-1.6324848e-10	-1.6343762e-10	-1.6407771e-10	-1.6390447e-10	-1.6408448e-10	-1.6340207e-10	-1.6436157e-10	-1.6409567e-10	-1.6446938e-10	-1.6426112e-10	-1.6472307e-10	-1.6466827e-10	-1.6402145e-10	-1.6253418e-10	-1.6239879e-10	-1.6246936e-10	-1.6477383e-10	-1.6490456e-10	-1.6406039e-10	-1.6417043e-10	-1.6482185e-10	-1.6505694e-10	-1.6499746e-10	-1.6455755e-10	-1.6467185e-10	-1.6382674e-10
	172.222222222222	-1.6335319e-10	-1.6464037e-10	-1.6492915e-10	-1.6413342e-10	-1.6361083e-10	-1.6430725e-10	-1.6491498e-10	-1.6430869e-10	-1.6338418e-10	-1.6382358e-10	-1.640712e-10	-1.6458662e-10	-1.660464e-10	-1.6498854e-10	-1.6389382e-10	-1.6410302e-10	-1.6465332e-10	-1.6480743e-10	-1.6511482e-10	-1.645464e-10	-1.6392766e-10	-1.6572564e-10	-1.6620005e-10	-1.6784117e-10	-1.648507e-10	-1.6523007e-10	-1.6491089e-10	-1.6508024e-10	-1.6451318e-10	-1.6359501e-10	-1.6416621e-10	-1.6376148e-10	-1.6391113e-10	-1.6486121e-10	-1.6435267e-10	-1.6422033e-10	-1.6458561e-10	-1.6515388e-10	-1.6495284e-10	-1.6510597e-10	-1.6496293e-10	-1.651657e-10	-1.6558592e-10	-1.6526897e-10	-1.6506721e-10	-1.6583211e-10	-1.6563315e-10	-1.6603273e-10	-1.6548134e-10	-1.6528309e-10	-1.6521789e-10
	171.111111111111	-1.6494162e-10	-1.6560546e-10	-1.6490204e-10	-1.6431426e-10	-1.6455656e-10	-1.6524969e-10	-1.6573781e-10	-1.659466e-10	-1.6498108e-10	-1.6482686e-10	-1.6601243e-10	-1.6602877e-10	-1.6621723e-10	-1.6591511e-10	-1.6461912e-10	-1.6504996e-10	-1.6598155e-10	-1.6480163e-10	-1.6457845e-10	-1.6488705e-10	-1.6467709e-10	-1.6549956e-10	-1.6529129e-10	-1.6498963e-10	-1.653029e-10	-1.6546743e-10	-1.6498398e-10	-1.6557319e-10	-1.6500146e-10	-1.6442611e-10	-1.6557847e-10	-1.6592946e-10	-1.6448881e-10	-1.6419924e-10	-1.6390078e-10	-1.6454049e-10	-1.6485172e-10	-1.6488852e-10	-1.6552977e-10	-1.6572516e-10	-1.6532327e-10	-1.6470966e-10	-1.6552465e-10	-1.6432213e-10	-1.6341684e-10	-1.6524972e-10	-1.6560596e-10	-1.6506281e-10	-1.6488309e-10	-1.6498097e-10	-1.6543644e-10
	170	-1.6498482e-10	-1.6443007e-10	-1.6584427e-10	-1.6577487e-10	-1.6502273e-10	-1.6560844e-10	-1.6615821e-10	-1.6613916e-10	-1.6527929e-10	-1.6570466e-10	-1.6362385e-10	-1.6410102e-10	-1.6415951e-10	-1.6472958e-10	-1.6454572e-10	-1.6464993e-10	-1.6573966e-10	-1.6535491e-10	-1.6602053e-10	-1.6548736e-10	-1.6468586e-10	-1.6408234e-10	-1.6513098e-10	-1.6610451e-10	-1.6541671e-10	-1.6423483e-10	-1.63527e-10	-1.6306889e-10	-1.6361978e-10	-1.6455491e-10	-1.646465e-10	-1.6523699e-10	-1.6519047e-10	-1.6491604e-10	-1.6437934e-10	-1.6458011e-10	-1.6435904e-10	-1.6455518e-10	-1.6528681e-10	-1.6506958e-10	-1.6466813e-10	-1.6453511e-10	-1.6454339e-10	-1.6432473e-10	-1.6317935e-10	-1.6455744e-10	-1.6274632e-10	-1.6404046e-10	-1.6516329e-10	-1.6390364e-10	-1.6403173e-10
	168.888888888889	-1.6509272e-10	-1.6515535e-10	-1.6460978e-10	-1.6431656e-10	-1.6334321e-10	-1.64375e-10	-1.633806e-10	-1.6449318e-10	-1.6458906e-10	-1.6432639e-10	-1.6449582e-10	-1.6524163e-10	-1.653279e-10	-1.6450577e-10	-1.6437234e-10	-1.6335752e-10	-1.633617e-10	-1.6386806e-10	-1.6439515e-10	-1.6446591e-10	-1.6572663e-10	-1.6616529e-10	-1.6608839e-10	-1.6513617e-10	-1.6562787e-10	-1.6605525e-10	-1.6646576e-10	-1.6609622e-10	-1.6661968e-10	-1.6565295e-10	-1.6581411e-10	-1.6623591e-10	-1.6503336e-10	-1.6521075e-10	-1.6564743e-10	-1.6565266e-10	-1.6469907e-10	-1.6437286e-10	-1.6459713e-10	-1.6438001e-10	-1.6438668e-10	-1.6485593e-10	-1.657003e-10	-1.6652296e-10	-1.6661214e-10	-1.663388e-10	-1.6655193e-10	-1.6671481e-10	-1.6649358e-10	-1.6588483e-10	-1.6605269e-10
	167.777777777778	-1.6443145e-10	-1.6524501e-10	-1.6573359e-10	-1.6662265e-10	-1.671879e-10	-1.6625323e-10	-1.6479391e-10	-1.658978e-10	-1.6647701e-10	-1.6633522e-10	-1.6711865e-10	-1.6741722e-10	-1.6705466e-10	-1.6698408e-10	-1.6704038e-10	-1.6693907e-10	-1.6746671e-10	-1.6707025e-10	-1.6761931e-10	-1.6729362e-10	-1.6619994e-10	-1.6534869e-10	-1.6586288e-10	-1.6591067e-10	-1.6618695e-10	-1.6618638e-10	-1.6705123e-10	-1.6586077e-10	-1.6464737e-10	-1.6482156e-10	-1.6819274e-10	-1.6749462e-10	-1.6680572e-10	-1.6757909e-10	-1.6719984e-10	-1.6744517e-10	-1.6691411e-10	-1.6697038e-10	-1.675507e-10	-1.6696432e-10	-1.6689385e-10	-1.6738344e-10	-1.6694461e-10	-1.6565679e-10	-1.6517251e-10	-1.6564387e-10	-1.6711593e-10	-1.6758436e-10	-1.6757988e-10	-1.6777753e-10	-1.6741293e-10
	166.666666666667	-1.6773727e-10	-1.6628479e-10	-1.6669391e-10	-1.658326e-10	-1.6605121e-10	-1.6720816e-10	-1.6729275e-10	-1.6652597e-10	-1.6817149e-10	-1.6842293e-10	-1.6905932e-10	-1.6869928e-10	-1.6789679e-10	-1.6834048e-10	-1.6759129e-10	-1.6789752e-10	-1.6792444e-10	-1.6776389e-10	-1.679641e-10	-1.6869062e-10	-1.6949411e-10	-1.685739e-10	-1.6851143e-10	-1.6792158e-10	-1.6855202e-10	-1.687812e-10	-1.6744732e-10	-1.6780871e-10	-1.6817236e-10	-1.6741843e-10	-1.6726062e-10	-1.6822023e-10	-1.6775892e-10	-1.6783375e-10	-1.6797118e-10	-1.67339e-10	-1.6673692e-10	-1.668502e-10	-1.6803588e-10	-1.6820645e-10	-1.6835204e-10	-1.6826297e-10	-1.6756166e-10	-1.6630035e-10	-1.6645299e-10	-1.670022e-10	-1.6734823e-10	-1.6696936e-10	-1.6640592e-10	-1.663147e-10	-1.6802289e-10
	165.555555555556	-1.6866952e-10	-1.685385e-10	-1.6768985e-10	-1.6650169e-10	-1.6729723e-10	-1.6758937e-10	-1.6718511e-10	-1.6776928e-10	-1.6716063e-10	-1.6728458e-10	-1.6747372e-10	-1.6729938e-10	-1.6758731e-10	-1.6702506e-10	-1.6788967e-10	-1.678486e-10	-1.6833578e-10	-1.6837344e-10	-1.6721333e-10	-1.6768631e-10	-1.6798331e-10	-1.678878e-10	-1.6825702e-10	-1.6852784e-10	-1.6824392e-10	-1.6811474e-10	-1.6820965e-10	-1.687999e-10	-1.6806205e-10	-1.6840858e-10	-1.6926954e-10	-1.6898671e-10	-1.6945713e-10	-1.6868312e-10	-1.6841166e-10	-1.6922555e-10	-1.6751872e-10	-1.6839814e-10	-1.6808899e-10	-1.6944331e-10	-1.6906312e-10	-1.6894279e-10	-1.6831819e-10	-1.6838608e-10	-1.6933296e-10	-1.6871426e-10	-1.6795694e-10	-1.6668472e-10	-1.6726699e-10	-1.6758098e-10	-1.6765607e-10
	164.444444444444	-1.673347e-10	-1.6728018e-10	-1.66713e-10	-1.6684552e-10	-1.6721961e-10	-1.6820162e-10	-1.6859474e-10	-1.6881999e-10	-1.6779858e-10	-1.6704407e-10	-1.6732345e-10	-1.6709831e-10	-1.6780792e-10	-1.6787499e-10	-1.6776577e-10	-1.6769237e-10	-1.6812755e-10	-1.6777373e-10	-1.6811433e-10	-1.6798071e-10	-1.6767659e-10	-1.6825515e-10	-1.6792598e-10	-1.6788244e-10	-1.6736457e-10	-1.6711262e-10	-1.6616285e-10	-1.6719186e-10	-1.6822768e-10	-1.6767701e-10	-1.6817157e-10	-1.6783594e-10	-1.6746306e-10	-1.6676373e-10	-1.6806616e-10	-1.6788279e-10	-1.6673812e-10	-1.6633067e-10	-1.6705444e-10	-1.6718915e-10	-1.6729185e-10	-1.6774943e-10	-1.686415e-10	-1.6838779e-10	-1.683421e-10	-1.676168e-10	-1.6786611e-10	-1.671432e-10	-1.6803953e-10	-1.6839102e-10	-1.6843324e-10
	163.333333333333	-1.6897221e-10	-1.6771215e-10	-1.6830633e-10	-1.6841938e-10	-1.6891286e-10	-1.6920047e-10	-1.693687e-10	-1.6795694e-10	-1.6866275e-10	-1.691683e-10	-1.6937116e-10	-1.6933409e-10	-1.6931202e-10	-1.6913426e-10	-1.7000645e-10	-1.6857417e-10	-1.6774837e-10	-1.6830486e-10	-1.6918375e-10	-1.693391e-10	-1.6935853e-10	-1.6973307e-10	-1.6881087e-10	-1.6962588e-10	-1.6998612e-10	-1.6981434e-10	-1.6957957e-10	-1.6912798e-10	-1.6983781e-10	-1.6878386e-10	-1.7008495e-10	-1.700608e-10	-1.6869559e-10	-1.6992661e-10	-1.6951697e-10	-1.6964992e-10	-1.6943454e-10	-1.6986078e-10	-1.6963342e-10	-1.6985766e-10	-1.7049176e-10	-1.7015804e-10	-1.6998424e-10	-1.6904313e-10	-1.6889591e-10	-1.6905156e-10	-1.6918988e-10	-1.6992481e-10	-1.6896663e-10	-1.6881975e-10	-1.6889572e-10
	162.222222222222	-1.692938e-10	-1.6902041e-10	-1.6982685e-10	-1.6888917e-10	-1.6942489e-10	-1.6907675e-10	-1.6865702e-10	-1.7012569e-10	-1.7006403e-10	-1.6909332e-10	-1.6889264e-10	-1.6964231e-10	-1.6901586e-10	-1.6927236e-10	-1.6910018e-10	-1.6898147e-10	-1.6794244e-10	-1.6923941e-10	-1.7008919e-10	-1.7013047e-10	-1.6972945e-10	-1.7046577e-10	-1.6983706e-10	-1.7007284e-10	-1.7015743e-10	-1.7017751e-10	-1.6901933e-10	-1.6960736e-10	-1.6936072e-10	-1.699851e-10	-1.6975872e-10	-1.7045232e-10	-1.7036879e-10	-1.69666e-10	-1.693754e-10	-1.6770985e-10	-1.6860094e-10	-1.6889884e-10	-1.702012e-10	-1.6860083e-10	-1.6901966e-10	-1.683801e-10	-1.6967429e-10	-1.6933213e-10	-1.6930965e-10	-1.6935089e-10	-1.6980693e-10	-1.693008e-10	-1.6931485e-10	-1.6946357e-10	-1.6980907e-10
	161.111111111111	-1.7053114e-10	-1.7061652e-10	-1.6982599e-10	-1.6945728e-10	-1.6873868e-10	-1.6840326e-10	-1.6777375e-10	-1.6847738e-10	-1.6837558e-10	-1.6811696e-10	-1.6883324e-10	-1.684996e-10	-1.689545e-10	-1.6821082e-10	-1.6931398e-10	-1.6933051e-10	-1.6910466e-10	-1.6886895e-10	-1.6865254e-10	-1.700196e-10	-1.6935725e-10	-1.6911031e-10	-1.6902889e-10	-1.6904252e-10	-1.6998652e-10	-1.696588e-10	-1.6950853e-10	-1.6903307e-10	-1.6929647e-10	-1.6869751e-10	-1.6907024e-10	-1.6877182e-10	-1.695854e-10	-1.6863172e-10	-1.6787273e-10	-1.675394e-10	-1.6931914e-10	-1.6940922e-10	-1.6976689e-10	-1.6945322e-10	-1.6933101e-10	-1.6957008e-10	-1.6915709e-10	-1.682884e-10	-1.6947581e-10	-1.7033648e-10	-1.6950273e-10	-1.6993611e-10	-1.7054481e-10	-1.7138338e-10	-1.7209581e-10
	160	-1.711242e-10	-1.7054354e-10	-1.7153985e-10	-1.7218679e-10	-1.7164999e-10	-1.7157063e-10	-1.7160874e-10	-1.7097367e-10	-1.7019589e-10	-1.7101098e-10	-1.711091e-10	-1.7198828e-10	-1.7180944e-10	-1.7176756e-10	-1.7179196e-10	-1.7196275e-10	-1.7159933e-10	-1.7107234e-10	-1.7213456e-10	-1.7205522e-10	-1.7183158e-10	-1.7118501e-10	-1.7176661e-10	-1.7205661e-10	-1.7235345e-10	-1.7152592e-10	-1.7112713e-10	-1.7147293e-10	-1.7162716e-10	-1.7110585e-10	-1.702343e-10	-1.7146157e-10	-1.7132847e-10	-1.7130869e-10	-1.7175079e-10	-1.7182657e-10	-1.7087699e-10	-1.7033369e-10	-1.7077595e-10	-1.7106871e-10	-1.7135431e-10	-1.7138274e-10	-1.7106627e-10	-1.7090607e-10	-1.6992383e-10	-1.6968825e-10	-1.700208e-10	-1.7029757e-10	-1.702633e-10	-1.7143263e-10	-1.725268e-10
	158.888888888889	-1.7177701e-10	-1.7143463e-10	-1.7152976e-10	-1.7121424e-10	-1.7124561e-10	-1.7054912e-10	-1.7079459e-10	-1.7081052e-10	-1.7049789e-10	-1.6989746e-10	-1.702673e-10	-1.703645e-10	-1.7054741e-10	-1.7110383e-10	-1.706668e-10	-1.7068963e-10	-1.7092651e-10	-1.7101882e-10	-1.7086867e-10	-1.7143975e-10	-1.7159944e-10	-1.7191616e-10	-1.7065392e-10	-1.6988774e-10	-1.6992809e-10	-1.6877667e-10	-1.687467e-10	-1.7023125e-10	-1.7045168e-10	-1.7039274e-10	-1.7143592e-10	-1.718112e-10	-1.72e-10	-1.721555e-10	-1.7326379e-10	-1.7237627e-10	-1.7228743e-10	-1.7177129e-10	-1.7146005e-10	-1.7226337e-10	-1.7217154e-10	-1.7226966e-10	-1.7157022e-10	-1.7124817e-10	-1.7220857e-10	-1.7134459e-10	-1.7117402e-10	-1.7218356e-10	-1.7106062e-10	-1.7091589e-10	-1.7014727e-10
	157.777777777778	-1.7051066e-10	-1.7123017e-10	-1.7104702e-10	-1.7136802e-10	-1.7138006e-10	-1.7021111e-10	-1.7119037e-10	-1.7171427e-10	-1.7154864e-10	-1.7261448e-10	-1.7198494e-10	-1.7151086e-10	-1.7220469e-10	-1.718042e-10	-1.7147368e-10	-1.709714e-10	-1.7207126e-10	-1.7187474e-10	-1.7163933e-10	-1.7209005e-10	-1.7201024e-10	-1.7190642e-10	-1.7217607e-10	-1.7193925e-10	-1.7165359e-10	-1.713055e-10	-1.7159048e-10	-1.710326e-10	-1.7052347e-10	-1.7070838e-10	-1.7066311e-10	-1.7163819e-10	-1.7217305e-10	-1.7268555e-10	-1.7231172e-10	-1.7241852e-10	-1.7237853e-10	-1.7205043e-10	-1.7242323e-10	-1.7270456e-10	-1.7333211e-10	-1.7256258e-10	-1.7267797e-10	-1.7248236e-10	-1.7272038e-10	-1.7105065e-10	-1.7191119e-10	-1.7222705e-10	-1.7184551e-10	-1.7189583e-10	-1.7287136e-10
	156.666666666667	-1.7269014e-10	-1.7301255e-10	-1.7277559e-10	-1.7295086e-10	-1.7222623e-10	-1.7286692e-10	-1.721807e-10	-1.7243958e-10	-1.7266193e-10	-1.7239547e-10	-1.7222525e-10	-1.7132937e-10	-1.7272279e-10	-1.723469e-10	-1.7257011e-10	-1.7182364e-10	-1.722181e-10	-1.7321687e-10	-1.7203867e-10	-1.7288478e-10	-1.7263808e-10	-1.7263402e-10	-1.7267462e-10	-1.7297636e-10	-1.7340118e-10	-1.7137701e-10	-1.7140782e-10	-1.725929e-10	-1.7287091e-10	-1.7304604e-10	-1.7359864e-10	-1.7247151e-10	-1.7171958e-10	-1.7260879e-10	-1.7211246e-10	-1.718964e-10	-1.7111515e-10	-1.7113712e-10	-1.7104344e-10	-1.7070548e-10	-1.7112066e-10	-1.7170937e-10	-1.7226023e-10	-1.7203634e-10	-1.7187018e-10	-1.7111185e-10	-1.7110446e-10	-1.7129381e-10	-1.7239341e-10	-1.7171924e-10	-1.7103848e-10
	155.555555555556	-1.7099953e-10	-1.7126983e-10	-1.7141263e-10	-1.7219821e-10	-1.7188352e-10	-1.7201397e-10	-1.7274376e-10	-1.7190366e-10	-1.7232271e-10	-1.7300804e-10	-1.7152826e-10	-1.7051326e-10	-1.7043357e-10	-1.7169148e-10	-1.7103573e-10	-1.7253005e-10	-1.7220846e-10	-1.719602e-10	-1.7281465e-10	-1.7313427e-10	-1.7278463e-10	-1.730895e-10	-1.730866e-10	-1.7345228e-10	-1.7274132e-10	-1.7169051e-10	-1.7230588e-10	-1.7284195e-10	-1.7247445e-10	-1.7191629e-10	-1.7338672e-10	-1.7269779e-10	-1.7320918e-10	-1.7380829e-10	-1.7386478e-10	-1.7425654e-10	-1.7369858e-10	-1.7366496e-10	-1.7361848e-10	-1.7356488e-10	-1.7395434e-10	-1.7293286e-10	-1.734365e-10	-1.7325634e-10	-1.7369531e-10	-1.7361804e-10	-1.7282191e-10	-1.7382901e-10	-1.7469058e-10	-1.7517897e-10	-1.7515361e-10
	154.444444444444	-1.7417839e-10	-1.7311921e-10	-1.7302008e-10	-1.7316847e-10	-1.7369045e-10	-1.7438732e-10	-1.7441591e-10	-1.7416822e-10	-1.7416418e-10	-1.7436941e-10	-1.7406628e-10	-1.7379195e-10	-1.7382942e-10	-1.731902e-10	-1.7342505e-10	-1.7447511e-10	-1.7374326e-10	-1.7393295e-10	-1.7398721e-10	-1.7436376e-10	-1.726219e-10	-1.7358734e-10	-1.7359585e-10	-1.7328168e-10	-1.7359525e-10	-1.7250139e-10	-1.729651e-10	-1.7408984e-10	-1.741205e-10	-1.7386012e-10	-1.7313201e-10	-1.7296962e-10	-1.7272724e-10	-1.7375813e-10	-1.7300182e-10	-1.7172827e-10	-1.7206361e-10	-1.7319646e-10	-1.7257941e-10	-1.7297169e-10	-1.7353488e-10	-1.7244203e-10	-1.7396579e-10	-1.7341575e-10	-1.7428509e-10	-1.7442277e-10	-1.7423134e-10	-1.7466854e-10	-1.7441637e-10	-1.7490494e-10	-1.7408498e-10
	153.333333333333	-1.7420347e-10	-1.74859e-10	-1.746986e-10	-1.7463868e-10	-1.7417967e-10	-1.7383417e-10	-1.7410751e-10	-1.7494332e-10	-1.761058e-10	-1.7508993e-10	-1.7502512e-10	-1.749081e-10	-1.7459639e-10	-1.7475622e-10	-1.75103e-10	-1.7519211e-10	-1.7398677e-10	-1.7469814e-10	-1.7435363e-10	-1.745437e-10	-1.7507641e-10	-1.7558137e-10	-1.7557275e-10	-1.7486916e-10	-1.7542398e-10	-1.7381718e-10	-1.7347643e-10	-1.7382901e-10	-1.7376638e-10	-1.7348313e-10	-1.7399e-10	-1.7460101e-10	-1.7415229e-10	-1.7468094e-10	-1.7521097e-10	-1.747479e-10	-1.7507946e-10	-1.741698e-10	-1.7429329e-10	-1.7441196e-10	-1.7462697e-10	-1.7358281e-10	-1.7266137e-10	-1.7327027e-10	-1.7286214e-10	-1.7326884e-10	-1.7360816e-10	-1.7320428e-10	-1.7361257e-10	-1.7371772e-10	-1.7476183e-10
	152.222222222222	-1.7539134e-10	-1.7426459e-10	-1.7352768e-10	-1.7256427e-10	-1.7223953e-10	-1.7208357e-10	-1.7326665e-10	-1.7360609e-10	-1.7410344e-10	-1.7418275e-10	-1.7384916e-10	-1.736975e-10	-1.7437807e-10	-1.7397622e-10	-1.7413662e-10	-1.7437062e-10	-1.7347808e-10	-1.7427457e-10	-1.7431423e-10	-1.7382178e-10	-1.7431867e-10	-1.7419405e-10	-1.737982e-10	-1.7364586e-10	-1.7363889e-10	-1.7188242e-10	-1.7313262e-10	-1.739963e-10	-1.752106e-10	-1.7496053e-10	-1.7545924e-10	-1.7496656e-10	-1.7507536e-10	-1.7613548e-10	-1.7524017e-10	-1.7538011e-10	-1.7425419e-10	-1.7462681e-10	-1.7604818e-10	-1.7531417e-10	-1.7489458e-10	-1.7511351e-10	-1.7497673e-10	-1.7501796e-10	-1.7497484e-10	-1.7426806e-10	-1.745037e-10	-1.7443708e-10	-1.7291234e-10	-1.7381507e-10	-1.7256846e-10
	151.111111111111	-1.7269838e-10	-1.733242e-10	-1.7343353e-10	-1.7412326e-10	-1.7413734e-10	-1.7436123e-10	-1.7394862e-10	-1.7465419e-10	-1.7451056e-10	-1.7429201e-10	-1.746621e-10	-1.7568709e-10	-1.7540455e-10	-1.7621631e-10	-1.7566015e-10	-1.7605507e-10	-1.7551874e-10	-1.7600822e-10	-1.7679774e-10	-1.7606949e-10	-1.7687785e-10	-1.7703912e-10	-1.7680732e-10	-1.7646347e-10	-1.7483971e-10	-1.7396135e-10	-1.7484492e-10	-1.7470146e-10	-1.7436759e-10	-1.7468794e-10	-1.7537077e-10	-1.7482307e-10	-1.740616e-10	-1.7509558e-10	-1.7458218e-10	-1.7530465e-10	-1.7540809e-10	-1.7514308e-10	-1.7582064e-10	-1.7594021e-10	-1.7625916e-10	-1.7706006e-10	-1.7732692e-10	-1.7731694e-10	-1.7756302e-10	-1.7714931e-10	-1.7748347e-10	-1.7814993e-10	-1.7793887e-10	-1.7794467e-10	-1.7756396e-10
	150	-1.7791164e-10	-1.7726128e-10	-1.7675854e-10	-1.767297e-10	-1.7719654e-10	-1.7786186e-10	-1.7770437e-10	-1.7703743e-10	-1.7599365e-10	-1.7724927e-10	-1.777833e-10	-1.7751202e-10	-1.7806127e-10	-1.7767596e-10	-1.771472e-10	-1.7652564e-10	-1.7689863e-10	-1.7695942e-10	-1.775385e-10	-1.7734289e-10	-1.7807844e-10	-1.781416e-10	-1.7758757e-10	-1.7727969e-10	-1.7719726e-10	-1.7537781e-10	-1.7621739e-10	-1.7552368e-10	-1.7547505e-10	-1.759497e-10	-1.7677941e-10	-1.7648237e-10	-1.7694071e-10	-1.7691235e-10	-1.765119e-10	-1.7658409e-10	-1.7515121e-10	-1.7545936e-10	-1.7611186e-10	-1.7617374e-10	-1.7687055e-10	-1.7679277e-10	-1.763889e-10	-1.7560906e-10	-1.7655913e-10	-1.7567323e-10	-1.7590861e-10	-1.7596856e-10	-1.7675825e-10	-1.7501721e-10	-1.7376174e-10
