I1_1824
																																																				
		262.15	262.14	262.13	262.12	262.11	262.1	262.09	262.08	262.07	262.06	262.05	262.04	262.03	262.02	262.01	262	261.99	261.98	261.97	261.96	261.95	261.94	261.93	261.92	261.91	261.9	261.89	261.88	261.87	261.86	261.85	261.84	261.83	261.82	261.81	261.8	261.79	261.78	261.77	261.76	261.75	261.74	261.73	261.72	261.71	261.7	261.69	261.68	261.67	261.66	261.65
	150	-1.7457345e-10	-1.7508463e-10	-1.7495853e-10	-1.7570814e-10	-1.7661554e-10	-1.7665061e-10	-1.7614407e-10	-1.7531696e-10	-1.7531696e-10	-1.7557598e-10	-1.7588243e-10	-1.758392e-10	-1.7597658e-10	-1.7586993e-10	-1.758525e-10	-1.749321e-10	-1.7421156e-10	-1.763367e-10	-1.7674819e-10	-1.7663072e-10	-1.761328e-10	-1.6815817e-10	-1.6576696e-10	-1.6671534e-10	-1.6734947e-10	-1.6874503e-10	-1.6892868e-10	-1.6974325e-10	-1.7120953e-10	-1.7078336e-10	-1.7161944e-10	-1.7250985e-10	-1.7214653e-10	-1.722912e-10	-1.729108e-10	-1.7138914e-10	-1.71204e-10	-1.7139878e-10	-1.7333937e-10	-1.7430535e-10	-1.7371855e-10	-1.7408996e-10	-1.7404815e-10	-1.7319995e-10	-1.7361479e-10	-1.7409957e-10	-1.7350346e-10	-1.7420479e-10	-1.7358402e-10	-1.7363513e-10	-1.7421563e-10
	151.111111111111	-1.7442668e-10	-1.7246243e-10	-1.7345296e-10	-1.7337534e-10	-1.7290304e-10	-1.7351988e-10	-1.7380351e-10	-1.7376811e-10	-1.7334699e-10	-1.7438778e-10	-1.7531696e-10	-1.7388749e-10	-1.7340068e-10	-1.7486713e-10	-1.7464595e-10	-1.7430135e-10	-1.7515124e-10	-1.755793e-10	-1.7641014e-10	-1.7548044e-10	-1.7527568e-10	-1.6857805e-10	-1.6586725e-10	-1.67276e-10	-1.6705484e-10	-1.6732393e-10	-1.6778035e-10	-1.7029558e-10	-1.7048761e-10	-1.7182472e-10	-1.7191221e-10	-1.7071286e-10	-1.7198411e-10	-1.7223557e-10	-1.7183881e-10	-1.7253848e-10	-1.7318297e-10	-1.7203081e-10	-1.7321385e-10	-1.7307819e-10	-1.720699e-10	-1.7274765e-10	-1.7420178e-10	-1.7336062e-10	-1.7399079e-10	-1.7372179e-10	-1.7417801e-10	-1.7440815e-10	-1.7390049e-10	-1.7416972e-10	-1.744514e-10
	152.222222222222	-1.7391036e-10	-1.7379798e-10	-1.745382e-10	-1.734225e-10	-1.7288447e-10	-1.7303056e-10	-1.7419552e-10	-1.748607e-10	-1.7522268e-10	-1.7398658e-10	-1.7501611e-10	-1.7470414e-10	-1.744187e-10	-1.7482039e-10	-1.7431653e-10	-1.7461492e-10	-1.7543657e-10	-1.7546779e-10	-1.7528901e-10	-1.7485165e-10	-1.7239465e-10	-1.6464356e-10	-1.6536911e-10	-1.6563492e-10	-1.6682704e-10	-1.6765897e-10	-1.682095e-10	-1.6841038e-10	-1.6969692e-10	-1.7018011e-10	-1.7066304e-10	-1.7091548e-10	-1.7112291e-10	-1.7082309e-10	-1.7035505e-10	-1.7085797e-10	-1.7173009e-10	-1.7179e-10	-1.7190833e-10	-1.7189711e-10	-1.7250062e-10	-1.7245438e-10	-1.7223373e-10	-1.7147166e-10	-1.7196908e-10	-1.7290348e-10	-1.7241857e-10	-1.7178191e-10	-1.7183995e-10	-1.7347228e-10	-1.7288254e-10
	153.333333333333	-1.7311959e-10	-1.7391973e-10	-1.7329502e-10	-1.7413922e-10	-1.7409063e-10	-1.7369708e-10	-1.733796e-10	-1.726294e-10	-1.7370864e-10	-1.7343503e-10	-1.7371542e-10	-1.7310794e-10	-1.7309658e-10	-1.7443177e-10	-1.7390708e-10	-1.7388942e-10	-1.7430241e-10	-1.7319714e-10	-1.736233e-10	-1.7371034e-10	-1.7497427e-10	-1.683874e-10	-1.6532659e-10	-1.6587361e-10	-1.6581565e-10	-1.6643736e-10	-1.6597827e-10	-1.6792132e-10	-1.6856472e-10	-1.6924762e-10	-1.6979261e-10	-1.7020944e-10	-1.701505e-10	-1.7065344e-10	-1.7179569e-10	-1.719197e-10	-1.7206403e-10	-1.7180797e-10	-1.7116103e-10	-1.7099408e-10	-1.7083492e-10	-1.7126113e-10	-1.7124094e-10	-1.7161786e-10	-1.7104955e-10	-1.7029282e-10	-1.7088866e-10	-1.7033545e-10	-1.7113146e-10	-1.710096e-10	-1.7046227e-10
	154.444444444444	-1.7077771e-10	-1.7114596e-10	-1.7125201e-10	-1.71998e-10	-1.7219494e-10	-1.7194442e-10	-1.7131536e-10	-1.7046166e-10	-1.7049721e-10	-1.7086249e-10	-1.714358e-10	-1.7167823e-10	-1.7260389e-10	-1.7259821e-10	-1.7274712e-10	-1.7311642e-10	-1.7258747e-10	-1.7272524e-10	-1.7210323e-10	-1.7176428e-10	-1.7165032e-10	-1.668557e-10	-1.6287248e-10	-1.6306903e-10	-1.6443692e-10	-1.6461985e-10	-1.6570151e-10	-1.6675782e-10	-1.6748117e-10	-1.6818189e-10	-1.6860291e-10	-1.683696e-10	-1.6972923e-10	-1.6893541e-10	-1.6862704e-10	-1.6835848e-10	-1.6869747e-10	-1.6968453e-10	-1.7053466e-10	-1.7098492e-10	-1.6998766e-10	-1.7006418e-10	-1.7147493e-10	-1.7167001e-10	-1.7102146e-10	-1.7111519e-10	-1.7060663e-10	-1.7045375e-10	-1.7085812e-10	-1.7145278e-10	-1.7178918e-10
	155.555555555556	-1.7171238e-10	-1.7194728e-10	-1.7161485e-10	-1.7216194e-10	-1.696379e-10	-1.714555e-10	-1.7212873e-10	-1.7240648e-10	-1.7291493e-10	-1.7310373e-10	-1.7302754e-10	-1.7308964e-10	-1.7226988e-10	-1.7279336e-10	-1.7332713e-10	-1.7334013e-10	-1.7300714e-10	-1.7273778e-10	-1.7252624e-10	-1.7349722e-10	-1.7410171e-10	-1.6793461e-10	-1.653386e-10	-1.6623546e-10	-1.6649276e-10	-1.6659425e-10	-1.6749631e-10	-1.6873626e-10	-1.6955369e-10	-1.692117e-10	-1.695996e-10	-1.6994518e-10	-1.7091069e-10	-1.7112901e-10	-1.7156061e-10	-1.7144217e-10	-1.7184643e-10	-1.7155259e-10	-1.7182826e-10	-1.7137633e-10	-1.7094147e-10	-1.711669e-10	-1.7132862e-10	-1.7076728e-10	-1.7119413e-10	-1.6956771e-10	-1.6978263e-10	-1.6923199e-10	-1.7049952e-10	-1.7068966e-10	-1.7059261e-10
	156.666666666667	-1.7021992e-10	-1.704873e-10	-1.7020726e-10	-1.7136745e-10	-1.7173649e-10	-1.7191598e-10	-1.7108054e-10	-1.7105038e-10	-1.7100515e-10	-1.7188091e-10	-1.7114024e-10	-1.7168998e-10	-1.7098696e-10	-1.7116818e-10	-1.7056569e-10	-1.7124173e-10	-1.7215859e-10	-1.7381538e-10	-1.7380539e-10	-1.7365995e-10	-1.7246315e-10	-1.6833505e-10	-1.6487563e-10	-1.6491201e-10	-1.6649072e-10	-1.6719823e-10	-1.6701086e-10	-1.6758832e-10	-1.6792892e-10	-1.6852268e-10	-1.6936083e-10	-1.7011025e-10	-1.7052572e-10	-1.7069941e-10	-1.7036905e-10	-1.7128829e-10	-1.7190735e-10	-1.7177298e-10	-1.7098417e-10	-1.7063254e-10	-1.7036657e-10	-1.7090286e-10	-1.7090557e-10	-1.7127273e-10	-1.700857e-10	-1.7068119e-10	-1.70614e-10	-1.7096936e-10	-1.695064e-10	-1.6889851e-10	-1.698864e-10
	157.777777777778	-1.7083342e-10	-1.6946561e-10	-1.7022533e-10	-1.7127461e-10	-1.7058861e-10	-1.7055518e-10	-1.6965809e-10	-1.6987253e-10	-1.7012072e-10	-1.6932938e-10	-1.6943973e-10	-1.6986045e-10	-1.6937518e-10	-1.7113451e-10	-1.7178022e-10	-1.7044968e-10	-1.6982891e-10	-1.711286e-10	-1.7128098e-10	-1.7077866e-10	-1.721914e-10	-1.6708299e-10	-1.6468824e-10	-1.6534225e-10	-1.6542864e-10	-1.6676339e-10	-1.6673518e-10	-1.6705748e-10	-1.6782256e-10	-1.6899195e-10	-1.6889191e-10	-1.6980557e-10	-1.6907932e-10	-1.7040615e-10	-1.7069271e-10	-1.6984933e-10	-1.7060349e-10	-1.6985276e-10	-1.7049721e-10	-1.7085819e-10	-1.6992556e-10	-1.7088814e-10	-1.6982346e-10	-1.7029629e-10	-1.702067e-10	-1.7019942e-10	-1.7073282e-10	-1.7112976e-10	-1.7051635e-10	-1.7118885e-10	-1.7082175e-10
	158.888888888889	-1.7116099e-10	-1.7146867e-10	-1.7148867e-10	-1.7138085e-10	-1.7155209e-10	-1.716421e-10	-1.7101826e-10	-1.7047955e-10	-1.7039734e-10	-1.7002506e-10	-1.7112264e-10	-1.7136816e-10	-1.7102959e-10	-1.7107851e-10	-1.7081767e-10	-1.7187161e-10	-1.7130304e-10	-1.7169959e-10	-1.7128113e-10	-1.7143775e-10	-1.7189933e-10	-1.6599985e-10	-1.6379251e-10	-1.634914e-10	-1.643074e-10	-1.643221e-10	-1.6531872e-10	-1.6525439e-10	-1.6676478e-10	-1.6566463e-10	-1.6730982e-10	-1.6747062e-10	-1.6587606e-10	-1.6761324e-10	-1.6658777e-10	-1.676633e-10	-1.684746e-10	-1.6786822e-10	-1.6645235e-10	-1.6779346e-10	-1.6750099e-10	-1.6746565e-10	-1.6734628e-10	-1.6734668e-10	-1.6879445e-10	-1.6825642e-10	-1.6791103e-10	-1.6798025e-10	-1.6769769e-10	-1.6839607e-10	-1.6851169e-10
	160	-1.6861568e-10	-1.6813953e-10	-1.6786927e-10	-1.6799238e-10	-1.6854373e-10	-1.6931244e-10	-1.6902105e-10	-1.6917931e-10	-1.6919426e-10	-1.6887187e-10	-1.6765717e-10	-1.6840115e-10	-1.6896874e-10	-1.6933206e-10	-1.6926197e-10	-1.6940538e-10	-1.6857213e-10	-1.6788701e-10	-1.6743772e-10	-1.6706998e-10	-1.6779021e-10	-1.6504496e-10	-1.6189089e-10	-1.6215256e-10	-1.618808e-10	-1.6240048e-10	-1.632097e-10	-1.6450512e-10	-1.6512852e-10	-1.6496952e-10	-1.6622781e-10	-1.6718037e-10	-1.6781401e-10	-1.6714441e-10	-1.6685042e-10	-1.6773595e-10	-1.6656553e-10	-1.6626989e-10	-1.6669485e-10	-1.6638407e-10	-1.6662141e-10	-1.6606851e-10	-1.6645833e-10	-1.6621106e-10	-1.6707428e-10	-1.6787688e-10	-1.6806484e-10	-1.6752283e-10	-1.6691833e-10	-1.6705277e-10	-1.6691035e-10
	161.111111111111	-1.677027e-10	-1.6726352e-10	-1.6732496e-10	-1.6793487e-10	-1.6752859e-10	-1.6711171e-10	-1.6751966e-10	-1.6773527e-10	-1.6799362e-10	-1.6849033e-10	-1.6804345e-10	-1.6656074e-10	-1.6579794e-10	-1.6639386e-10	-1.6757366e-10	-1.679441e-10	-1.6760823e-10	-1.6719227e-10	-1.6789389e-10	-1.6862603e-10	-1.683035e-10	-1.6323655e-10	-1.6287452e-10	-1.6377477e-10	-1.6253315e-10	-1.6304086e-10	-1.6392269e-10	-1.6370102e-10	-1.6485334e-10	-1.6582699e-10	-1.6545237e-10	-1.6675999e-10	-1.6616582e-10	-1.6799065e-10	-1.6632366e-10	-1.6585976e-10	-1.6704844e-10	-1.6744627e-10	-1.6709786e-10	-1.6678685e-10	-1.6777971e-10	-1.6780223e-10	-1.678295e-10	-1.6848981e-10	-1.6765365e-10	-1.6742302e-10	-1.67225e-10	-1.6724669e-10	-1.677045e-10	-1.6648063e-10	-1.6652285e-10
	162.222222222222	-1.6635575e-10	-1.668865e-10	-1.6688367e-10	-1.6729633e-10	-1.6661394e-10	-1.6686602e-10	-1.679557e-10	-1.6726563e-10	-1.6668987e-10	-1.6696902e-10	-1.6612413e-10	-1.6537823e-10	-1.6644519e-10	-1.6742313e-10	-1.6742788e-10	-1.6648312e-10	-1.6689683e-10	-1.6719469e-10	-1.6804583e-10	-1.6858905e-10	-1.6680357e-10	-1.639123e-10	-1.6139398e-10	-1.6166962e-10	-1.6221037e-10	-1.6367373e-10	-1.6356574e-10	-1.6416599e-10	-1.6364525e-10	-1.6364314e-10	-1.6409142e-10	-1.6461717e-10	-1.6495344e-10	-1.6551033e-10	-1.659599e-10	-1.6607088e-10	-1.6658698e-10	-1.6628411e-10	-1.6625192e-10	-1.6568934e-10	-1.6567668e-10	-1.6521869e-10	-1.6551481e-10	-1.654271e-10	-1.6642041e-10	-1.6552773e-10	-1.6434713e-10	-1.6609736e-10	-1.6521921e-10	-1.6639722e-10	-1.6722557e-10
	163.333333333333	-1.6528742e-10	-1.671145e-10	-1.6808246e-10	-1.6663403e-10	-1.6677133e-10	-1.6664886e-10	-1.6695784e-10	-1.6666965e-10	-1.6711567e-10	-1.6735874e-10	-1.6671635e-10	-1.6668314e-10	-1.6564411e-10	-1.6618559e-10	-1.666399e-10	-1.6730439e-10	-1.6607717e-10	-1.6655102e-10	-1.6672685e-10	-1.6899417e-10	-1.6914266e-10	-1.6372761e-10	-1.6232779e-10	-1.6175881e-10	-1.6275185e-10	-1.6310617e-10	-1.6257688e-10	-1.6376113e-10	-1.6395577e-10	-1.6450045e-10	-1.6421332e-10	-1.6455333e-10	-1.6438789e-10	-1.6517206e-10	-1.6470179e-10	-1.6512706e-10	-1.6640357e-10	-1.658277e-10	-1.6617381e-10	-1.6693426e-10	-1.6607701e-10	-1.6516095e-10	-1.6516381e-10	-1.6495612e-10	-1.6641913e-10	-1.6631448e-10	-1.6573309e-10	-1.6650523e-10	-1.6589685e-10	-1.6595865e-10	-1.6399117e-10
	164.444444444444	-1.6497487e-10	-1.6616518e-10	-1.663634e-10	-1.6647295e-10	-1.6619621e-10	-1.6621994e-10	-1.6641932e-10	-1.6665169e-10	-1.6748453e-10	-1.6688974e-10	-1.6616394e-10	-1.6545956e-10	-1.6617162e-10	-1.6677118e-10	-1.6654421e-10	-1.6697188e-10	-1.6682629e-10	-1.6702845e-10	-1.6694285e-10	-1.6718082e-10	-1.6796507e-10	-1.6225762e-10	-1.6247116e-10	-1.6253904e-10	-1.6289256e-10	-1.6330751e-10	-1.6292653e-10	-1.6408253e-10	-1.6446833e-10	-1.6509252e-10	-1.6503532e-10	-1.6607103e-10	-1.6678071e-10	-1.6671989e-10	-1.6682512e-10	-1.6645596e-10	-1.6706209e-10	-1.6612613e-10	-1.6647005e-10	-1.6683913e-10	-1.6655841e-10	-1.6662487e-10	-1.6603743e-10	-1.6722891e-10	-1.6876586e-10	-1.6657155e-10	-1.6693248e-10	-1.6717484e-10	-1.6861205e-10	-1.7160103e-10	-1.677625e-10
	165.555555555556	-1.6706009e-10	-1.6691452e-10	-1.671621e-10	-1.67591e-10	-1.666811e-10	-1.6681487e-10	-1.6669081e-10	-1.6699832e-10	-1.6744908e-10	-1.6817681e-10	-1.67817e-10	-1.6783352e-10	-1.6663237e-10	-1.6582025e-10	-1.6599477e-10	-1.6695019e-10	-1.6670171e-10	-1.6550118e-10	-1.6486391e-10	-1.6494572e-10	-1.634841e-10	-1.6164318e-10	-1.6218057e-10	-1.6380459e-10	-1.6362978e-10	-1.6430066e-10	-1.6462598e-10	-1.6451059e-10	-1.6502869e-10	-1.6582732e-10	-1.6504033e-10	-1.6519214e-10	-1.6578296e-10	-1.6659264e-10	-1.6669643e-10	-1.6787706e-10	-1.6929387e-10	-1.6935688e-10	-1.6790165e-10	-1.6749443e-10	-1.6691999e-10	-1.6704189e-10	-1.6706e-10	-1.6730224e-10	-1.6735263e-10	-1.6658439e-10	-1.6632916e-10	-1.6579348e-10	-1.6570927e-10	-1.6626917e-10	-1.6679495e-10
	166.666666666667	-1.6675221e-10	-1.6647857e-10	-1.6621372e-10	-1.6670103e-10	-1.6745932e-10	-1.6715461e-10	-1.6672384e-10	-1.6609777e-10	-1.6673635e-10	-1.6646519e-10	-1.6588514e-10	-1.6643664e-10	-1.6672343e-10	-1.6570945e-10	-1.6624412e-10	-1.6630476e-10	-1.6691094e-10	-1.6686154e-10	-1.6568048e-10	-1.6589492e-10	-1.6567055e-10	-1.6279411e-10	-1.6151684e-10	-1.6247219e-10	-1.6182848e-10	-1.632561e-10	-1.6346463e-10	-1.6364657e-10	-1.6495988e-10	-1.6399128e-10	-1.6536443e-10	-1.6527402e-10	-1.6499634e-10	-1.6414045e-10	-1.6633533e-10	-1.6656067e-10	-1.6620737e-10	-1.6548243e-10	-1.6533691e-10	-1.6510575e-10	-1.6604976e-10	-1.6601398e-10	-1.6530279e-10	-1.6585083e-10	-1.660191e-10	-1.6644693e-10	-1.6449725e-10	-1.6585734e-10	-1.6574511e-10	-1.6598403e-10	-1.6689604e-10
	167.777777777778	-1.6719326e-10	-1.671409e-10	-1.6735015e-10	-1.6696171e-10	-1.6678463e-10	-1.6611452e-10	-1.6737221e-10	-1.6749303e-10	-1.6672705e-10	-1.6685671e-10	-1.674292e-10	-1.6764429e-10	-1.6841964e-10	-1.6788697e-10	-1.6789556e-10	-1.6716734e-10	-1.673178e-10	-1.6742287e-10	-1.6740148e-10	-1.6693483e-10	-1.6771075e-10	-1.6279818e-10	-1.6124375e-10	-1.6122767e-10	-1.6146373e-10	-1.6188674e-10	-1.627067e-10	-1.6310282e-10	-1.6330608e-10	-1.619896e-10	-1.6244654e-10	-1.6458787e-10	-1.6484457e-10	-1.6511584e-10	-1.6475693e-10	-1.6534651e-10	-1.6498677e-10	-1.6406013e-10	-1.6499735e-10	-1.6485967e-10	-1.6484442e-10	-1.644475e-10	-1.6368766e-10	-1.6386116e-10	-1.6374423e-10	-1.6443356e-10	-1.6367221e-10	-1.6387806e-10	-1.6356055e-10	-1.6359045e-10	-1.6474311e-10
	168.888888888889	-1.640216e-10	-1.6450478e-10	-1.6546774e-10	-1.6618713e-10	-1.65769e-10	-1.6578428e-10	-1.6544921e-10	-1.6544466e-10	-1.6514724e-10	-1.6570358e-10	-1.6542522e-10	-1.6495058e-10	-1.6506736e-10	-1.6495856e-10	-1.6531472e-10	-1.6586518e-10	-1.659225e-10	-1.6542104e-10	-1.6543396e-10	-1.6591439e-10	-1.6709729e-10	-1.6418768e-10	-1.6111978e-10	-1.6132153e-10	-1.6117664e-10	-1.6184773e-10	-1.6204289e-10	-1.6237073e-10	-1.630162e-10	-1.639183e-10	-1.6379514e-10	-1.6347133e-10	-1.6439192e-10	-1.6396541e-10	-1.6368046e-10	-1.6310527e-10	-1.6416482e-10	-1.652475e-10	-1.6348971e-10	-1.6321614e-10	-1.6293689e-10	-1.6328694e-10	-1.6223033e-10	-1.6282127e-10	-1.6370758e-10	-1.6429648e-10	-1.6481974e-10	-1.644449e-10	-1.6516175e-10	-1.6505664e-10	-1.6485315e-10
	170	-1.6462846e-10	-1.6425789e-10	-1.6464681e-10	-1.641846e-10	-1.6453085e-10	-1.6428206e-10	-1.6513775e-10	-1.6506153e-10	-1.6419359e-10	-1.6325433e-10	-1.6411006e-10	-1.6435803e-10	-1.6422429e-10	-1.6488354e-10	-1.6473663e-10	-1.6503433e-10	-1.648109e-10	-1.6499957e-10	-1.6510703e-10	-1.6515078e-10	-1.6422651e-10	-1.609735e-10	-1.5912906e-10	-1.6012693e-10	-1.6037575e-10	-1.6103797e-10	-1.6194324e-10	-1.6217831e-10	-1.6280974e-10	-1.6299262e-10	-1.6364096e-10	-1.6417882e-10	-1.643207e-10	-1.6351219e-10	-1.6431403e-10	-1.6297767e-10	-1.6345947e-10	-1.6387344e-10	-1.6470145e-10	-1.6418467e-10	-1.6442912e-10	-1.6489303e-10	-1.6385077e-10	-1.6376508e-10	-1.6401598e-10	-1.6307834e-10	-1.6333485e-10	-1.634171e-10	-1.6414685e-10	-1.6383721e-10	-1.6478273e-10
	171.111111111111	-1.6470039e-10	-1.6506251e-10	-1.6503438e-10	-1.6552129e-10	-1.6477049e-10	-1.6505543e-10	-1.6447402e-10	-1.6463984e-10	-1.6559695e-10	-1.6584899e-10	-1.6558671e-10	-1.640596e-10	-1.6418726e-10	-1.638798e-10	-1.6434364e-10	-1.6573035e-10	-1.6591206e-10	-1.6527288e-10	-1.6323388e-10	-1.6436291e-10	-1.6494509e-10	-1.619046e-10	-1.6010399e-10	-1.5938798e-10	-1.6080191e-10	-1.6067014e-10	-1.6140532e-10	-1.6168988e-10	-1.6171475e-10	-1.6236266e-10	-1.6289338e-10	-1.6262923e-10	-1.6302824e-10	-1.6310109e-10	-1.6353705e-10	-1.6285219e-10	-1.6375526e-10	-1.6269265e-10	-1.6370467e-10	-1.6370792e-10	-1.6338633e-10	-1.6375074e-10	-1.6366239e-10	-1.6401681e-10	-1.6420904e-10	-1.640585e-10	-1.6330359e-10	-1.6392375e-10	-1.6338242e-10	-1.6457721e-10	-1.6414449e-10
	172.222222222222	-1.6452562e-10	-1.6345413e-10	-1.6324495e-10	-1.6459058e-10	-1.6466209e-10	-1.6498403e-10	-1.6423415e-10	-1.6395614e-10	-1.6377157e-10	-1.6299906e-10	-1.6348595e-10	-1.6340154e-10	-1.6402857e-10	-1.6412015e-10	-1.6412004e-10	-1.6479504e-10	-1.6520392e-10	-1.6506431e-10	-1.6436669e-10	-1.6393423e-10	-1.6424233e-10	-1.613355e-10	-1.606703e-10	-1.5969581e-10	-1.5965353e-10	-1.5987135e-10	-1.6097433e-10	-1.6178615e-10	-1.6239939e-10	-1.6210559e-10	-1.6336558e-10	-1.6319554e-10	-1.632329e-10	-1.6242165e-10	-1.6290665e-10	-1.6306037e-10	-1.6306323e-10	-1.6408803e-10	-1.6498511e-10	-1.6431358e-10	-1.6323264e-10	-1.6041496e-10	-1.6212126e-10	-1.6305507e-10	-1.6261036e-10	-1.6292034e-10	-1.6322653e-10	-1.6230373e-10	-1.6134989e-10	-1.6260675e-10	-1.6347883e-10
	173.333333333333	-1.6458761e-10	-1.6426338e-10	-1.6460029e-10	-1.6453838e-10	-1.6518475e-10	-1.6400213e-10	-1.6447736e-10	-1.6379137e-10	-1.6372603e-10	-1.6364393e-10	-1.6357662e-10	-1.6496489e-10	-1.6443982e-10	-1.6476337e-10	-1.6484943e-10	-1.6517025e-10	-1.6519273e-10	-1.659501e-10	-1.6540018e-10	-1.6586947e-10	-1.6542563e-10	-1.6317908e-10	-1.5967939e-10	-1.6036916e-10	-1.6092357e-10	-1.6156308e-10	-1.6297873e-10	-1.6239156e-10	-1.6211041e-10	-1.6247839e-10	-1.6322635e-10	-1.6438344e-10	-1.6358152e-10	-1.6344885e-10	-1.6204138e-10	-1.6314229e-10	-1.6361829e-10	-1.6397904e-10	-1.6427366e-10	-1.6320567e-10	-1.6334113e-10	-1.6352394e-10	-1.6353294e-10	-1.6354386e-10	-1.6387637e-10	-1.6339868e-10	-1.6251696e-10	-1.6286428e-10	-1.6312955e-10	-1.6323633e-10	-1.6276519e-10
	174.444444444444	-1.630856e-10	-1.635294e-10	-1.6315524e-10	-1.6191036e-10	-1.6284646e-10	-1.6334994e-10	-1.6352929e-10	-1.6341202e-10	-1.6403982e-10	-1.6356198e-10	-1.6394763e-10	-1.640431e-10	-1.6461103e-10	-1.6440868e-10	-1.6417724e-10	-1.6491344e-10	-1.6452177e-10	-1.6486253e-10	-1.6445956e-10	-1.6460117e-10	-1.6546967e-10	-1.6147353e-10	-1.5997312e-10	-1.5899874e-10	-1.605526e-10	-1.6078158e-10	-1.6093143e-10	-1.6134635e-10	-1.6134299e-10	-1.6203272e-10	-1.6143364e-10	-1.6172221e-10	-1.6208171e-10	-1.620462e-10	-1.6238093e-10	-1.6234895e-10	-1.6206507e-10	-1.6174515e-10	-1.6232309e-10	-1.6319633e-10	-1.6376667e-10	-1.6309547e-10	-1.6239204e-10	-1.6286465e-10	-1.6245599e-10	-1.6243527e-10	-1.6226263e-10	-1.6307744e-10	-1.6214528e-10	-1.6235961e-10	-1.6309325e-10
	175.555555555556	-1.630481e-10	-1.6197803e-10	-1.6207855e-10	-1.6212669e-10	-1.620592e-10	-1.6202474e-10	-1.6246929e-10	-1.6260238e-10	-1.6336596e-10	-1.6243196e-10	-1.6365516e-10	-1.6223461e-10	-1.624703e-10	-1.6265868e-10	-1.6281523e-10	-1.6321516e-10	-1.6271513e-10	-1.6320906e-10	-1.6300512e-10	-1.6345932e-10	-1.627737e-10	-1.6042105e-10	-1.5836261e-10	-1.5877294e-10	-1.5931359e-10	-1.575329e-10	-1.5844973e-10	-1.590648e-10	-1.6124753e-10	-1.6116708e-10	-1.6193868e-10	-1.6171291e-10	-1.6096605e-10	-1.6145267e-10	-1.6149801e-10	-1.6177365e-10	-1.6231366e-10	-1.6230764e-10	-1.6208977e-10	-1.6186577e-10	-1.616178e-10	-1.6226358e-10	-1.6225819e-10	-1.6192252e-10	-1.6048271e-10	-1.6125536e-10	-1.6115985e-10	-1.6173889e-10	-1.6075367e-10	-1.6132647e-10	-1.6180088e-10
	176.666666666667	-1.6167313e-10	-1.6221142e-10	-1.6277385e-10	-1.6173135e-10	-1.6258141e-10	-1.6234421e-10	-1.630687e-10	-1.6258972e-10	-1.6209263e-10	-1.6214695e-10	-1.6176706e-10	-1.6221519e-10	-1.627882e-10	-1.6280428e-10	-1.6324732e-10	-1.6287026e-10	-1.626347e-10	-1.6270429e-10	-1.6284589e-10	-1.6292856e-10	-1.6292084e-10	-1.6185929e-10	-1.5785744e-10	-1.5873998e-10	-1.5927838e-10	-1.5893981e-10	-1.597929e-10	-1.6007243e-10	-1.598448e-10	-1.602445e-10	-1.608519e-10	-1.6081822e-10	-1.6136299e-10	-1.610901e-10	-1.6113755e-10	-1.6155299e-10	-1.6162846e-10	-1.6160026e-10	-1.6155842e-10	-1.622292e-10	-1.618089e-10	-1.6119488e-10	-1.6149559e-10	-1.6144197e-10	-1.6226e-10	-1.6093867e-10	-1.6197306e-10	-1.6166048e-10	-1.6133411e-10	-1.617706e-10	-1.6174673e-10
	177.777777777778	-1.6171987e-10	-1.6245467e-10	-1.6332204e-10	-1.6267898e-10	-1.6238956e-10	-1.6261402e-10	-1.6190935e-10	-1.6200809e-10	-1.6320266e-10	-1.6332212e-10	-1.6261206e-10	-1.6305152e-10	-1.6236994e-10	-1.6276941e-10	-1.6300686e-10	-1.6316756e-10	-1.610051e-10	-1.615473e-10	-1.6098112e-10	-1.6109974e-10	-1.6127441e-10	-1.5820847e-10	-1.5697281e-10	-1.5737771e-10	-1.577362e-10	-1.5897413e-10	-1.5909753e-10	-1.5866346e-10	-1.581948e-10	-1.5924057e-10	-1.5984868e-10	-1.6090153e-10	-1.6105454e-10	-1.6136879e-10	-1.6146595e-10	-1.6170265e-10	-1.6224501e-10	-1.6251869e-10	-1.6192482e-10	-1.6182795e-10	-1.6283765e-10	-1.6216502e-10	-1.6160587e-10	-1.6187808e-10	-1.6176185e-10	-1.620955e-10	-1.6193005e-10	-1.6154429e-10	-1.6137719e-10	-1.6041947e-10	-1.6130489e-10
	178.888888888889	-1.6174515e-10	-1.6082312e-10	-1.6198466e-10	-1.6187823e-10	-1.6159774e-10	-1.6068623e-10	-1.6179971e-10	-1.6235574e-10	-1.6265428e-10	-1.6261736e-10	-1.6230986e-10	-1.6186953e-10	-1.6172687e-10	-1.6094363e-10	-1.6177301e-10	-1.6157442e-10	-1.6215719e-10	-1.6148234e-10	-1.6088764e-10	-1.6085001e-10	-1.6200756e-10	-1.5948876e-10	-1.5793881e-10	-1.5826331e-10	-1.5885161e-10	-1.587738e-10	-1.6001522e-10	-1.5945674e-10	-1.5940782e-10	-1.5917052e-10	-1.5997872e-10	-1.5984412e-10	-1.5981377e-10	-1.6031484e-10	-1.6044852e-10	-1.6073293e-10	-1.6031579e-10	-1.5988491e-10	-1.6012572e-10	-1.59651e-10	-1.6044907e-10	-1.59758e-10	-1.598596e-10	-1.6007649e-10	-1.5878555e-10	-1.5836868e-10	-1.5846717e-10	-1.5946511e-10	-1.6074064e-10	-1.6042373e-10	-1.6058284e-10
	180	-1.6121859e-10	-1.6106705e-10	-1.6081901e-10	-1.6092658e-10	-1.6127261e-10	-1.6198207e-10	-1.6127272e-10	-1.6100901e-10	-1.6079152e-10	-1.605735e-10	-1.6139846e-10	-1.6122199e-10	-1.6080494e-10	-1.6112923e-10	-1.5883518e-10	-1.5901046e-10	-1.5918872e-10	-1.5969322e-10	-1.5906115e-10	-1.6032554e-10	-1.6078007e-10	-1.5796842e-10	-1.5595725e-10	-1.5572217e-10	-1.5664761e-10	-1.5658046e-10	-1.5752609e-10	-1.5731275e-10	-1.5761847e-10	-1.5832921e-10	-1.5959342e-10	-1.6026182e-10	-1.6003182e-10	-1.6006983e-10	-1.5998837e-10	-1.6004885e-10	-1.6041914e-10	-1.6036671e-10	-1.5928132e-10	-1.5956581e-10	-1.5994958e-10	-1.5978945e-10	-1.5959538e-10	-1.6031779e-10	-1.6030709e-10	-1.6017807e-10	-1.5919334e-10	-1.5883334e-10	-1.580869e-10	-1.5878608e-10	-1.5948107e-10
	181.111111111111	-1.5914778e-10	-1.5887858e-10	-1.5922381e-10	-1.5931574e-10	-1.6012952e-10	-1.6015389e-10	-1.6021204e-10	-1.596704e-10	-1.5994314e-10	-1.6004968e-10	-1.6013024e-10	-1.5928908e-10	-1.5911937e-10	-1.595907e-10	-1.5951873e-10	-1.5952104e-10	-1.5955741e-10	-1.5907765e-10	-1.5961461e-10	-1.5910585e-10	-1.5945524e-10	-1.5867234e-10	-1.5417069e-10	-1.5359937e-10	-1.5593492e-10	-1.56354e-10	-1.5645965e-10	-1.5658294e-10	-1.5598373e-10	-1.5683874e-10	-1.5798417e-10	-1.5814181e-10	-1.5839154e-10	-1.5865599e-10	-1.5904485e-10	-1.578441e-10	-1.588376e-10	-1.5715923e-10	-1.5763768e-10	-1.5792304e-10	-1.580524e-10	-1.5851018e-10	-1.5860858e-10	-1.5867456e-10	-1.5955835e-10	-1.5878826e-10	-1.5985283e-10	-1.5857837e-10	-1.5828981e-10	-1.5841579e-10	-1.5822015e-10
	182.222222222222	-1.5782169e-10	-1.5835538e-10	-1.5836732e-10	-1.5936301e-10	-1.5909649e-10	-1.5898824e-10	-1.5859046e-10	-1.5847876e-10	-1.5939501e-10	-1.591596e-10	-1.5907121e-10	-1.5858839e-10	-1.5841876e-10	-1.5843575e-10	-1.5921459e-10	-1.5883164e-10	-1.586319e-10	-1.5838224e-10	-1.5773677e-10	-1.5887544e-10	-1.5940319e-10	-1.5951361e-10	-1.562904e-10	-1.5555703e-10	-1.5619527e-10	-1.5575839e-10	-1.5555292e-10	-1.5601231e-10	-1.5554931e-10	-1.5639577e-10	-1.5687535e-10	-1.5733881e-10	-1.5743966e-10	-1.5739553e-10	-1.5800349e-10	-1.5845805e-10	-1.591845e-10	-1.5857782e-10	-1.579355e-10	-1.5781175e-10	-1.5784742e-10	-1.5855492e-10	-1.5889801e-10	-1.5824617e-10	-1.5822786e-10	-1.5869475e-10	-1.5790563e-10	-1.5859401e-10	-1.5790014e-10	-1.5772193e-10	-1.5779481e-10
	183.333333333333	-1.5890192e-10	-1.5939057e-10	-1.5822839e-10	-1.5733646e-10	-1.5735187e-10	-1.5803862e-10	-1.5843232e-10	-1.5809858e-10	-1.5823852e-10	-1.5841718e-10	-1.5805678e-10	-1.5800122e-10	-1.5837241e-10	-1.590557e-10	-1.5864933e-10	-1.5821307e-10	-1.5841428e-10	-1.5821322e-10	-1.5866274e-10	-1.5885997e-10	-1.5846875e-10	-1.5573848e-10	-1.5413769e-10	-1.5418522e-10	-1.5421923e-10	-1.546985e-10	-1.5517337e-10	-1.5585801e-10	-1.560343e-10	-1.5625111e-10	-1.5664434e-10	-1.5734868e-10	-1.5641065e-10	-1.5672622e-10	-1.5703186e-10	-1.5676083e-10	-1.5668523e-10	-1.5767022e-10	-1.5768965e-10	-1.5822459e-10	-1.5785023e-10	-1.5753185e-10	-1.5761568e-10	-1.5711317e-10	-1.5779208e-10	-1.5769157e-10	-1.5713923e-10	-1.5741153e-10	-1.5702716e-10	-1.5701515e-10	-1.5723392e-10
	184.444444444444	-1.5809579e-10	-1.5743816e-10	-1.5751442e-10	-1.5690409e-10	-1.5811989e-10	-1.5735703e-10	-1.5818045e-10	-1.5826553e-10	-1.5827276e-10	-1.5869045e-10	-1.5755024e-10	-1.5790447e-10	-1.5846412e-10	-1.5768468e-10	-1.5798311e-10	-1.5772814e-10	-1.5789269e-10	-1.5814114e-10	-1.5796224e-10	-1.5773007e-10	-1.5805086e-10	-1.570112e-10	-1.5318016e-10	-1.5370358e-10	-1.5447567e-10	-1.5478724e-10	-1.5420062e-10	-1.5463018e-10	-1.5508543e-10	-1.5569174e-10	-1.5625801e-10	-1.5580227e-10	-1.5554366e-10	-1.5575169e-10	-1.5614755e-10	-1.566977e-10	-1.5627319e-10	-1.5631337e-10	-1.559954e-10	-1.5542616e-10	-1.5637694e-10	-1.5599295e-10	-1.5460552e-10	-1.5363232e-10	-1.5519001e-10	-1.5493445e-10	-1.5571622e-10	-1.5628543e-10	-1.5610627e-10	-1.5629951e-10	-1.5682319e-10
	185.555555555556	-1.5580351e-10	-1.5669258e-10	-1.5611681e-10	-1.5605878e-10	-1.5603001e-10	-1.5665887e-10	-1.5592903e-10	-1.5614382e-10	-1.5682616e-10	-1.5650495e-10	-1.5553804e-10	-1.5536672e-10	-1.5573147e-10	-1.5590328e-10	-1.5597103e-10	-1.5625405e-10	-1.5548129e-10	-1.5492661e-10	-1.5624471e-10	-1.5537738e-10	-1.5620234e-10	-1.5572044e-10	-1.5211014e-10	-1.5148252e-10	-1.5165644e-10	-1.5237429e-10	-1.527465e-10	-1.5301833e-10	-1.520518e-10	-1.5342247e-10	-1.5458812e-10	-1.5398781e-10	-1.5332652e-10	-1.541603e-10	-1.5425376e-10	-1.5462853e-10	-1.5465972e-10	-1.5488714e-10	-1.5522783e-10	-1.5484888e-10	-1.5522561e-10	-1.5438491e-10	-1.5425859e-10	-1.5500808e-10	-1.5495023e-10	-1.5446339e-10	-1.5379324e-10	-1.5364576e-10	-1.5471384e-10	-1.5395861e-10	-1.542587e-10
	186.666666666667	-1.5523834e-10	-1.539207e-10	-1.5364833e-10	-1.5333126e-10	-1.5361658e-10	-1.546526e-10	-1.547069e-10	-1.5578193e-10	-1.5494424e-10	-1.5422198e-10	-1.5420447e-10	-1.546419e-10	-1.5500803e-10	-1.5545967e-10	-1.5554275e-10	-1.5539102e-10	-1.5450353e-10	-1.5480041e-10	-1.5495226e-10	-1.560085e-10	-1.5581854e-10	-1.5260222e-10	-1.5072779e-10	-1.5122996e-10	-1.5194217e-10	-1.520918e-10	-1.525933e-10	-1.5289578e-10	-1.518287e-10	-1.5180211e-10	-1.5277131e-10	-1.516831e-10	-1.5348552e-10	-1.530511e-10	-1.529052e-10	-1.5360618e-10	-1.5273874e-10	-1.5329066e-10	-1.5350074e-10	-1.545267e-10	-1.5396513e-10	-1.5459493e-10	-1.5409928e-10	-1.5284657e-10	-1.5294392e-10	-1.5427519e-10	-1.5437676e-10	-1.5438555e-10	-1.5441853e-10	-1.5375799e-10	-1.5334575e-10
	187.777777777778	-1.5328573e-10	-1.5283191e-10	-1.5277915e-10	-1.5387169e-10	-1.5434957e-10	-1.5301634e-10	-1.5310209e-10	-1.528971e-10	-1.5460462e-10	-1.5453389e-10	-1.5392446e-10	-1.5312443e-10	-1.5364716e-10	-1.538642e-10	-1.5375887e-10	-1.527288e-10	-1.5384112e-10	-1.541238e-10	-1.543901e-10	-1.5453494e-10	-1.5439552e-10	-1.5242205e-10	-1.4979396e-10	-1.492232e-10	-1.4980785e-10	-1.5012902e-10	-1.5113544e-10	-1.5137179e-10	-1.5172005e-10	-1.5165919e-10	-1.5181115e-10	-1.5142523e-10	-1.5228417e-10	-1.5339852e-10	-1.5236548e-10	-1.5142904e-10	-1.5223807e-10	-1.5209529e-10	-1.5303268e-10	-1.5314736e-10	-1.5213436e-10	-1.5205873e-10	-1.5307294e-10	-1.5280774e-10	-1.5294772e-10	-1.5247154e-10	-1.5236251e-10	-1.5204804e-10	-1.5184169e-10	-1.5211661e-10	-1.52182e-10
	188.888888888889	-1.5305945e-10	-1.5354894e-10	-1.538137e-10	-1.5325609e-10	-1.5238499e-10	-1.5209745e-10	-1.5212309e-10	-1.5244257e-10	-1.5239007e-10	-1.5246712e-10	-1.5230371e-10	-1.5176137e-10	-1.5205207e-10	-1.5229261e-10	-1.5153744e-10	-1.514925e-10	-1.5158007e-10	-1.5217315e-10	-1.5228982e-10	-1.5193953e-10	-1.5203253e-10	-1.5001204e-10	-1.4809262e-10	-1.4803048e-10	-1.4740753e-10	-1.4863512e-10	-1.4939629e-10	-1.496038e-10	-1.5021846e-10	-1.4993427e-10	-1.4977497e-10	-1.4996319e-10	-1.4995913e-10	-1.5213929e-10	-1.522516e-10	-1.5149303e-10	-1.5095983e-10	-1.5010511e-10	-1.5065345e-10	-1.5044364e-10	-1.5013836e-10	-1.5074335e-10	-1.4992144e-10	-1.5093146e-10	-1.510698e-10	-1.519392e-10	-1.5178071e-10	-1.5270274e-10	-1.5217744e-10	-1.5176686e-10	-1.5164969e-10
	190	-1.5218497e-10	-1.5254779e-10	-1.5226286e-10	-1.5198715e-10	-1.5236871e-10	-1.5251311e-10	-1.5235761e-10	-1.5194707e-10	-1.5192116e-10	-1.5204706e-10	-1.5248817e-10	-1.5185152e-10	-1.5192718e-10	-1.516671e-10	-1.5207466e-10	-1.5244385e-10	-1.5275199e-10	-1.5173834e-10	-1.5167301e-10	-1.5180147e-10	-1.507746e-10	-1.5025198e-10	-1.4827012e-10	-1.4871308e-10	-1.4925525e-10	-1.4964729e-10	-1.4923536e-10	-1.4923736e-10	-1.4997725e-10	-1.4852444e-10	-1.5016133e-10	-1.5113061e-10	-1.5103285e-10	-1.5123407e-10	-1.512967e-10	-1.5112825e-10	-1.5138622e-10	-1.5089632e-10	-1.5054849e-10	-1.5066445e-10	-1.5069059e-10	-1.5078018e-10	-1.5068896e-10	-1.5030188e-10	-1.5084534e-10	-1.5118561e-10	-1.5091278e-10	-1.5083106e-10	-1.5033394e-10	-1.5033849e-10	-1.4990663e-10
	191.111111111111	-1.5040771e-10	-1.5100046e-10	-1.5072731e-10	-1.5104373e-10	-1.5011987e-10	-1.4982136e-10	-1.4992832e-10	-1.5003077e-10	-1.4961517e-10	-1.4947221e-10	-1.5030942e-10	-1.5005804e-10	-1.5109981e-10	-1.5068527e-10	-1.5009712e-10	-1.5038952e-10	-1.5057473e-10	-1.5043776e-10	-1.5075634e-10	-1.5061816e-10	-1.5026999e-10	-1.4975106e-10	-1.4791814e-10	-1.4770821e-10	-1.4785054e-10	-1.4751377e-10	-1.4814684e-10	-1.484325e-10	-1.4849603e-10	-1.4905116e-10	-1.4894258e-10	-1.4906928e-10	-1.4863241e-10	-1.4879308e-10	-1.4935347e-10	-1.4946085e-10	-1.4915504e-10	-1.48936e-10	-1.4954583e-10	-1.4880851e-10	-1.4848579e-10	-1.4809932e-10	-1.4855102e-10	-1.4878442e-10	-1.4905448e-10	-1.4892045e-10	-1.4854123e-10	-1.4895561e-10	-1.4977704e-10	-1.5022e-10	-1.4932744e-10
	192.222222222222	-1.4927913e-10	-1.487742e-10	-1.4933867e-10	-1.4929032e-10	-1.4957435e-10	-1.4916354e-10	-1.4924892e-10	-1.4884628e-10	-1.4888797e-10	-1.4936292e-10	-1.4917202e-10	-1.4993172e-10	-1.4973893e-10	-1.4906362e-10	-1.488485e-10	-1.4902085e-10	-1.4854835e-10	-1.493877e-10	-1.4865441e-10	-1.488667e-10	-1.4872445e-10	-1.4883092e-10	-1.4642386e-10	-1.464181e-10	-1.4599573e-10	-1.466136e-10	-1.467456e-10	-1.4721233e-10	-1.4751651e-10	-1.475654e-10	-1.4797429e-10	-1.4742779e-10	-1.473266e-10	-1.4741122e-10	-1.4722212e-10	-1.474125e-10	-1.4805254e-10	-1.4759147e-10	-1.4841371e-10	-1.4829471e-10	-1.478436e-10	-1.4776512e-10	-1.4750375e-10	-1.4747806e-10	-1.478024e-10	-1.4760008e-10	-1.4752954e-10	-1.4699164e-10	-1.467013e-10	-1.4672631e-10	-1.4673848e-10
	193.333333333333	-1.469362e-10	-1.4700147e-10	-1.4730139e-10	-1.4763597e-10	-1.4688908e-10	-1.477627e-10	-1.4764309e-10	-1.4727067e-10	-1.4732957e-10	-1.468495e-10	-1.4727553e-10	-1.4490725e-10	-1.4498826e-10	-1.4690704e-10	-1.4674073e-10	-1.467816e-10	-1.4674251e-10	-1.4725568e-10	-1.4796848e-10	-1.4815631e-10	-1.4761674e-10	-1.4710495e-10	-1.4596797e-10	-1.4603663e-10	-1.4579186e-10	-1.4529629e-10	-1.45402e-10	-1.4551027e-10	-1.4519815e-10	-1.4559527e-10	-1.4577033e-10	-1.4624078e-10	-1.4682962e-10	-1.4596854e-10	-1.4574464e-10	-1.4570328e-10	-1.4563362e-10	-1.446701e-10	-1.4451719e-10	-1.4383583e-10	-1.4369694e-10	-1.4449297e-10	-1.4415501e-10	-1.452601e-10	-1.4572776e-10	-1.4493659e-10	-1.4501522e-10	-1.452384e-10	-1.4561659e-10	-1.4552172e-10	-1.4547476e-10
	194.444444444444	-1.4458507e-10	-1.4420506e-10	-1.4461876e-10	-1.4470712e-10	-1.4496492e-10	-1.4581571e-10	-1.4522974e-10	-1.4615081e-10	-1.4530416e-10	-1.4490491e-10	-1.4517663e-10	-1.4503779e-10	-1.4529689e-10	-1.4525497e-10	-1.4516202e-10	-1.4492985e-10	-1.4473835e-10	-1.4520017e-10	-1.4542968e-10	-1.4546915e-10	-1.4514621e-10	-1.4527757e-10	-1.4342157e-10	-1.4362278e-10	-1.4359292e-10	-1.4375584e-10	-1.4392094e-10	-1.4320561e-10	-1.4320935e-10	-1.4365042e-10	-1.4457026e-10	-1.4484451e-10	-1.4509499e-10	-1.448555e-10	-1.4405321e-10	-1.4419806e-10	-1.4404108e-10	-1.4397529e-10	-1.4424664e-10	-1.4448823e-10	-1.4295094e-10	-1.4269022e-10	-1.4302107e-10	-1.4393074e-10	-1.4437608e-10	-1.438922e-10	-1.4384777e-10	-1.4404673e-10	-1.4363032e-10	-1.4352712e-10	-1.4380887e-10
	195.555555555556	-1.4381471e-10	-1.4380212e-10	-1.435263e-10	-1.4405423e-10	-1.4328974e-10	-1.4308559e-10	-1.4379245e-10	-1.4352197e-10	-1.4374085e-10	-1.4361932e-10	-1.4304805e-10	-1.4342948e-10	-1.4323728e-10	-1.4278731e-10	-1.4429018e-10	-1.4370327e-10	-1.4349956e-10	-1.4269444e-10	-1.4273184e-10	-1.428682e-10	-1.4291084e-10	-1.4312121e-10	-1.4238261e-10	-1.4214949e-10	-1.4139197e-10	-1.4241311e-10	-1.4197184e-10	-1.4162645e-10	-1.4238449e-10	-1.4249571e-10	-1.4293242e-10	-1.4321522e-10	-1.42827e-10	-1.4275726e-10	-1.4293754e-10	-1.4265693e-10	-1.4278689e-10	-1.4260937e-10	-1.4206573e-10	-1.4248584e-10	-1.4265475e-10	-1.4223961e-10	-1.4232751e-10	-1.4182616e-10	-1.4203473e-10	-1.4164855e-10	-1.4153019e-10	-1.4192481e-10	-1.4231244e-10	-1.4203165e-10	-1.4186484e-10
	196.666666666667	-1.4117456e-10	-1.4141548e-10	-1.4175074e-10	-1.4141427e-10	-1.4183833e-10	-1.425278e-10	-1.4230958e-10	-1.4207646e-10	-1.426718e-10	-1.4271206e-10	-1.4278663e-10	-1.4181555e-10	-1.4138131e-10	-1.417618e-10	-1.4195364e-10	-1.4239647e-10	-1.4278186e-10	-1.4241922e-10	-1.4268951e-10	-1.422077e-10	-1.4195094e-10	-1.4194454e-10	-1.4078819e-10	-1.4154619e-10	-1.4129763e-10	-1.4108523e-10	-1.4105039e-10	-1.4064253e-10	-1.4037964e-10	-1.4079161e-10	-1.4112793e-10	-1.4159458e-10	-1.4125345e-10	-1.4167729e-10	-1.4150997e-10	-1.412564e-10	-1.4142218e-10	-1.416022e-10	-1.406003e-10	-1.4063989e-10	-1.4142813e-10	-1.4177957e-10	-1.411514e-10	-1.4142444e-10	-1.4199625e-10	-1.4242027e-10	-1.4171209e-10	-1.4080939e-10	-1.4132256e-10	-1.4127371e-10	-1.4137141e-10
	197.777777777778	-1.41488e-10	-1.4169631e-10	-1.4167695e-10	-1.4063664e-10	-1.4090121e-10	-1.4130309e-10	-1.4152733e-10	-1.4161014e-10	-1.4176443e-10	-1.4081832e-10	-1.4118891e-10	-1.4082525e-10	-1.4092325e-10	-1.4060161e-10	-1.4036296e-10	-1.4022952e-10	-1.4016181e-10	-1.4024701e-10	-1.408787e-10	-1.4111644e-10	-1.4080506e-10	-1.3940912e-10	-1.3906795e-10	-1.3905017e-10	-1.3930955e-10	-1.3976095e-10	-1.3985334e-10	-1.4048936e-10	-1.4046035e-10	-1.4041765e-10	-1.4070443e-10	-1.4101702e-10	-1.4079757e-10	-1.4072771e-10	-1.4047349e-10	-1.4028294e-10	-1.4002668e-10	-1.4018242e-10	-1.3974977e-10	-1.3961957e-10	-1.4031536e-10	-1.4008664e-10	-1.3926127e-10	-1.3900615e-10	-1.3917258e-10	-1.3997856e-10	-1.400598e-10	-1.4038296e-10	-1.4040209e-10	-1.4006928e-10	-1.4014724e-10
	198.888888888889	-1.396903e-10	-1.4064647e-10	-1.4060159e-10	-1.4032812e-10	-1.4036443e-10	-1.4043308e-10	-1.4000966e-10	-1.3947191e-10	-1.3938352e-10	-1.4006266e-10	-1.3964604e-10	-1.395139e-10	-1.3970208e-10	-1.4037464e-10	-1.4024071e-10	-1.4032454e-10	-1.3930559e-10	-1.3855e-10	-1.3930186e-10	-1.3931931e-10	-1.3985547e-10	-1.4002609e-10	-1.3950417e-10	-1.387748e-10	-1.3960774e-10	-1.3949766e-10	-1.394542e-10	-1.3969907e-10	-1.4040093e-10	-1.3983793e-10	-1.3918602e-10	-1.3918948e-10	-1.3916109e-10	-1.4022124e-10	-1.4030191e-10	-1.3978581e-10	-1.400947e-10	-1.3974027e-10	-1.3981134e-10	-1.3994256e-10	-1.3960548e-10	-1.3929011e-10	-1.3960123e-10	-1.3946712e-10	-1.3886105e-10	-1.3939801e-10	-1.3875201e-10	-1.3882552e-10	-1.3980163e-10	-1.3944347e-10	-1.3999513e-10
	200	-1.3993239e-10	-1.3996401e-10	-1.4062893e-10	-1.3996966e-10	-1.3986742e-10	-1.3906411e-10	-1.40014e-10	-1.3967949e-10	-1.3913085e-10	-1.3909134e-10	-1.3924213e-10	-1.3970389e-10	-1.3970375e-10	-1.3950505e-10	-1.3927388e-10	-1.3941326e-10	-1.4007007e-10	-1.3981891e-10	-1.3907382e-10	-1.397872e-10	-1.399728e-10	-1.385744e-10	-1.3787986e-10	-1.3742273e-10	-1.3765573e-10	-1.3878222e-10	-1.3942772e-10	-1.3928714e-10	-1.3878462e-10	-1.3973737e-10	-1.3957185e-10	-1.3946562e-10	-1.4026354e-10	-1.3992779e-10	-1.406389e-10	-1.4035535e-10	-1.3986418e-10	-1.3981356e-10	-1.3987035e-10	-1.4010419e-10	-1.4010006e-10	-1.4037821e-10	-1.4019018e-10	-1.3994401e-10	-1.3967692e-10	-1.4012318e-10	-1.3958809e-10	-1.3973749e-10	-1.3908109e-10	-1.3909586e-10	-1.3986057e-10
	201.111111111111	-1.395679e-10	-1.3961569e-10	-1.4069292e-10	-1.4017462e-10	-1.4062734e-10	-1.403708e-10	-1.4012155e-10	-1.3990745e-10	-1.4054019e-10	-1.4036586e-10	-1.4094483e-10	-1.4106101e-10	-1.4051428e-10	-1.4051839e-10	-1.4057473e-10	-1.4130615e-10	-1.4165943e-10	-1.4082679e-10	-1.4090241e-10	-1.405786e-10	-1.4052562e-10	-1.397884e-10	-1.3843562e-10	-1.3873122e-10	-1.3874421e-10	-1.3996605e-10	-1.3911729e-10	-1.3887595e-10	-1.3946048e-10	-1.3972348e-10	-1.3965128e-10	-1.4041433e-10	-1.406522e-10	-1.4020456e-10	-1.3969613e-10	-1.3974441e-10	-1.3983376e-10	-1.4086422e-10	-1.4022851e-10	-1.404224e-10	-1.4018306e-10	-1.4025732e-10	-1.4024677e-10	-1.406177e-10	-1.4024482e-10	-1.4052144e-10	-1.4079445e-10	-1.4078759e-10	-1.4037832e-10	-1.4088178e-10	-1.4016355e-10
	202.222222222222	-1.4028448e-10	-1.4108986e-10	-1.4068237e-10	-1.4078247e-10	-1.410882e-10	-1.4097533e-10	-1.4049384e-10	-1.4091632e-10	-1.4142214e-10	-1.4074089e-10	-1.4121776e-10	-1.412342e-10	-1.4065235e-10	-1.4139682e-10	-1.4137434e-10	-1.417879e-10	-1.424571e-10	-1.4221502e-10	-1.4086121e-10	-1.4106688e-10	-1.4145475e-10	-1.4073012e-10	-1.3984162e-10	-1.4063989e-10	-1.4029555e-10	-1.4052035e-10	-1.4025675e-10	-1.4041392e-10	-1.4126193e-10	-1.4146616e-10	-1.4080122e-10	-1.4065739e-10	-1.409968e-10	-1.4118016e-10	-1.4151114e-10	-1.4160152e-10	-1.4187596e-10	-1.4142719e-10	-1.4194514e-10	-1.4136715e-10	-1.4120458e-10	-1.4218896e-10	-1.4192156e-10	-1.4189354e-10	-1.4213032e-10	-1.4171958e-10	-1.4149949e-10	-1.4173747e-10	-1.4133063e-10	-1.4151968e-10	-1.4112936e-10
	203.333333333333	-1.4137511e-10	-1.4171839e-10	-1.41991e-10	-1.4113072e-10	-1.4162117e-10	-1.4142693e-10	-1.4162513e-10	-1.4180455e-10	-1.4166618e-10	-1.4202269e-10	-1.4205194e-10	-1.4222115e-10	-1.420707e-10	-1.422639e-10	-1.4186075e-10	-1.4213793e-10	-1.4244166e-10	-1.424208e-10	-1.4180915e-10	-1.4209217e-10	-1.4243454e-10	-1.407421e-10	-1.4035373e-10	-1.4073423e-10	-1.405423e-10	-1.4081161e-10	-1.4068512e-10	-1.4156924e-10	-1.4174083e-10	-1.4149448e-10	-1.4186947e-10	-1.4201526e-10	-1.412909e-10	-1.4205673e-10	-1.4256892e-10	-1.4262216e-10	-1.4177788e-10	-1.4246467e-10	-1.4197078e-10	-1.414743e-10	-1.4257649e-10	-1.42724e-10	-1.4249084e-10	-1.4245453e-10	-1.4282915e-10	-1.4271052e-10	-1.4144101e-10	-1.420945e-10	-1.4257336e-10	-1.430248e-10	-1.4273933e-10
	204.444444444444	-1.4324172e-10	-1.4336184e-10	-1.4302522e-10	-1.4264741e-10	-1.424182e-10	-1.4214188e-10	-1.4256733e-10	-1.4307824e-10	-1.4297814e-10	-1.4257333e-10	-1.4213555e-10	-1.4272332e-10	-1.4244016e-10	-1.4324286e-10	-1.4323356e-10	-1.4277202e-10	-1.4303407e-10	-1.4276483e-10	-1.4279986e-10	-1.4292018e-10	-1.4298342e-10	-1.4315052e-10	-1.424916e-10	-1.4216854e-10	-1.4165367e-10	-1.4257241e-10	-1.4277458e-10	-1.4274826e-10	-1.4219408e-10	-1.4262699e-10	-1.4286961e-10	-1.4214858e-10	-1.4261686e-10	-1.4289969e-10	-1.4179483e-10	-1.4192175e-10	-1.4298375e-10	-1.4280249e-10	-1.4190642e-10	-1.4310336e-10	-1.4298357e-10	-1.4260051e-10	-1.4349549e-10	-1.4371189e-10	-1.4354211e-10	-1.4287536e-10	-1.4343761e-10	-1.4268409e-10	-1.4262583e-10	-1.431745e-10	-1.4266673e-10
	205.555555555556	-1.4290158e-10	-1.4279289e-10	-1.4296907e-10	-1.4216033e-10	-1.44217e-10	-1.4417041e-10	-1.4424649e-10	-1.4403785e-10	-1.4441091e-10	-1.4403939e-10	-1.4425267e-10	-1.4491681e-10	-1.4920286e-10	-1.4512361e-10	-1.4501914e-10	-1.4428317e-10	-1.4497779e-10	-1.4543612e-10	-1.451024e-10	-1.4491761e-10	-1.44718e-10	-1.4337509e-10	-1.4236122e-10	-1.4302058e-10	-1.4291657e-10	-1.4348633e-10	-1.4407713e-10	-1.4377709e-10	-1.4434189e-10	-1.4496145e-10	-1.4459971e-10	-1.4497914e-10	-1.4534215e-10	-1.4509141e-10	-1.4455222e-10	-1.4506148e-10	-1.4484755e-10	-1.4453953e-10	-1.4504117e-10	-1.4503085e-10	-1.4558586e-10	-1.448143e-10	-1.4480285e-10	-1.4488269e-10	-1.4499316e-10	-1.4535e-10	-1.4552079e-10	-1.4503695e-10	-1.4830924e-10	-1.4637738e-10	-1.4562458e-10
	206.666666666667	-1.4456848e-10	-1.451778e-10	-1.4562544e-10	-1.4592429e-10	-1.4558929e-10	-1.4623996e-10	-1.4647643e-10	-1.4579006e-10	-1.4635404e-10	-1.4636085e-10	-1.4621718e-10	-1.4582346e-10	-1.4639982e-10	-1.4616415e-10	-1.4641414e-10	-1.4610257e-10	-1.4643087e-10	-1.4674593e-10	-1.4634514e-10	-1.46497e-10	-1.4710932e-10	-1.4512569e-10	-1.4371976e-10	-1.437778e-10	-1.44912e-10	-1.4579395e-10	-1.4507869e-10	-1.4461929e-10	-1.4501199e-10	-1.4622173e-10	-1.4633121e-10	-1.4692901e-10	-1.4708124e-10	-1.4708609e-10	-1.4629849e-10	-1.473159e-10	-1.4717079e-10	-1.4688667e-10	-1.4643931e-10	-1.4657842e-10	-1.4689684e-10	-1.4709271e-10	-1.4700591e-10	-1.4699182e-10	-1.4738859e-10	-1.4736659e-10	-1.4776304e-10	-1.4700734e-10	-1.476174e-10	-1.4742729e-10	-1.4707333e-10
	207.777777777778	-1.4732976e-10	-1.4726825e-10	-1.4769157e-10	-1.4804147e-10	-1.4771198e-10	-1.4769939e-10	-1.478964e-10	-1.4816987e-10	-1.4816662e-10	-1.4866454e-10	-1.4877172e-10	-1.4879466e-10	-1.4800197e-10	-1.4831986e-10	-1.4893521e-10	-1.4856097e-10	-1.4883254e-10	-1.4878772e-10	-1.4778409e-10	-1.4705984e-10	-1.4797862e-10	-1.491008e-10	-1.472957e-10	-1.4625141e-10	-1.4615778e-10	-1.4651198e-10	-1.4737228e-10	-1.4707291e-10	-1.4771122e-10	-1.4823828e-10	-1.4859754e-10	-1.4824393e-10	-1.4834062e-10	-1.4742538e-10	-1.4789203e-10	-1.473582e-10	-1.4826672e-10	-1.4858778e-10	-1.4887667e-10	-1.489464e-10	-1.4773172e-10	-1.4840015e-10	-1.4894383e-10	-1.4939851e-10	-1.4922516e-10	-1.49079e-10	-1.4908219e-10	-1.4875108e-10	-1.4883314e-10	-1.4900194e-10	-1.4868164e-10
	208.888888888889	-1.4914735e-10	-1.4915071e-10	-1.4854018e-10	-1.4900123e-10	-1.4962158e-10	-1.4937829e-10	-1.5005995e-10	-1.5072557e-10	-1.5036132e-10	-1.5025861e-10	-1.5034803e-10	-1.4993932e-10	-1.492203e-10	-1.4971885e-10	-1.4910453e-10	-1.4941855e-10	-1.5017794e-10	-1.5006112e-10	-1.5111302e-10	-1.5154047e-10	-1.5100825e-10	-1.4805661e-10	-1.4779367e-10	-1.4738986e-10	-1.4819607e-10	-1.4833715e-10	-1.4895354e-10	-1.4963235e-10	-1.5014807e-10	-1.5022453e-10	-1.5025861e-10	-1.4968703e-10	-1.5102644e-10	-1.5062411e-10	-1.5019169e-10	-1.511769e-10	-1.5058721e-10	-1.5062178e-10	-1.5032418e-10	-1.5018183e-10	-1.5049237e-10	-1.5028219e-10	-1.504752e-10	-1.5049746e-10	-1.5007762e-10	-1.5082921e-10	-1.50765e-10	-1.5070366e-10	-1.5045738e-10	-1.5136796e-10	-1.5009098e-10
	210	-1.5023828e-10	-1.5062637e-10	-1.5084262e-10	-1.51058e-10	-1.5199508e-10	-1.5133797e-10	-1.5103507e-10	-1.5153825e-10	-1.5153012e-10	-1.5116308e-10	-1.5142686e-10	-1.5111351e-10	-1.5121125e-10	-1.5089309e-10	-1.5134904e-10	-1.5184271e-10	-1.5188685e-10	-1.5210309e-10	-1.5147487e-10	-1.5153201e-10	-1.5209711e-10	-1.5184941e-10	-1.5016238e-10	-1.4921439e-10	-1.4862593e-10	-1.4973385e-10	-1.5006665e-10	-1.5059771e-10	-1.509866e-10	-1.5055644e-10	-1.5087309e-10	-1.5133594e-10	-1.5113495e-10	-1.5138675e-10	-1.5130311e-10	-1.5142464e-10	-1.5074086e-10	-1.5165263e-10	-1.522845e-10	-1.5222218e-10	-1.5231298e-10	-1.5216897e-10	-1.5191344e-10	-1.5187004e-10	-1.515281e-10	-1.5193531e-10	-1.5255454e-10	-1.5225859e-10	-1.5236416e-10	-1.5283828e-10	-1.5261453e-10
	211.111111111111	-1.5257601e-10	-1.5216418e-10	-1.5124876e-10	-1.5236792e-10	-1.5285e-10	-1.5242965e-10	-1.5241117e-10	-1.5209112e-10	-1.5303539e-10	-1.5352333e-10	-1.5289549e-10	-1.5354562e-10	-1.5376775e-10	-1.5259743e-10	-1.5341088e-10	-1.53821e-10	-1.4893592e-10	-1.4787935e-10	-1.486376e-10	-1.4825463e-10	-1.4798697e-10	-1.4838314e-10	-1.4828175e-10	-1.4902758e-10	-1.4987236e-10	-1.4990573e-10	-1.5061967e-10	-1.5181299e-10	-1.5338025e-10	-1.5382356e-10	-1.5496474e-10	-1.5497316e-10	-1.5429828e-10	-1.5500227e-10	-1.554179e-10	-1.5455687e-10	-1.5547839e-10	-1.5615312e-10	-1.5567934e-10	-1.5522651e-10	-1.5488998e-10	-1.5573459e-10	-1.5546468e-10	-1.5520184e-10	-1.5509899e-10	-1.54628e-10	-1.552484e-10	-1.5498612e-10	-1.5468329e-10	-1.5488451e-10	-1.5474685e-10
	212.222222222222	-1.5446613e-10	-1.5433839e-10	-1.54995e-10	-1.5570398e-10	-1.5568609e-10	-1.5527848e-10	-1.5544965e-10	-1.5448719e-10	-1.553961e-10	-1.5545346e-10	-1.5623598e-10	-1.5620291e-10	-1.5516204e-10	-1.5536962e-10	-1.5590143e-10	-1.5600263e-10	-1.5685291e-10	-1.5652848e-10	-1.5719716e-10	-1.5719524e-10	-1.5624559e-10	-1.5322618e-10	-1.5191234e-10	-1.530273e-10	-1.5346127e-10	-1.5357911e-10	-1.5404938e-10	-1.5395553e-10	-1.5499935e-10	-1.5493637e-10	-1.5536461e-10	-1.5543229e-10	-1.5473096e-10	-1.5488745e-10	-1.5615606e-10	-1.5637054e-10	-1.5609297e-10	-1.5687945e-10	-1.5712026e-10	-1.5663289e-10	-1.5570956e-10	-1.5695138e-10	-1.5711148e-10	-1.5716138e-10	-1.5774897e-10	-1.5731835e-10	-1.5740836e-10	-1.5744618e-10	-1.5666833e-10	-1.5644203e-10	-1.5641623e-10
	213.333333333333	-1.5740641e-10	-1.5741153e-10	-1.5811007e-10	-1.5806875e-10	-1.5651554e-10	-1.5710361e-10	-1.5761373e-10	-1.5760612e-10	-1.5781379e-10	-1.5639155e-10	-1.5756522e-10	-1.5787961e-10	-1.5677419e-10	-1.5743382e-10	-1.5777672e-10	-1.5817044e-10	-1.5770268e-10	-1.577823e-10	-1.5830202e-10	-1.5881632e-10	-1.5879063e-10	-1.5513993e-10	-1.5281199e-10	-1.5332874e-10	-1.5326497e-10	-1.5449958e-10	-1.5470016e-10	-1.553721e-10	-1.5650635e-10	-1.5755094e-10	-1.576561e-10	-1.57771e-10	-1.5770886e-10	-1.5715257e-10	-1.5819206e-10	-1.5827001e-10	-1.5870966e-10	-1.5909271e-10	-1.5862364e-10	-1.5795679e-10	-1.5776309e-10	-1.5795908e-10	-1.5878864e-10	-1.5810404e-10	-1.591878e-10	-1.5915674e-10	-1.5821924e-10	-1.5891902e-10	-1.5899336e-10	-1.5863058e-10	-1.5872778e-10
	214.444444444444	-1.6026973e-10	-1.5887895e-10	-1.5951486e-10	-1.602703e-10	-1.595042e-10	-1.5980356e-10	-1.6102547e-10	-1.604377e-10	-1.6021723e-10	-1.6046015e-10	-1.6085261e-10	-1.596971e-10	-1.6043619e-10	-1.6044417e-10	-1.5963966e-10	-1.5947133e-10	-1.5927405e-10	-1.5964535e-10	-1.6038694e-10	-1.6036426e-10	-1.598421e-10	-1.5666049e-10	-1.5484478e-10	-1.5504555e-10	-1.5614736e-10	-1.5720195e-10	-1.5772084e-10	-1.5838574e-10	-1.5851458e-10	-1.5853506e-10	-1.5910258e-10	-1.5901558e-10	-1.5822869e-10	-1.6017121e-10	-1.6069673e-10	-1.6008458e-10	-1.5999485e-10	-1.6058514e-10	-1.603019e-10	-1.6036995e-10	-1.6081401e-10	-1.6073895e-10	-1.6043118e-10	-1.6051691e-10	-1.6019094e-10	-1.6061312e-10	-1.6055064e-10	-1.6054601e-10	-1.6055644e-10	-1.616047e-10	-1.6106359e-10
	215.555555555556	-1.6043984e-10	-1.6063628e-10	-1.6066529e-10	-1.6083375e-10	-1.6024571e-10	-1.6087676e-10	-1.6189386e-10	-1.6101033e-10	-1.6047781e-10	-1.6072389e-10	-1.6157672e-10	-1.6129309e-10	-1.6103006e-10	-1.6167995e-10	-1.6063779e-10	-1.6131328e-10	-1.6111601e-10	-1.6107564e-10	-1.6173271e-10	-1.6209249e-10	-1.61909e-10	-1.5694435e-10	-1.5537456e-10	-1.5613169e-10	-1.5639269e-10	-1.5777714e-10	-1.5819483e-10	-1.5892591e-10	-1.5881048e-10	-1.5942259e-10	-1.5987456e-10	-1.6079398e-10	-1.6108166e-10	-1.6165641e-10	-1.6175607e-10	-1.6073273e-10	-1.6149465e-10	-1.6159156e-10	-1.6128548e-10	-1.6067737e-10	-1.6114053e-10	-1.6171581e-10	-1.6068069e-10	-1.5929374e-10	-1.601464e-10	-1.6179565e-10	-1.6185028e-10	-1.6112814e-10	-1.6138205e-10	-1.617584e-10	-1.6191974e-10
	216.666666666667	-1.6225318e-10	-1.6239626e-10	-1.6264919e-10	-1.6210318e-10	-1.6137391e-10	-1.6147432e-10	-1.6261865e-10	-1.6237565e-10	-1.6268369e-10	-1.620578e-10	-1.6209592e-10	-1.6328476e-10	-1.6365492e-10	-1.6254607e-10	-1.6245577e-10	-1.6290909e-10	-1.6337763e-10	-1.6307239e-10	-1.6287154e-10	-1.6309303e-10	-1.6332555e-10	-1.5870928e-10	-1.5620724e-10	-1.5704935e-10	-1.5690077e-10	-1.5771695e-10	-1.5828414e-10	-1.5951181e-10	-1.5977589e-10	-1.5969506e-10	-1.6052244e-10	-1.609642e-10	-1.6111229e-10	-1.6165441e-10	-1.6142766e-10	-1.605691e-10	-1.6086305e-10	-1.6048753e-10	-1.6064329e-10	-1.6155095e-10	-1.6207478e-10	-1.6212563e-10	-1.615168e-10	-1.6168127e-10	-1.6249184e-10	-1.6315042e-10	-1.6273344e-10	-1.6076912e-10	-1.6044625e-10	-1.6094458e-10	-1.6039112e-10
	217.777777777778	-1.6161916e-10	-1.6285151e-10	-1.6353829e-10	-1.6336354e-10	-1.6376449e-10	-1.6310669e-10	-1.6354364e-10	-1.6437553e-10	-1.6369263e-10	-1.6249878e-10	-1.6274843e-10	-1.6200503e-10	-1.611789e-10	-1.6189711e-10	-1.6168394e-10	-1.6270799e-10	-1.6394763e-10	-1.6421488e-10	-1.6296181e-10	-1.6266331e-10	-1.6331669e-10	-1.6053035e-10	-1.5745247e-10	-1.5765377e-10	-1.5862869e-10	-1.5795626e-10	-1.5861995e-10	-1.5937152e-10	-1.6026981e-10	-1.6016451e-10	-1.6053313e-10	-1.621631e-10	-1.607353e-10	-1.6046353e-10	-1.6017866e-10	-1.6120037e-10	-1.6200455e-10	-1.62347e-10	-1.6175866e-10	-1.6098325e-10	-1.6194734e-10	-1.616316e-10	-1.6138306e-10	-1.6243723e-10	-1.6275258e-10	-1.6240435e-10	-1.6243776e-10	-1.6234086e-10	-1.6193834e-10	-1.6248838e-10	-1.6327997e-10
	218.888888888889	-1.6233152e-10	-1.6217873e-10	-1.6223488e-10	-1.6330762e-10	-1.6325806e-10	-1.6346956e-10	-1.6383687e-10	-1.6392981e-10	-1.6409639e-10	-1.6388606e-10	-1.6349593e-10	-1.6361425e-10	-1.6406909e-10	-1.6372634e-10	-1.6431434e-10	-1.6383468e-10	-1.6175787e-10	-1.617384e-10	-1.6163716e-10	-1.6317596e-10	-1.6354568e-10	-1.5907502e-10	-1.5714925e-10	-1.5683504e-10	-1.5671209e-10	-1.5819085e-10	-1.5886942e-10	-1.5919692e-10	-1.6052888e-10	-1.6083672e-10	-1.6186806e-10	-1.6194225e-10	-1.6232223e-10	-1.6282507e-10	-1.6353913e-10	-1.6317359e-10	-1.6306922e-10	-1.632923e-10	-1.6392661e-10	-1.6301853e-10	-1.635497e-10	-1.6303589e-10	-1.6336768e-10	-1.6304523e-10	-1.6329454e-10	-1.6380675e-10	-1.6323923e-10	-1.6364593e-10	-1.6320947e-10	-1.636703e-10	-1.6403646e-10
	220	-1.6420433e-10	-1.6350281e-10	-1.6393023e-10	-1.6417095e-10	-1.6353645e-10	-1.6359121e-10	-1.6436205e-10	-1.6380923e-10	-1.637037e-10	-1.6375183e-10	-1.6360679e-10	-1.6245701e-10	-1.6350711e-10	-1.640974e-10	-1.6477278e-10	-1.6496779e-10	-1.6507433e-10	-1.649911e-10	-1.6427092e-10	-1.6308881e-10	-1.6426108e-10	-1.5815665e-10	-1.5709778e-10	-1.5702019e-10	-1.5770532e-10	-1.5900214e-10	-1.5999879e-10	-1.6035134e-10	-1.6045608e-10	-1.6162655e-10	-1.6171799e-10	-1.6253911e-10	-1.6279042e-10	-1.6216736e-10	-1.6287692e-10	-1.6246134e-10	-1.631508e-10	-1.6332001e-10	-1.6303514e-10	-1.6265217e-10	-1.6332825e-10	-1.6320059e-10	-1.6336203e-10	-1.63695e-10	-1.6332979e-10	-1.6345408e-10	-1.6421732e-10	-1.6428692e-10	-1.6384791e-10	-1.6379051e-10	-1.6371726e-10
	221.111111111111	-1.6445967e-10	-1.6420704e-10	-1.6390775e-10	-1.6464805e-10	-1.6484607e-10	-1.6390318e-10	-1.6521563e-10	-1.6483387e-10	-1.6459686e-10	-1.6476709e-10	-1.6404818e-10	-1.6433147e-10	-1.6389035e-10	-1.6399884e-10	-1.6428311e-10	-1.6459946e-10	-1.6456979e-10	-1.6449586e-10	-1.6579994e-10	-1.6553839e-10	-1.6580548e-10	-1.6098943e-10	-1.5789554e-10	-1.583718e-10	-1.5945516e-10	-1.5977973e-10	-1.6087102e-10	-1.6151647e-10	-1.6175436e-10	-1.6296076e-10	-1.6288013e-10	-1.631958e-10	-1.6341691e-10	-1.6317607e-10	-1.6365448e-10	-1.632831e-10	-1.6362345e-10	-1.6428973e-10	-1.6438416e-10	-1.6482732e-10	-1.6471419e-10	-1.653029e-10	-1.6386033e-10	-1.6458478e-10	-1.6545139e-10	-1.6490678e-10	-1.6597168e-10	-1.6518381e-10	-1.6517104e-10	-1.649238e-10	-1.6426428e-10
	222.222222222222	-1.6468013e-10	-1.6585919e-10	-1.648771e-10	-1.6546838e-10	-1.6547701e-10	-1.6532584e-10	-1.6552762e-10	-1.6497601e-10	-1.6589004e-10	-1.6658278e-10	-1.6605879e-10	-1.6551806e-10	-1.6616289e-10	-1.655623e-10	-1.6598517e-10	-1.6531577e-10	-1.6569281e-10	-1.6654624e-10	-1.6632136e-10	-1.6626046e-10	-1.6610109e-10	-1.5809541e-10	-1.5754598e-10	-1.5848833e-10	-1.5797079e-10	-1.5872635e-10	-1.5902195e-10	-1.6014605e-10	-1.6164635e-10	-1.6215236e-10	-1.6297616e-10	-1.6363297e-10	-1.6399139e-10	-1.6363057e-10	-1.6510955e-10	-1.6481493e-10	-1.644011e-10	-1.6437526e-10	-1.6387551e-10	-1.6519636e-10	-1.6531694e-10	-1.6594129e-10	-1.6602539e-10	-1.6458715e-10	-1.6495329e-10	-1.6483165e-10	-1.6574847e-10	-1.660409e-10	-1.6532443e-10	-1.665665e-10	-1.6637236e-10
	223.333333333333	-1.6683001e-10	-1.6760572e-10	-1.6749251e-10	-1.6657524e-10	-1.6704543e-10	-1.6717439e-10	-1.6682636e-10	-1.6721069e-10	-1.706868e-10	-1.6889433e-10	-1.6670219e-10	-1.6605461e-10	-1.6638753e-10	-1.667269e-10	-1.6654085e-10	-1.6723035e-10	-1.6748464e-10	-1.670446e-10	-1.6736461e-10	-1.6800726e-10	-1.6796971e-10	-1.637635e-10	-1.6013181e-10	-1.596742e-10	-1.6027267e-10	-1.614254e-10	-1.6216879e-10	-1.6356722e-10	-1.6383578e-10	-1.6515798e-10	-1.6527547e-10	-1.6502526e-10	-1.6555285e-10	-1.6574041e-10	-1.6553534e-10	-1.6606549e-10	-1.6525639e-10	-1.6611555e-10	-1.655503e-10	-1.6533427e-10	-1.6545663e-10	-1.6516186e-10	-1.6523929e-10	-1.6675394e-10	-1.6583361e-10	-1.662549e-10	-1.6650553e-10	-1.6745541e-10	-1.6687103e-10	-1.6673316e-10	-1.6656695e-10
	224.444444444444	-1.6690883e-10	-1.6629444e-10	-1.6668558e-10	-1.6699229e-10	-1.66418e-10	-1.6712433e-10	-1.6724643e-10	-1.6721023e-10	-1.6654672e-10	-1.6680557e-10	-1.6641906e-10	-1.6665154e-10	-1.6710351e-10	-1.6704897e-10	-1.672847e-10	-1.6633357e-10	-1.6613513e-10	-1.6659034e-10	-1.6728349e-10	-1.6745115e-10	-1.6771795e-10	-1.6759728e-10	-1.5998219e-10	-1.5914468e-10	-1.5973396e-10	-1.6097004e-10	-1.6178506e-10	-1.624616e-10	-1.6366002e-10	-1.6415638e-10	-1.6495513e-10	-1.6502703e-10	-1.6565503e-10	-1.6574718e-10	-1.6562497e-10	-1.6581987e-10	-1.6567732e-10	-1.6650233e-10	-1.6643759e-10	-1.6548714e-10	-1.6594705e-10	-1.6606071e-10	-1.6518682e-10	-1.6543494e-10	-1.6556197e-10	-1.6585222e-10	-1.6556335e-10	-1.6419532e-10	-1.6448456e-10	-1.6581264e-10	-1.6494617e-10
	225.555555555556	-1.6437007e-10	-1.6591718e-10	-1.6685185e-10	-1.6742117e-10	-1.6777478e-10	-1.6794158e-10	-1.6769244e-10	-1.6789861e-10	-1.6766695e-10	-1.6738638e-10	-1.6762876e-10	-1.6744908e-10	-1.6752885e-10	-1.6715773e-10	-1.6746814e-10	-1.6846792e-10	-1.691592e-10	-1.6927774e-10	-1.6906301e-10	-1.6900215e-10	-1.6873242e-10	-1.6845528e-10	-1.5998125e-10	-1.6014549e-10	-1.6037734e-10	-1.6156464e-10	-1.6237932e-10	-1.6292181e-10	-1.6389114e-10	-1.6548857e-10	-1.6587982e-10	-1.6692661e-10	-1.6651039e-10	-1.6692149e-10	-1.6671681e-10	-1.6665824e-10	-1.6681972e-10	-1.6631263e-10	-1.6638836e-10	-1.6645242e-10	-1.6604583e-10	-1.6640181e-10	-1.6744581e-10	-1.6721326e-10	-1.6725128e-10	-1.6690815e-10	-1.6712094e-10	-1.6669846e-10	-1.663699e-10	-1.6646251e-10	-1.6716448e-10
	226.666666666667	-1.6790354e-10	-1.6731226e-10	-1.6706996e-10	-1.6753665e-10	-1.6825895e-10	-1.6771283e-10	-1.6801961e-10	-1.6837125e-10	-1.6836613e-10	-1.6895274e-10	-1.6865141e-10	-1.6854529e-10	-1.6863977e-10	-1.682475e-10	-1.6897973e-10	-1.6907106e-10	-1.6846367e-10	-1.6830512e-10	-1.6827582e-10	-1.6831411e-10	-1.686673e-10	-1.6614808e-10	-1.6021516e-10	-1.6062777e-10	-1.6158413e-10	-1.6297824e-10	-1.6324303e-10	-1.6446641e-10	-1.6535445e-10	-1.6598871e-10	-1.6668984e-10	-1.6676505e-10	-1.6681695e-10	-1.6666001e-10	-1.6715285e-10	-1.674019e-10	-1.6748479e-10	-1.6820306e-10	-1.677085e-10	-1.6777994e-10	-1.6812186e-10	-1.677205e-10	-1.6721212e-10	-1.6760587e-10	-1.6770767e-10	-1.6755694e-10	-1.6795276e-10	-1.6842359e-10	-1.6881049e-10	-1.6864275e-10	-1.6866576e-10
	227.777777777778	-1.6903469e-10	-1.6935496e-10	-1.6918036e-10	-1.6872929e-10	-1.6888348e-10	-1.6860942e-10	-1.6918729e-10	-1.6897021e-10	-1.6908787e-10	-1.69116e-10	-1.6909664e-10	-1.6880744e-10	-1.6898008e-10	-1.6947932e-10	-1.6973022e-10	-1.7001821e-10	-1.695462e-10	-1.6929128e-10	-1.6940252e-10	-1.6890886e-10	-1.6946893e-10	-1.6509343e-10	-1.6033062e-10	-1.5948066e-10	-1.6058228e-10	-1.6111533e-10	-1.6136879e-10	-1.6352507e-10	-1.645261e-10	-1.6527536e-10	-1.6664706e-10	-1.6675891e-10	-1.6723554e-10	-1.6677601e-10	-1.6736153e-10	-1.6730672e-10	-1.6831569e-10	-1.6820129e-10	-1.6777801e-10	-1.6744596e-10	-1.6720229e-10	-1.6698988e-10	-1.6773007e-10	-1.6763479e-10	-1.6754072e-10	-1.6748603e-10	-1.680802e-10	-1.6864449e-10	-1.6915366e-10	-1.6857292e-10	-1.687151e-10
	228.888888888889	-1.6915738e-10	-1.6874176e-10	-1.6892336e-10	-1.6755206e-10	-1.669303e-10	-1.6819549e-10	-1.6880872e-10	-1.6865759e-10	-1.6807844e-10	-1.6773349e-10	-1.6731377e-10	-1.6792809e-10	-1.6854144e-10	-1.6801893e-10	-1.6805697e-10	-1.6808706e-10	-1.6803803e-10	-1.6810545e-10	-1.6880951e-10	-1.687972e-10	-1.6467076e-10	-1.59613e-10	-1.6077684e-10	-1.6033146e-10	-1.6060808e-10	-1.6052115e-10	-1.6231491e-10	-1.6301244e-10	-1.644709e-10	-1.6519719e-10	-1.6632494e-10	-1.6697647e-10	-1.6732533e-10	-1.6671198e-10	-1.6806571e-10	-1.6688097e-10	-1.6762504e-10	-1.6734654e-10	-1.6707906e-10	-1.6754659e-10	-1.6835973e-10	-1.6777948e-10	-1.6701161e-10	-1.668522e-10	-1.665842e-10	-1.6699293e-10	-1.6694759e-10	-1.6803306e-10	-1.6804873e-10	-1.6827567e-10	-1.6755509e-10
	230	-1.6845478e-10	-1.6860731e-10	-1.6965131e-10	-1.6939537e-10	-1.6895195e-10	-1.6837988e-10	-1.6881199e-10	-1.6892084e-10	-1.68987e-10	-1.6844409e-10	-1.680686e-10	-1.6888145e-10	-1.6765848e-10	-1.6724326e-10	-1.6925975e-10	-1.6967627e-10	-1.7006159e-10	-1.7021946e-10	-1.7006122e-10	-1.6985396e-10	-1.6981137e-10	-1.6377277e-10	-1.6136902e-10	-1.6168707e-10	-1.6264685e-10	-1.6314414e-10	-1.6417277e-10	-1.6418086e-10	-1.6537698e-10	-1.669459e-10	-1.673776e-10	-1.6802605e-10	-1.6756876e-10	-1.6692815e-10	-1.6738638e-10	-1.6813294e-10	-1.6804126e-10	-1.6796191e-10	-1.6821307e-10	-1.6860344e-10	-1.6903461e-10	-1.6814868e-10	-1.678533e-10	-1.6811824e-10	-1.6883636e-10	-1.6861963e-10	-1.6915395e-10	-1.6870319e-10	-1.6919366e-10	-1.6913881e-10	-1.6977325e-10
	231.111111111111	-1.6965113e-10	-1.6959151e-10	-1.6971458e-10	-1.7022478e-10	-1.70308e-10	-1.7053589e-10	-1.6952402e-10	-1.6981566e-10	-1.6958936e-10	-1.699398e-10	-1.6954028e-10	-1.6995505e-10	-1.6853956e-10	-1.7012976e-10	-1.7085175e-10	-1.7041571e-10	-1.7043308e-10	-1.6994903e-10	-1.694299e-10	-1.6951079e-10	-1.7011099e-10	-1.6371643e-10	-1.6149865e-10	-1.6230399e-10	-1.6246296e-10	-1.6350632e-10	-1.6425525e-10	-1.6507629e-10	-1.6581275e-10	-1.667594e-10	-1.6740337e-10	-1.6764692e-10	-1.6766609e-10	-1.6905465e-10	-1.6944331e-10	-1.7020078e-10	-1.698488e-10	-1.6925587e-10	-1.6902658e-10	-1.6913475e-10	-1.6895692e-10	-1.6927067e-10	-1.6944632e-10	-1.6876173e-10	-1.6870771e-10	-1.6877962e-10	-1.6924732e-10	-1.6850962e-10	-1.6816872e-10	-1.6859503e-10	-1.6914564e-10
	232.222222222222	-1.6929086e-10	-1.6986187e-10	-1.7034479e-10	-1.7060274e-10	-1.7035455e-10	-1.7047073e-10	-1.7023845e-10	-1.7019069e-10	-1.6968374e-10	-1.6995323e-10	-1.696866e-10	-1.7004133e-10	-1.6997494e-10	-1.7044882e-10	-1.6962966e-10	-1.705035e-10	-1.7054903e-10	-1.7026955e-10	-1.7026247e-10	-1.7106006e-10	-1.7081632e-10	-1.642342e-10	-1.6162048e-10	-1.6131856e-10	-1.6270685e-10	-1.6327441e-10	-1.6423826e-10	-1.6496192e-10	-1.6551797e-10	-1.6689261e-10	-1.6728154e-10	-1.6786893e-10	-1.6850725e-10	-1.6879753e-10	-1.6758166e-10	-1.6638746e-10	-1.6547433e-10	-1.67999e-10	-1.6917072e-10	-1.6893488e-10	-1.6717581e-10	-1.6769681e-10	-1.688381e-10	-1.6912707e-10	-1.6899424e-10	-1.6915087e-10	-1.6865344e-10	-1.6887772e-10	-1.6881219e-10	-1.6910071e-10	-1.6960913e-10
	233.333333333333	-1.6966954e-10	-1.6940384e-10	-1.6949792e-10	-1.6988534e-10	-1.6921003e-10	-1.7005403e-10	-1.7037033e-10	-1.6946214e-10	-1.6993204e-10	-1.7058613e-10	-1.7005188e-10	-1.705542e-10	-1.6924442e-10	-1.6925271e-10	-1.7009018e-10	-1.7049288e-10	-1.7039979e-10	-1.6982452e-10	-1.7030367e-10	-1.6972584e-10	-1.6985234e-10	-1.6315174e-10	-1.6136728e-10	-1.6135079e-10	-1.6270195e-10	-1.6289285e-10	-1.6383608e-10	-1.6440566e-10	-1.6516627e-10	-1.6655975e-10	-1.6720256e-10	-1.6842056e-10	-1.6869475e-10	-1.6764229e-10	-1.6735342e-10	-1.6749789e-10	-1.679601e-10	-1.6872229e-10	-1.6798737e-10	-1.6872127e-10	-1.683583e-10	-1.6751077e-10	-1.6773538e-10	-1.6866937e-10	-1.6930701e-10	-1.6850778e-10	-1.6762206e-10	-1.676264e-10	-1.6826451e-10	-1.673941e-10	-1.6820766e-10
	234.444444444444	-1.6929277e-10	-1.6923542e-10	-1.6879331e-10	-1.687009e-10	-1.6903476e-10	-1.6909411e-10	-1.6909969e-10	-1.6974837e-10	-1.6949706e-10	-1.691996e-10	-1.6878564e-10	-1.69601e-10	-1.7014617e-10	-1.6986801e-10	-1.7006133e-10	-1.6970536e-10	-1.6940722e-10	-1.6838635e-10	-1.6869778e-10	-1.7059107e-10	-1.7055039e-10	-1.6545215e-10	-1.6104861e-10	-1.6180422e-10	-1.6245826e-10	-1.6324631e-10	-1.6390606e-10	-1.6508751e-10	-1.659045e-10	-1.6645886e-10	-1.6758546e-10	-1.676053e-10	-1.675478e-10	-1.6840816e-10	-1.6872002e-10	-1.6838032e-10	-1.6840669e-10	-1.6849934e-10	-1.6737105e-10	-1.6900305e-10	-1.6871193e-10	-1.682551e-10	-1.6770899e-10	-1.675548e-10	-1.6737704e-10	-1.6720816e-10	-1.6705722e-10	-1.6786027e-10	-1.6744479e-10	-1.6741625e-10	-1.6886476e-10
	235.555555555556	-1.6945227e-10	-1.7025942e-10	-1.6965557e-10	-1.7009165e-10	-1.6928758e-10	-1.6762421e-10	-1.6722493e-10	-1.6835001e-10	-1.6876896e-10	-1.6812145e-10	-1.6787033e-10	-1.6780227e-10	-1.6942817e-10	-1.6964634e-10	-1.6881777e-10	-1.6874914e-10	-1.6846337e-10	-1.6837148e-10	-1.6879186e-10	-1.6860641e-10	-1.6894536e-10	-1.6536952e-10	-1.5963054e-10	-1.5961817e-10	-1.6055798e-10	-1.6149895e-10	-1.6202255e-10	-1.6336045e-10	-1.6289715e-10	-1.6421811e-10	-1.6574309e-10	-1.6660427e-10	-1.6754531e-10	-1.6674795e-10	-1.6720425e-10	-1.6742743e-10	-1.6754692e-10	-1.6716693e-10	-1.6556731e-10	-1.6683363e-10	-1.6671571e-10	-1.6701376e-10	-1.6783198e-10	-1.6747789e-10	-1.6797634e-10	-1.6862893e-10	-1.6846721e-10	-1.6837509e-10	-1.678121e-10	-1.6803664e-10	-1.6742988e-10
	236.666666666667	-1.6886093e-10	-1.6770661e-10	-1.6817538e-10	-1.6861416e-10	-1.6794316e-10	-1.6776111e-10	-1.6738096e-10	-1.6728338e-10	-1.6865082e-10	-1.6837991e-10	-1.6845271e-10	-1.7044388e-10	-1.7000931e-10	-1.7072069e-10	-1.7081681e-10	-1.705171e-10	-1.7136501e-10	-1.7128673e-10	-1.7107961e-10	-1.7070352e-10	-1.714596e-10	-1.6628265e-10	-1.6160989e-10	-1.617851e-10	-1.6254521e-10	-1.6679698e-10	-1.6413533e-10	-1.6418802e-10	-1.6508314e-10	-1.6566083e-10	-1.6676399e-10	-1.676235e-10	-1.6712866e-10	-1.681886e-10	-1.6855123e-10	-1.6920766e-10	-1.6843554e-10	-1.6847192e-10	-1.68217e-10	-1.678768e-10	-1.6702935e-10	-1.680262e-10	-1.6735309e-10	-1.6746284e-10	-1.6724049e-10	-1.6878639e-10	-1.6814472e-10	-1.6899228e-10	-1.6857439e-10	-1.6958597e-10	-1.698955e-10
	237.777777777778	-1.6950315e-10	-1.6991787e-10	-1.7025065e-10	-1.7033565e-10	-1.6990785e-10	-1.6951031e-10	-1.6978843e-10	-1.6941111e-10	-1.6978734e-10	-1.6937947e-10	-1.6984263e-10	-1.6951886e-10	-1.7032413e-10	-1.6974565e-10	-1.7072543e-10	-1.708928e-10	-1.7122279e-10	-1.7150803e-10	-1.7092279e-10	-1.7034039e-10	-1.7003794e-10	-1.6090704e-10	-1.6050003e-10	-1.6199626e-10	-1.6286371e-10	-1.6407978e-10	-1.6532764e-10	-1.6558269e-10	-1.6591017e-10	-1.6730774e-10	-1.6767596e-10	-1.673143e-10	-1.6828682e-10	-1.668664e-10	-1.6704829e-10	-1.6670818e-10	-1.6758726e-10	-1.6849308e-10	-1.6929248e-10	-1.6743115e-10	-1.6822302e-10	-1.6894852e-10	-1.6896615e-10	-1.6846748e-10	-1.692799e-10	-1.6907374e-10	-1.687534e-10	-1.6913426e-10	-1.6940505e-10	-1.6935262e-10	-1.698659e-10
	238.888888888889	-1.7015626e-10	-1.6932261e-10	-1.6949363e-10	-1.6966137e-10	-1.7068352e-10	-1.7026115e-10	-1.7038228e-10	-1.7014914e-10	-1.6990692e-10	-1.7008946e-10	-1.7008596e-10	-1.6986706e-10	-1.6999896e-10	-1.7078988e-10	-1.7060545e-10	-1.701162e-10	-1.7040118e-10	-1.7032548e-10	-1.7096376e-10	-1.7132787e-10	-1.6988647e-10	-1.6481722e-10	-1.6057475e-10	-1.6141052e-10	-1.6327109e-10	-1.6388353e-10	-1.6482136e-10	-1.6568569e-10	-1.6654364e-10	-1.6700445e-10	-1.6783921e-10	-1.6791325e-10	-1.689434e-10	-1.6886977e-10	-1.687923e-10	-1.6925783e-10	-1.6922379e-10	-1.689037e-10	-1.6884104e-10	-1.6900682e-10	-1.702737e-10	-1.695323e-10	-1.6897635e-10	-1.6902445e-10	-1.6848789e-10	-1.6874413e-10	-1.687044e-10	-1.6805596e-10	-1.686797e-10	-1.6909747e-10	-1.6959689e-10
	240	-1.7020892e-10	-1.7024003e-10	-1.6994074e-10	-1.6870685e-10	-1.6895529e-10	-1.6974e-10	-1.7003236e-10	-1.6956435e-10	-1.6971639e-10	-1.6944361e-10	-1.6951882e-10	-1.7005021e-10	-1.6972174e-10	-1.7032126e-10	-1.7078292e-10	-1.7165966e-10	-1.7061166e-10	-1.7098448e-10	-1.7072257e-10	-1.7077903e-10	-1.7138142e-10	-1.6336719e-10	-1.6045008e-10	-1.6079668e-10	-1.6145707e-10	-1.6286993e-10	-1.6273408e-10	-1.6498904e-10	-1.6601352e-10	-1.6619878e-10	-1.6681792e-10	-1.6831028e-10	-1.6817454e-10	-1.6922265e-10	-1.6874986e-10	-1.6910048e-10	-1.6915042e-10	-1.6842409e-10	-1.6928532e-10	-1.6790402e-10	-1.6853097e-10	-1.6868504e-10	-1.6872553e-10	-1.6834598e-10	-1.6936656e-10	-1.6890853e-10	-1.6770428e-10	-1.6829943e-10	-1.6988409e-10	-1.6958707e-10	-1.6943337e-10
	241.111111111111	-1.6877219e-10	-1.6939951e-10	-1.6980568e-10	-1.6996837e-10	-1.7025691e-10	-1.6965779e-10	-1.6950379e-10	-1.6951972e-10	-1.6988756e-10	-1.7056413e-10	-1.6963247e-10	-1.6877577e-10	-1.68718e-10	-1.6954101e-10	-1.7007624e-10	-1.7155681e-10	-1.7055314e-10	-1.7081447e-10	-1.7060707e-10	-1.7091725e-10	-1.7138127e-10	-1.6585855e-10	-1.6161804e-10	-1.6178039e-10	-1.6192893e-10	-1.6289617e-10	-1.6396093e-10	-1.6540093e-10	-1.6579449e-10	-1.6728484e-10	-1.674493e-10	-1.6861526e-10	-1.6973299e-10	-1.6909223e-10	-1.6936011e-10	-1.6938169e-10	-1.6966076e-10	-1.6959667e-10	-1.6988165e-10	-1.693576e-10	-1.6859691e-10	-1.6901612e-10	-1.6910602e-10	-1.691015e-10	-1.6897661e-10	-1.6945223e-10	-1.6952297e-10	-1.6898592e-10	-1.6847798e-10	-1.6785473e-10	-1.686609e-10
	242.222222222222	-1.6935391e-10	-1.6957354e-10	-1.6937353e-10	-1.692164e-10	-1.6967627e-10	-1.7121929e-10	-1.7083104e-10	-1.7124177e-10	-1.7032842e-10	-1.7033233e-10	-1.7012257e-10	-1.6997441e-10	-1.7032699e-10	-1.6965071e-10	-1.6933432e-10	-1.6911679e-10	-1.6965535e-10	-1.6934072e-10	-1.6982263e-10	-1.6957501e-10	-1.6963451e-10	-1.625869e-10	-1.5943329e-10	-1.6126399e-10	-1.6156919e-10	-1.6338275e-10	-1.6305698e-10	-1.6461009e-10	-1.6636832e-10	-1.6683106e-10	-1.6713567e-10	-1.6782713e-10	-1.6764583e-10	-1.6746392e-10	-1.6739383e-10	-1.6824293e-10	-1.6835268e-10	-1.680984e-10	-1.6752305e-10	-1.6793351e-10	-1.6922221e-10	-1.6823289e-10	-1.678104e-10	-1.6930776e-10	-1.6989102e-10	-1.6990666e-10	-1.6973732e-10	-1.6959421e-10	-1.6999455e-10	-1.6980162e-10	-1.6985381e-10
	243.333333333333	-1.7000307e-10	-1.7067414e-10	-1.7089043e-10	-1.7099415e-10	-1.699242e-10	-1.6969405e-10	-1.6902647e-10	-1.6973062e-10	-1.7033716e-10	-1.7073068e-10	-1.7065366e-10	-1.6963313e-10	-1.7030664e-10	-1.6991257e-10	-1.7055334e-10	-1.7088475e-10	-1.7090987e-10	-1.7076582e-10	-1.7074044e-10	-1.7105792e-10	-1.7134741e-10	-1.6445367e-10	-1.6155254e-10	-1.6189368e-10	-1.6233841e-10	-1.6256638e-10	-1.6446942e-10	-1.6599827e-10	-1.6678645e-10	-1.6706012e-10	-1.6779399e-10	-1.6788824e-10	-1.6807659e-10	-1.6845583e-10	-1.6894942e-10	-1.6889244e-10	-1.6888702e-10	-1.7000047e-10	-1.6995433e-10	-1.694359e-10	-1.7034325e-10	-1.6956349e-10	-1.6853226e-10	-1.6905803e-10	-1.7039949e-10	-1.7078283e-10	-1.7051785e-10	-1.701629e-10	-1.7057675e-10	-1.7098199e-10	-1.707645e-10
	244.444444444444	-1.7113255e-10	-1.7165966e-10	-1.7195932e-10	-1.7115424e-10	-1.7062089e-10	-1.7106548e-10	-1.7082973e-10	-1.7164749e-10	-1.719211e-10	-1.7206711e-10	-1.717456e-10	-1.7165205e-10	-1.7225237e-10	-1.7139151e-10	-1.7138195e-10	-1.7127412e-10	-1.709641e-10	-1.7068541e-10	-1.7095472e-10	-1.7199665e-10	-1.716319e-10	-1.6166168e-10	-1.61039e-10	-1.6141127e-10	-1.6247712e-10	-1.6384474e-10	-1.6495261e-10	-1.6635074e-10	-1.657169e-10	-1.6628582e-10	-1.6739245e-10	-1.6858814e-10	-1.6899025e-10	-1.6940964e-10	-1.6968242e-10	-1.7002792e-10	-1.6960849e-10	-1.6963421e-10	-1.6990311e-10	-1.6935235e-10	-1.6899948e-10	-1.7011598e-10	-1.7061758e-10	-1.6986851e-10	-1.7006781e-10	-1.6923946e-10	-1.696672e-10	-1.6930543e-10	-1.702123e-10	-1.7069e-10	-1.6965093e-10
	245.555555555556	-1.707411e-10	-1.7027137e-10	-1.6915309e-10	-1.6890996e-10	-1.6937393e-10	-1.6952985e-10	-1.6873995e-10	-1.7006561e-10	-1.6957938e-10	-1.7001489e-10	-1.7006592e-10	-1.6961922e-10	-1.6928299e-10	-1.6995004e-10	-1.7007722e-10	-1.7032808e-10	-1.7090884e-10	-1.7059415e-10	-1.6999863e-10	-1.703164e-10	-1.7028123e-10	-1.639099e-10	-1.6202308e-10	-1.6178751e-10	-1.6184061e-10	-1.63232e-10	-1.6366182e-10	-1.6594294e-10	-1.6694107e-10	-1.6718241e-10	-1.6808387e-10	-1.6804978e-10	-1.6910602e-10	-1.6928343e-10	-1.6890193e-10	-1.6896162e-10	-1.6932795e-10	-1.6884476e-10	-1.6804036e-10	-1.6934736e-10	-1.6941133e-10	-1.6964238e-10	-1.6921346e-10	-1.6929866e-10	-1.6960536e-10	-1.7041643e-10	-1.7020522e-10	-1.7037564e-10	-1.6984843e-10	-1.7044961e-10	-1.7026489e-10
	246.666666666667	-1.7027434e-10	-1.7024838e-10	-1.7061309e-10	-1.7062346e-10	-1.7143342e-10	-1.7151933e-10	-1.7155165e-10	-1.7126531e-10	-1.7133132e-10	-1.7176813e-10	-1.7145489e-10	-1.7192961e-10	-1.7065988e-10	-1.7144274e-10	-1.7149003e-10	-1.714703e-10	-1.7199051e-10	-1.7218277e-10	-1.7151895e-10	-1.7240481e-10	-1.7323736e-10	-1.6181462e-10	-1.6156086e-10	-1.6270368e-10	-1.6362341e-10	-1.6473219e-10	-1.6588483e-10	-1.6699335e-10	-1.6752237e-10	-1.6836507e-10	-1.6898287e-10	-1.6990477e-10	-1.6962115e-10	-1.6971036e-10	-1.6976791e-10	-1.7001564e-10	-1.701095e-10	-1.7045537e-10	-1.7049213e-10	-1.7053281e-10	-1.7025596e-10	-1.6888227e-10	-1.6948161e-10	-1.6979608e-10	-1.6967779e-10	-1.7018949e-10	-1.7019235e-10	-1.6964614e-10	-1.6988948e-10	-1.697745e-10	-1.6967824e-10
	247.777777777778	-1.7065298e-10	-1.7047432e-10	-1.7129642e-10	-1.7141272e-10	-1.7068846e-10	-1.708951e-10	-1.7055675e-10	-1.7010987e-10	-1.7005361e-10	-1.6986854e-10	-1.69581e-10	-1.694188e-10	-1.6960533e-10	-1.6959421e-10	-1.7023687e-10	-1.6990451e-10	-1.7055819e-10	-1.7025902e-10	-1.7033075e-10	-1.7046128e-10	-1.715086e-10	-1.6607088e-10	-1.6178035e-10	-1.6181688e-10	-1.6307276e-10	-1.6407696e-10	-1.6490696e-10	-1.6493405e-10	-1.6538605e-10	-1.6593933e-10	-1.6630419e-10	-1.669425e-10	-1.6806311e-10	-1.6894046e-10	-1.6806985e-10	-1.6956932e-10	-1.696686e-10	-1.6930765e-10	-1.6955622e-10	-1.7021456e-10	-1.7116965e-10	-1.7096327e-10	-1.7132545e-10	-1.7068646e-10	-1.7102778e-10	-1.7106183e-10	-1.7095136e-10	-1.711031e-10	-1.7097784e-10	-1.707289e-10	-1.6978632e-10
	248.888888888889	-1.6996973e-10	-1.7035663e-10	-1.7109418e-10	-1.7087405e-10	-1.7064458e-10	-1.7097351e-10	-1.7051714e-10	-1.7052666e-10	-1.7055529e-10	-1.7074503e-10	-1.7049413e-10	-1.7086715e-10	-1.7073629e-10	-1.6937661e-10	-1.7093253e-10	-1.7046366e-10	-1.6998826e-10	-1.6943616e-10	-1.7076332e-10	-1.70786e-10	-1.7138296e-10	-1.6690123e-10	-1.6192647e-10	-1.6182841e-10	-1.6363169e-10	-1.6409951e-10	-1.6507246e-10	-1.6566795e-10	-1.6648391e-10	-1.6685521e-10	-1.664571e-10	-1.6810345e-10	-1.677414e-10	-1.6696555e-10	-1.6767743e-10	-1.684886e-10	-1.6931341e-10	-1.6977894e-10	-1.7014885e-10	-1.6964614e-10	-1.6883644e-10	-1.6840326e-10	-1.6999004e-10	-1.7006087e-10	-1.7012919e-10	-1.6992642e-10	-1.6911272e-10	-1.700477e-10	-1.697983e-10	-1.703202e-10	-1.6991565e-10
	250	-1.7047748e-10	-1.7090919e-10	-1.7117371e-10	-1.7137618e-10	-1.7127225e-10	-1.7188603e-10	-1.7215637e-10	-1.719017e-10	-1.7042742e-10	-1.71079e-10	-1.7098861e-10	-1.710241e-10	-1.7069904e-10	-1.7171005e-10	-1.7018158e-10	-1.7031253e-10	-1.7191719e-10	-1.7144643e-10	-1.718822e-10	-1.7207141e-10	-1.7219196e-10	-1.6644237e-10	-1.6187461e-10	-1.6250698e-10	-1.6383905e-10	-1.6472736e-10	-1.654184e-10	-1.6672738e-10	-1.675786e-10	-1.6866214e-10	-1.688837e-10	-1.7047939e-10	-1.7007425e-10	-1.7088599e-10	-1.7008675e-10	-1.6995892e-10	-1.7019441e-10	-1.7049108e-10	-1.7002212e-10	-1.7113048e-10	-1.7100289e-10	-1.7175046e-10	-1.7110759e-10	-1.7084739e-10	-1.7067335e-10	-1.71752e-10	-1.7156773e-10	-1.7102685e-10	-1.707982e-10	-1.7081202e-10	-1.7031565e-10
