I1_1826
																																																				
		262.15	262.14	262.13	262.12	262.11	262.1	262.09	262.08	262.07	262.06	262.05	262.04	262.03	262.02	262.01	262	261.99	261.98	261.97	261.96	261.95	261.94	261.93	261.92	261.91	261.9	261.89	261.88	261.87	261.86	261.85	261.84	261.83	261.82	261.81	261.8	261.79	261.78	261.77	261.76	261.75	261.74	261.73	261.72	261.71	261.7	261.69	261.68	261.67	261.66	261.65
	150	-1.703558e-10	-1.7153858e-10	-1.7175367e-10	-1.7218424e-10	-1.7256002e-10	-1.7205913e-10	-1.7205574e-10	-1.7222999e-10	-1.7280444e-10	-1.7223779e-10	-1.7226069e-10	-1.7254337e-10	-1.730103e-10	-1.7324436e-10	-1.7364002e-10	-1.7353706e-10	-1.6342253e-10	-1.5602045e-10	-1.5494751e-10	-1.5615832e-10	-1.5736178e-10	-1.5701702e-10	-1.5779446e-10	-1.5998833e-10	-1.6002957e-10	-1.6028001e-10	-1.6067971e-10	-1.6114339e-10	-1.6348956e-10	-1.6418429e-10	-1.6488327e-10	-1.6546917e-10	-1.6906131e-10	-1.672484e-10	-1.6795872e-10	-1.6969233e-10	-1.6937235e-10	-1.689579e-10	-1.6949268e-10	-1.6993475e-10	-1.6970031e-10	-1.6937718e-10	-1.6896087e-10	-1.6798624e-10	-1.6853806e-10	-1.6899566e-10	-1.6913204e-10	-1.6977661e-10	-1.6869633e-10	-1.6864508e-10	-1.6857168e-10
	151.111111111111	-1.7027392e-10	-1.7158208e-10	-1.7222861e-10	-1.7244711e-10	-1.7174059e-10	-1.7159266e-10	-1.7146819e-10	-1.7228878e-10	-1.7207992e-10	-1.722964e-10	-1.7212921e-10	-1.7236675e-10	-1.7201431e-10	-1.7249889e-10	-1.7365621e-10	-1.7330239e-10	-1.6349028e-10	-1.5614483e-10	-1.5593921e-10	-1.5685095e-10	-1.5693501e-10	-1.572657e-10	-1.5809108e-10	-1.5868638e-10	-1.5959628e-10	-1.5986368e-10	-1.6064193e-10	-1.6132662e-10	-1.6305819e-10	-1.6384485e-10	-1.6456625e-10	-1.649931e-10	-1.6533713e-10	-1.6570019e-10	-1.6676911e-10	-1.6728496e-10	-1.6840379e-10	-1.6792354e-10	-1.6838179e-10	-1.6891308e-10	-1.6821304e-10	-1.6706211e-10	-1.6843829e-10	-1.6972528e-10	-1.6918171e-10	-1.6872044e-10	-1.6894773e-10	-1.6928348e-10	-1.6956797e-10	-1.6962713e-10	-1.6998571e-10
	152.222222222222	-1.7081093e-10	-1.7133615e-10	-1.7205955e-10	-1.7195549e-10	-1.7216846e-10	-1.7285619e-10	-1.7398666e-10	-1.7334552e-10	-1.7285641e-10	-1.7332963e-10	-1.7352132e-10	-1.7306001e-10	-1.7297896e-10	-1.7244689e-10	-1.7270269e-10	-1.7330597e-10	-1.6338994e-10	-1.5718206e-10	-1.567963e-10	-1.5779564e-10	-1.5728194e-10	-1.5731488e-10	-1.5789864e-10	-1.5839433e-10	-1.5889585e-10	-1.5959872e-10	-1.610147e-10	-1.6176634e-10	-1.6217301e-10	-1.630827e-10	-1.6398627e-10	-1.6487628e-10	-1.6556856e-10	-1.6586393e-10	-1.6677254e-10	-1.6662412e-10	-1.674104e-10	-1.677434e-10	-1.6815749e-10	-1.6929994e-10	-1.6848314e-10	-1.6911837e-10	-1.6989464e-10	-1.6967952e-10	-1.7057668e-10	-1.6963467e-10	-1.6960562e-10	-1.7018417e-10	-1.7035358e-10	-1.699514e-10	-1.6976479e-10
	153.333333333333	-1.7110875e-10	-1.7215468e-10	-1.7265903e-10	-1.7308407e-10	-1.7216457e-10	-1.7206614e-10	-1.7219193e-10	-1.7211717e-10	-1.7159865e-10	-1.7246111e-10	-1.7284861e-10	-1.7268517e-10	-1.7169288e-10	-1.734022e-10	-1.7327546e-10	-1.7298239e-10	-1.6170779e-10	-1.556842e-10	-1.5538235e-10	-1.5596241e-10	-1.5711389e-10	-1.5703175e-10	-1.579137e-10	-1.5842468e-10	-1.5980473e-10	-1.6037695e-10	-1.6119066e-10	-1.6137475e-10	-1.615388e-10	-1.6358304e-10	-1.6379662e-10	-1.6521409e-10	-1.6639359e-10	-1.6702258e-10	-1.673332e-10	-1.6813538e-10	-1.6771173e-10	-1.6719326e-10	-1.673981e-10	-1.6772461e-10	-1.6881674e-10	-1.685396e-10	-1.6846306e-10	-1.6914461e-10	-1.6979654e-10	-1.6999331e-10	-1.6965326e-10	-1.6959283e-10	-1.6998314e-10	-1.7008739e-10	-1.6981243e-10
	154.444444444444	-1.7135596e-10	-1.7329697e-10	-1.727188e-10	-1.7224375e-10	-1.7130625e-10	-1.7160105e-10	-1.723168e-10	-1.7259455e-10	-1.7217626e-10	-1.719936e-10	-1.7146796e-10	-1.7082603e-10	-1.7213686e-10	-1.7252631e-10	-1.7352425e-10	-1.7345948e-10	-1.6299349e-10	-1.5673506e-10	-1.5662863e-10	-1.5747133e-10	-1.5808486e-10	-1.5861951e-10	-1.5899167e-10	-1.5994807e-10	-1.5978971e-10	-1.6121494e-10	-1.6175399e-10	-1.6205656e-10	-1.6269928e-10	-1.6344327e-10	-1.6422839e-10	-1.6458376e-10	-1.6481974e-10	-1.6579783e-10	-1.6506602e-10	-1.6591109e-10	-1.6673066e-10	-1.6764484e-10	-1.6707266e-10	-1.6802842e-10	-1.6808872e-10	-1.6858004e-10	-1.6908132e-10	-1.6914786e-10	-1.690275e-10	-1.6925576e-10	-1.6900105e-10	-1.6901081e-10	-1.6902331e-10	-1.6984986e-10	-1.6907695e-10
	155.555555555556	-1.7022161e-10	-1.7159564e-10	-1.7159936e-10	-1.7183896e-10	-1.7251554e-10	-1.7228766e-10	-1.7164026e-10	-1.7163247e-10	-1.7221037e-10	-1.7182981e-10	-1.7270742e-10	-1.7233906e-10	-1.7119316e-10	-1.7045929e-10	-1.7074622e-10	-1.703204e-10	-1.605633e-10	-1.5441574e-10	-1.5520926e-10	-1.5565046e-10	-1.5655248e-10	-1.5765157e-10	-1.5833919e-10	-1.5816211e-10	-1.5911798e-10	-1.5960039e-10	-1.6040855e-10	-1.6103312e-10	-1.623235e-10	-1.6379752e-10	-1.6347819e-10	-1.6403297e-10	-1.6533375e-10	-1.6559981e-10	-1.6527657e-10	-1.6704099e-10	-1.6711255e-10	-1.6820201e-10	-1.6668242e-10	-1.6770198e-10	-1.6832097e-10	-1.6752351e-10	-1.6814611e-10	-1.6873099e-10	-1.6836624e-10	-1.6853345e-10	-1.6852442e-10	-1.6826313e-10	-1.6913509e-10	-1.691587e-10	-1.6842386e-10
	156.666666666667	-1.6964755e-10	-1.6988431e-10	-1.7047364e-10	-1.7028669e-10	-1.7093649e-10	-1.7106819e-10	-1.70916e-10	-1.7053468e-10	-1.6992055e-10	-1.6927959e-10	-1.7030954e-10	-1.7112844e-10	-1.7131724e-10	-1.7110201e-10	-1.7156671e-10	-1.7064838e-10	-1.6111278e-10	-1.5637201e-10	-1.5569829e-10	-1.5672112e-10	-1.5694419e-10	-1.5719546e-10	-1.5875189e-10	-1.5924931e-10	-1.5910578e-10	-1.5956132e-10	-1.610739e-10	-1.6137824e-10	-1.621045e-10	-1.6295985e-10	-1.6344143e-10	-1.6440607e-10	-1.6459732e-10	-1.6523141e-10	-1.6515425e-10	-1.6557899e-10	-1.6676463e-10	-1.674208e-10	-1.6704069e-10	-1.6746e-10	-1.6748099e-10	-1.6730668e-10	-1.6736951e-10	-1.676404e-10	-1.6748855e-10	-1.6776755e-10	-1.6747877e-10	-1.6726213e-10	-1.6858219e-10	-1.6825172e-10	-1.6844469e-10
	157.777777777778	-1.695723e-10	-1.6926295e-10	-1.69324e-10	-1.6900437e-10	-1.7039375e-10	-1.6977107e-10	-1.708078e-10	-1.7047899e-10	-1.7024504e-10	-1.7041595e-10	-1.7107478e-10	-1.7034951e-10	-1.7106992e-10	-1.7106454e-10	-1.7203999e-10	-1.7181837e-10	-1.6095264e-10	-1.5580766e-10	-1.5580544e-10	-1.563998e-10	-1.5803221e-10	-1.5845338e-10	-1.5873185e-10	-1.5850068e-10	-1.5904067e-10	-1.6013671e-10	-1.6056244e-10	-1.6165291e-10	-1.6219466e-10	-1.629953e-10	-1.6307876e-10	-1.6369556e-10	-1.643555e-10	-1.6545448e-10	-1.6560796e-10	-1.6623139e-10	-1.6593443e-10	-1.6651155e-10	-1.6705244e-10	-1.6641122e-10	-1.6614168e-10	-1.6593982e-10	-1.666164e-10	-1.6714452e-10	-1.6772028e-10	-1.6596016e-10	-1.6711066e-10	-1.6783236e-10	-1.6753461e-10	-1.6775406e-10	-1.6789303e-10
	158.888888888889	-1.6815184e-10	-1.7004645e-10	-1.7002962e-10	-1.7029358e-10	-1.7010587e-10	-1.7042137e-10	-1.7005361e-10	-1.6959854e-10	-1.7017913e-10	-1.7050453e-10	-1.7011891e-10	-1.6958344e-10	-1.7035674e-10	-1.6994574e-10	-1.7022546e-10	-1.7037387e-10	-1.6143147e-10	-1.5572202e-10	-1.5535806e-10	-1.5579986e-10	-1.566301e-10	-1.5693516e-10	-1.5730514e-10	-1.5853778e-10	-1.5923786e-10	-1.59213e-10	-1.5957e-10	-1.6079209e-10	-1.6145323e-10	-1.6182336e-10	-1.633034e-10	-1.6379559e-10	-1.6372351e-10	-1.6434895e-10	-1.6436578e-10	-1.6416594e-10	-1.652965e-10	-1.6629699e-10	-1.6673529e-10	-1.6671933e-10	-1.6625824e-10	-1.6668859e-10	-1.6643073e-10	-1.6642203e-10	-1.6683536e-10	-1.6615784e-10	-1.6675032e-10	-1.6682176e-10	-1.6697896e-10	-1.6750185e-10	-1.6851756e-10
	160	-1.689269e-10	-1.7013205e-10	-1.6797581e-10	-1.6764974e-10	-1.6788154e-10	-1.6849279e-10	-1.711509e-10	-1.7013246e-10	-1.6985034e-10	-1.6920691e-10	-1.6930253e-10	-1.694108e-10	-1.6952895e-10	-1.6945498e-10	-1.69966e-10	-1.6904478e-10	-1.5953376e-10	-1.5430415e-10	-1.5461787e-10	-1.5575591e-10	-1.5659109e-10	-1.5777417e-10	-1.5717566e-10	-1.5724028e-10	-1.5776226e-10	-1.5912167e-10	-1.5938184e-10	-1.5980602e-10	-1.6036332e-10	-1.6115205e-10	-1.6204237e-10	-1.6369017e-10	-1.646876e-10	-1.6523262e-10	-1.6481587e-10	-1.6449551e-10	-1.6328977e-10	-1.6486391e-10	-1.6585584e-10	-1.6549716e-10	-1.6534821e-10	-1.6513342e-10	-1.6583335e-10	-1.6579584e-10	-1.6522106e-10	-1.659292e-10	-1.6525251e-10	-1.6590476e-10	-1.6595109e-10	-1.6586559e-10	-1.6663892e-10
	161.111111111111	-1.6782181e-10	-1.6877023e-10	-1.6845633e-10	-1.6798142e-10	-1.6759186e-10	-1.6629936e-10	-1.6836364e-10	-1.6682994e-10	-1.6681016e-10	-1.6750942e-10	-1.6767086e-10	-1.6786053e-10	-1.6796481e-10	-1.6777293e-10	-1.6869016e-10	-1.6802176e-10	-1.6005111e-10	-1.5463979e-10	-1.5451898e-10	-1.5438188e-10	-1.5503392e-10	-1.5551888e-10	-1.5634802e-10	-1.5768262e-10	-1.5724058e-10	-1.5811895e-10	-1.588138e-10	-1.5945098e-10	-1.597896e-10	-1.6050587e-10	-1.6087427e-10	-1.609357e-10	-1.6078613e-10	-1.6177407e-10	-1.6208397e-10	-1.6325787e-10	-1.6388801e-10	-1.6424488e-10	-1.642006e-10	-1.6469351e-10	-1.6496116e-10	-1.6554966e-10	-1.659187e-10	-1.6496986e-10	-1.6498854e-10	-1.6476755e-10	-1.6505923e-10	-1.6471166e-10	-1.6590242e-10	-1.6578304e-10	-1.6588544e-10
	162.222222222222	-1.6655331e-10	-1.6704502e-10	-1.6650661e-10	-1.6752512e-10	-1.6817676e-10	-1.6918733e-10	-1.6881645e-10	-1.684106e-10	-1.6781398e-10	-1.6796375e-10	-1.6777948e-10	-1.6837287e-10	-1.687363e-10	-1.6830448e-10	-1.6938599e-10	-1.6866757e-10	-1.5988935e-10	-1.5442871e-10	-1.5459516e-10	-1.5422759e-10	-1.5510784e-10	-1.5570958e-10	-1.5662267e-10	-1.572364e-10	-1.5805746e-10	-1.588779e-10	-1.5926568e-10	-1.6004509e-10	-1.6098427e-10	-1.6137207e-10	-1.6149021e-10	-1.6287678e-10	-1.6365068e-10	-1.6442649e-10	-1.6459961e-10	-1.6436882e-10	-1.6407448e-10	-1.6414783e-10	-1.643303e-10	-1.6576425e-10	-1.6623629e-10	-1.6601216e-10	-1.6684921e-10	-1.6642271e-10	-1.6598441e-10	-1.6675906e-10	-1.6683405e-10	-1.6627967e-10	-1.6593805e-10	-1.6586593e-10	-1.6554472e-10
	163.333333333333	-1.6742543e-10	-1.6829031e-10	-1.6885106e-10	-1.6873133e-10	-1.6845923e-10	-1.6810822e-10	-1.685625e-10	-1.6954929e-10	-1.6932249e-10	-1.6892619e-10	-1.6858751e-10	-1.6854373e-10	-1.6839517e-10	-1.6874228e-10	-1.6935169e-10	-1.695105e-10	-1.6062213e-10	-1.5459568e-10	-1.5400599e-10	-1.5478757e-10	-1.5593228e-10	-1.5629308e-10	-1.5674222e-10	-1.5698445e-10	-1.5738896e-10	-1.5732159e-10	-1.5801034e-10	-1.5922494e-10	-1.6028867e-10	-1.6184411e-10	-1.6238579e-10	-1.6246533e-10	-1.6302758e-10	-1.6249847e-10	-1.6321466e-10	-1.6446378e-10	-1.6431964e-10	-1.6491375e-10	-1.6424971e-10	-1.6425705e-10	-1.6438156e-10	-1.6402422e-10	-1.6494557e-10	-1.6465336e-10	-1.6422858e-10	-1.6462519e-10	-1.6448445e-10	-1.6538036e-10	-1.6567202e-10	-1.6524671e-10	-1.6555832e-10
	164.444444444444	-1.6626754e-10	-1.6681341e-10	-1.6742339e-10	-1.6764812e-10	-1.6741933e-10	-1.6757845e-10	-1.6742759e-10	-1.6812532e-10	-1.6824031e-10	-1.6823921e-10	-1.6825152e-10	-1.6782893e-10	-1.6878707e-10	-1.6761902e-10	-1.6772254e-10	-1.6846752e-10	-1.5988265e-10	-1.544446e-10	-1.5420684e-10	-1.5418454e-10	-1.541221e-10	-1.544066e-10	-1.5512178e-10	-1.560917e-10	-1.5651466e-10	-1.5704452e-10	-1.5818483e-10	-1.5814222e-10	-1.5816222e-10	-1.5927375e-10	-1.6047823e-10	-1.6147937e-10	-1.6189021e-10	-1.6279934e-10	-1.6215451e-10	-1.6253696e-10	-1.6316469e-10	-1.6355543e-10	-1.6437113e-10	-1.6437034e-10	-1.6544567e-10	-1.6493487e-10	-1.648667e-10	-1.6446659e-10	-1.6491435e-10	-1.650482e-10	-1.6490787e-10	-1.6502198e-10	-1.6482811e-10	-1.6464387e-10	-1.6483372e-10
	165.555555555556	-1.6570606e-10	-1.663263e-10	-1.6684752e-10	-1.6715955e-10	-1.6695705e-10	-1.6674648e-10	-1.6717935e-10	-1.6686207e-10	-1.6724605e-10	-1.6724561e-10	-1.6635507e-10	-1.6500365e-10	-1.6591542e-10	-1.6726312e-10	-1.6704747e-10	-1.6674762e-10	-1.5777951e-10	-1.5279523e-10	-1.5323365e-10	-1.5459768e-10	-1.5489215e-10	-1.5518742e-10	-1.5602146e-10	-1.5581944e-10	-1.5682333e-10	-1.5785977e-10	-1.5861834e-10	-1.6004274e-10	-1.6012541e-10	-1.6039255e-10	-1.6033165e-10	-1.6090948e-10	-1.615252e-10	-1.6180227e-10	-1.6223752e-10	-1.6220721e-10	-1.6208243e-10	-1.6206658e-10	-1.6203894e-10	-1.6331127e-10	-1.6280793e-10	-1.6240609e-10	-1.6194109e-10	-1.628593e-10	-1.6342018e-10	-1.6307498e-10	-1.6304501e-10	-1.6297176e-10	-1.631227e-10	-1.6311502e-10	-1.6197645e-10
	166.666666666667	-1.6333375e-10	-1.6485119e-10	-1.6619739e-10	-1.6588969e-10	-1.6574975e-10	-1.6521627e-10	-1.6521462e-10	-1.6525255e-10	-1.6610006e-10	-1.6556306e-10	-1.654126e-10	-1.6742167e-10	-1.5574668e-10	-1.5073524e-10	-1.5118561e-10	-1.51058e-10	-1.6101595e-10	-1.654651e-10	-1.6639269e-10	-1.573652e-10	-1.5268635e-10	-1.5175673e-10	-1.5329488e-10	-1.5371351e-10	-1.5535821e-10	-1.5606093e-10	-1.5694367e-10	-1.575033e-10	-1.5783973e-10	-1.5870756e-10	-1.5994792e-10	-1.609889e-10	-1.6007856e-10	-1.6102114e-10	-1.6143839e-10	-1.620367e-10	-1.6247553e-10	-1.6253625e-10	-1.636233e-10	-1.6291467e-10	-1.6359662e-10	-1.6329955e-10	-1.6398906e-10	-1.6393305e-10	-1.6404525e-10	-1.6338143e-10	-1.6345626e-10	-1.6425754e-10	-1.6287542e-10	-1.6298547e-10	-1.6326442e-10
	167.777777777778	-1.644208e-10	-1.6471222e-10	-1.6433184e-10	-1.6494089e-10	-1.6471158e-10	-1.6556539e-10	-1.6580194e-10	-1.6509237e-10	-1.6398161e-10	-1.6329353e-10	-1.6356462e-10	-1.638879e-10	-1.5431956e-10	-1.4923913e-10	-1.4882294e-10	-1.4945982e-10	-1.4994803e-10	-1.5135086e-10	-1.5182648e-10	-1.526386e-10	-1.5328136e-10	-1.5384691e-10	-1.5418933e-10	-1.559476e-10	-1.5600259e-10	-1.5623888e-10	-1.5774167e-10	-1.5869855e-10	-1.5883511e-10	-1.5911097e-10	-1.6018582e-10	-1.6066487e-10	-1.6248797e-10	-1.6368505e-10	-1.6264094e-10	-1.6170078e-10	-1.6328427e-10	-1.6362939e-10	-1.6430661e-10	-1.6455944e-10	-1.644057e-10	-1.6295063e-10	-1.6303239e-10	-1.6370984e-10	-1.6402894e-10	-1.6535995e-10	-1.6526742e-10	-1.6499585e-10	-1.6481734e-10	-1.6465136e-10	-1.6514175e-10
	168.888888888889	-1.6537532e-10	-1.6655415e-10	-1.6603506e-10	-1.6708919e-10	-1.6662251e-10	-1.670059e-10	-1.6680463e-10	-1.6685855e-10	-1.6655659e-10	-1.6632773e-10	-1.671841e-10	-1.6617324e-10	-1.6692096e-10	-1.6649879e-10	-1.667577e-10	-1.6692329e-10	-1.5819021e-10	-1.5299706e-10	-1.5247646e-10	-1.5351463e-10	-1.5331654e-10	-1.5316366e-10	-1.5342277e-10	-1.5511989e-10	-1.5505473e-10	-1.5669596e-10	-1.5703337e-10	-1.5768607e-10	-1.5939712e-10	-1.5995696e-10	-1.607998e-10	-1.6165083e-10	-1.6238741e-10	-1.6271348e-10	-1.6233917e-10	-1.6321385e-10	-1.6355915e-10	-1.6354315e-10	-1.6361031e-10	-1.6345272e-10	-1.648353e-10	-1.6492403e-10	-1.6508575e-10	-1.6491665e-10	-1.6474608e-10	-1.6440491e-10	-1.645394e-10	-1.6458034e-10	-1.6467314e-10	-1.6503136e-10	-1.6370098e-10
	170	-1.6457814e-10	-1.6472634e-10	-1.6551022e-10	-1.6566908e-10	-1.6472206e-10	-1.6473979e-10	-1.6590054e-10	-1.6562787e-10	-1.6576221e-10	-1.6590494e-10	-1.6577505e-10	-1.6605917e-10	-1.6580405e-10	-1.6580649e-10	-1.6603849e-10	-1.6599401e-10	-1.5682017e-10	-1.5300049e-10	-1.5344108e-10	-1.5324629e-10	-1.5299709e-10	-1.5336858e-10	-1.5383825e-10	-1.5481005e-10	-1.5553929e-10	-1.5607411e-10	-1.5722533e-10	-1.5704181e-10	-1.5788915e-10	-1.5851948e-10	-1.5971119e-10	-1.5946469e-10	-1.6021026e-10	-1.6027617e-10	-1.6139255e-10	-1.6192199e-10	-1.6204714e-10	-1.6234866e-10	-1.6257629e-10	-1.6245004e-10	-1.6313445e-10	-1.6374117e-10	-1.6369929e-10	-1.6341319e-10	-1.6323132e-10	-1.6405191e-10	-1.6296242e-10	-1.6188761e-10	-1.6324585e-10	-1.6254194e-10	-1.6352911e-10
	171.111111111111	-1.64759e-10	-1.6563541e-10	-1.6508341e-10	-1.647979e-10	-1.6539295e-10	-1.6505798e-10	-1.6512634e-10	-1.6525499e-10	-1.6557636e-10	-1.6541064e-10	-1.6545769e-10	-1.663612e-10	-1.662738e-10	-1.6556144e-10	-1.6602671e-10	-1.6515643e-10	-1.5637509e-10	-1.5180147e-10	-1.5186648e-10	-1.5168562e-10	-1.5258286e-10	-1.5335894e-10	-1.5322422e-10	-1.543136e-10	-1.5539516e-10	-1.5584475e-10	-1.5643704e-10	-1.5723271e-10	-1.5806539e-10	-1.5882518e-10	-1.5939709e-10	-1.5956521e-10	-1.6039228e-10	-1.6098138e-10	-1.6078079e-10	-1.6075435e-10	-1.6275645e-10	-1.6310617e-10	-1.622196e-10	-1.6283143e-10	-1.6276014e-10	-1.6318066e-10	-1.6293353e-10	-1.6269736e-10	-1.6227059e-10	-1.6266045e-10	-1.6289489e-10	-1.6258016e-10	-1.6275126e-10	-1.6244413e-10	-1.6248786e-10
	172.222222222222	-1.6335266e-10	-1.6379965e-10	-1.6418948e-10	-1.645592e-10	-1.6458342e-10	-1.6491918e-10	-1.6460722e-10	-1.6468582e-10	-1.6392138e-10	-1.6459618e-10	-1.6405154e-10	-1.6410942e-10	-1.6388364e-10	-1.6416858e-10	-1.6502022e-10	-1.6530546e-10	-1.5730849e-10	-1.5179763e-10	-1.5229355e-10	-1.5240759e-10	-1.5313456e-10	-1.5396087e-10	-1.5417652e-10	-1.5491645e-10	-1.5508754e-10	-1.5616736e-10	-1.5555533e-10	-1.5693417e-10	-1.5741115e-10	-1.5799037e-10	-1.5897796e-10	-1.5936839e-10	-1.6078297e-10	-1.6142397e-10	-1.6193948e-10	-1.6217282e-10	-1.6224565e-10	-1.6245776e-10	-1.619568e-10	-1.6195789e-10	-1.623145e-10	-1.6240921e-10	-1.6253772e-10	-1.6259497e-10	-1.6220393e-10	-1.627453e-10	-1.6209215e-10	-1.6204296e-10	-1.6102683e-10	-1.6182626e-10	-1.6086911e-10
	173.333333333333	-1.6125509e-10	-1.6205261e-10	-1.632709e-10	-1.6310267e-10	-1.6291195e-10	-1.6290375e-10	-1.6381774e-10	-1.6273298e-10	-1.6410498e-10	-1.6447725e-10	-1.65385e-10	-1.6542677e-10	-1.6488279e-10	-1.6424899e-10	-1.6375137e-10	-1.6373333e-10	-1.5607787e-10	-1.5115245e-10	-1.5120567e-10	-1.5185984e-10	-1.5218517e-10	-1.5298621e-10	-1.5366178e-10	-1.545416e-10	-1.5500434e-10	-1.5552204e-10	-1.560795e-10	-1.5703785e-10	-1.5725304e-10	-1.5872688e-10	-1.5974e-10	-1.5963729e-10	-1.5958435e-10	-1.6044727e-10	-1.6064562e-10	-1.6146476e-10	-1.620009e-10	-1.6177741e-10	-1.6191322e-10	-1.6200213e-10	-1.623319e-10	-1.6227654e-10	-1.6268041e-10	-1.6236323e-10	-1.6203389e-10	-1.6245287e-10	-1.6214868e-10	-1.622542e-10	-1.620529e-10	-1.6196387e-10	-1.6441278e-10
	174.444444444444	-1.6647637e-10	-1.6372871e-10	-1.6426881e-10	-1.6437952e-10	-1.6416161e-10	-1.6426963e-10	-1.645168e-10	-1.6427004e-10	-1.6422647e-10	-1.6417853e-10	-1.6384187e-10	-1.6357399e-10	-1.6405831e-10	-1.6430854e-10	-1.640936e-10	-1.6391814e-10	-1.5631446e-10	-1.51183e-10	-1.5104305e-10	-1.5192918e-10	-1.5241633e-10	-1.5289571e-10	-1.5337223e-10	-1.542213e-10	-1.5454722e-10	-1.5517997e-10	-1.5659296e-10	-1.578063e-10	-1.5827618e-10	-1.5755999e-10	-1.5816523e-10	-1.5814824e-10	-1.59562e-10	-1.5964889e-10	-1.6062127e-10	-1.6058894e-10	-1.5964184e-10	-1.6013196e-10	-1.6082391e-10	-1.6089027e-10	-1.6082204e-10	-1.6072772e-10	-1.6094416e-10	-1.6053629e-10	-1.6041841e-10	-1.6092849e-10	-1.6120022e-10	-1.6140901e-10	-1.6111518e-10	-1.6176649e-10	-1.6113168e-10
	175.555555555556	-1.6281211e-10	-1.6331338e-10	-1.6237754e-10	-1.631995e-10	-1.6338053e-10	-1.6286811e-10	-1.6272696e-10	-1.6273902e-10	-1.6322785e-10	-1.6297372e-10	-1.6402374e-10	-1.640536e-10	-1.6403154e-10	-1.637704e-10	-1.6390138e-10	-1.6391773e-10	-1.5593868e-10	-1.5086782e-10	-1.509962e-10	-1.5175447e-10	-1.5215003e-10	-1.5216475e-10	-1.5254407e-10	-1.5348002e-10	-1.541783e-10	-1.5536472e-10	-1.5616573e-10	-1.5636085e-10	-1.5749781e-10	-1.580822e-10	-1.5873888e-10	-1.5994156e-10	-1.6038332e-10	-1.6125118e-10	-1.6201844e-10	-1.6207219e-10	-1.6178446e-10	-1.6140807e-10	-1.6214469e-10	-1.6294456e-10	-1.6270364e-10	-1.6226358e-10	-1.6235385e-10	-1.6186698e-10	-1.6191687e-10	-1.6106819e-10	-1.6176596e-10	-1.6192753e-10	-1.6134635e-10	-1.6203099e-10	-1.6264358e-10
	176.666666666667	-1.6265149e-10	-1.6286235e-10	-1.6313023e-10	-1.632518e-10	-1.6437192e-10	-1.6360246e-10	-1.6345156e-10	-1.6377341e-10	-1.6367142e-10	-1.6334777e-10	-1.6341574e-10	-1.631668e-10	-1.6354379e-10	-1.6185202e-10	-1.6204096e-10	-1.6228498e-10	-1.5514456e-10	-1.5108316e-10	-1.514916e-10	-1.5108101e-10	-1.5051994e-10	-1.5168243e-10	-1.5240137e-10	-1.5287534e-10	-1.5363277e-10	-1.5472121e-10	-1.5544464e-10	-1.5580529e-10	-1.5613237e-10	-1.5712455e-10	-1.5724066e-10	-1.5832086e-10	-1.5903573e-10	-1.5961579e-10	-1.5957007e-10	-1.5964968e-10	-1.6023045e-10	-1.60677e-10	-1.6063252e-10	-1.6046538e-10	-1.6048245e-10	-1.6098668e-10	-1.6115378e-10	-1.6132073e-10	-1.6098473e-10	-1.6133227e-10	-1.6111568e-10	-1.6078316e-10	-1.6112961e-10	-1.6166876e-10	-1.6154095e-10
	177.777777777778	-1.6248476e-10	-1.6251041e-10	-1.6219338e-10	-1.6231408e-10	-1.6262795e-10	-1.6203938e-10	-1.6296106e-10	-1.6277645e-10	-1.6275754e-10	-1.6271476e-10	-1.6245015e-10	-1.6336961e-10	-1.6360747e-10	-1.6281253e-10	-1.6277328e-10	-1.6184656e-10	-1.5473357e-10	-1.501297e-10	-1.5088589e-10	-1.5212803e-10	-1.5243345e-10	-1.5239383e-10	-1.5284501e-10	-1.535236e-10	-1.5340522e-10	-1.5469429e-10	-1.5536232e-10	-1.5615109e-10	-1.5688453e-10	-1.5799942e-10	-1.5789359e-10	-1.5818456e-10	-1.5865913e-10	-1.5932451e-10	-1.5923041e-10	-1.5942606e-10	-1.5984217e-10	-1.6003775e-10	-1.5934112e-10	-1.5846667e-10	-1.5895622e-10	-1.5915934e-10	-1.5929601e-10	-1.6001815e-10	-1.6058198e-10	-1.603513e-10	-1.6086704e-10	-1.6011908e-10	-1.6034996e-10	-1.6031884e-10	-1.5967197e-10
	178.888888888889	-1.6122305e-10	-1.6219873e-10	-1.6130929e-10	-1.6142954e-10	-1.6227683e-10	-1.6244089e-10	-1.6120674e-10	-1.6106091e-10	-1.6164459e-10	-1.6229891e-10	-1.6279426e-10	-1.6249177e-10	-1.6175949e-10	-1.6073126e-10	-1.6124312e-10	-1.6132612e-10	-1.539051e-10	-1.5063077e-10	-1.5033619e-10	-1.5148655e-10	-1.508738e-10	-1.5092984e-10	-1.5156726e-10	-1.5222135e-10	-1.5266097e-10	-1.538793e-10	-1.5454243e-10	-1.5565005e-10	-1.5674485e-10	-1.563096e-10	-1.5798378e-10	-1.5807405e-10	-1.5919881e-10	-1.5914242e-10	-1.5973992e-10	-1.5868236e-10	-1.5876167e-10	-1.5952774e-10	-1.5959338e-10	-1.5965473e-10	-1.5918103e-10	-1.5889477e-10	-1.6017934e-10	-1.5885612e-10	-1.5825548e-10	-1.5999736e-10	-1.600101e-10	-1.5974067e-10	-1.5978281e-10	-1.596846e-10	-1.6037013e-10
	180	-1.6039615e-10	-1.6120297e-10	-1.6132341e-10	-1.6125792e-10	-1.6140789e-10	-1.608058e-10	-1.6084493e-10	-1.6210221e-10	-1.6090583e-10	-1.6106878e-10	-1.6121555e-10	-1.6037033e-10	-1.6118712e-10	-1.6101279e-10	-1.6176827e-10	-1.6138108e-10	-1.5479368e-10	-1.4832117e-10	-1.4801485e-10	-1.4959123e-10	-1.5096548e-10	-1.5176629e-10	-1.5174283e-10	-1.5223442e-10	-1.5278596e-10	-1.5305321e-10	-1.5458876e-10	-1.5541093e-10	-1.555826e-10	-1.5565671e-10	-1.5615606e-10	-1.5775417e-10	-1.5821074e-10	-1.584953e-10	-1.5881019e-10	-1.5862663e-10	-1.5925232e-10	-1.5891247e-10	-1.5880863e-10	-1.598819e-10	-1.6042195e-10	-1.6017286e-10	-1.6001382e-10	-1.5948146e-10	-1.592728e-10	-1.6074972e-10	-1.6085931e-10	-1.6106821e-10	-1.6097358e-10	-1.6071421e-10	-1.6055904e-10
	181.111111111111	-1.6074614e-10	-1.6184329e-10	-1.6175003e-10	-1.620198e-10	-1.6170318e-10	-1.6153005e-10	-1.6183936e-10	-1.6187179e-10	-1.6178431e-10	-1.6150524e-10	-1.6138596e-10	-1.6180374e-10	-1.6117506e-10	-1.6241591e-10	-1.6250691e-10	-1.6282778e-10	-1.5466747e-10	-1.5040572e-10	-1.4985685e-10	-1.5028916e-10	-1.5133733e-10	-1.5187819e-10	-1.5233592e-10	-1.5206213e-10	-1.5197196e-10	-1.5252878e-10	-1.5315456e-10	-1.5391195e-10	-1.5690314e-10	-1.554704e-10	-1.5744535e-10	-1.5734185e-10	-1.5750809e-10	-1.5747897e-10	-1.5830115e-10	-1.5816942e-10	-1.5823889e-10	-1.5846212e-10	-1.5828139e-10	-1.5793938e-10	-1.5859555e-10	-1.5970064e-10	-1.5924419e-10	-1.6079257e-10	-1.6015352e-10	-1.6043966e-10	-1.5904861e-10	-1.5842092e-10	-1.5900914e-10	-1.589865e-10	-1.5930871e-10
	182.222222222222	-1.599431e-10	-1.6018435e-10	-1.5940342e-10	-1.5982435e-10	-1.6008998e-10	-1.5936681e-10	-1.598567e-10	-1.5898885e-10	-1.6006452e-10	-1.5970381e-10	-1.5986815e-10	-1.6002501e-10	-1.5984766e-10	-1.6033921e-10	-1.6027625e-10	-1.5984443e-10	-1.537148e-10	-1.4920101e-10	-1.4971852e-10	-1.4964305e-10	-1.5057602e-10	-1.5135045e-10	-1.5117438e-10	-1.5148531e-10	-1.5124367e-10	-1.5170777e-10	-1.5270973e-10	-1.5334425e-10	-1.5467455e-10	-1.5462423e-10	-1.5560504e-10	-1.5643185e-10	-1.5693079e-10	-1.573173e-10	-1.5801983e-10	-1.5808126e-10	-1.5820173e-10	-1.5803794e-10	-1.5796323e-10	-1.5939784e-10	-1.5912227e-10	-1.595237e-10	-1.5946081e-10	-1.5931939e-10	-1.5897141e-10	-1.5899657e-10	-1.5946199e-10	-1.6029146e-10	-1.5919911e-10	-1.5836488e-10	-1.5953376e-10
	183.333333333333	-1.5953312e-10	-1.6051434e-10	-1.608583e-10	-1.6032622e-10	-1.6066171e-10	-1.5930904e-10	-1.5988164e-10	-1.596742e-10	-1.6063248e-10	-1.6067232e-10	-1.6039364e-10	-1.595004e-10	-1.6009208e-10	-1.5958536e-10	-1.5990761e-10	-1.5918793e-10	-1.5273569e-10	-1.4954227e-10	-1.4909821e-10	-1.4925571e-10	-1.4969212e-10	-1.5008417e-10	-1.5119569e-10	-1.5155664e-10	-1.5219047e-10	-1.5282423e-10	-1.5347389e-10	-1.5360919e-10	-1.5422992e-10	-1.5551063e-10	-1.5647e-10	-1.5678529e-10	-1.5689187e-10	-1.5690119e-10	-1.5575773e-10	-1.5566365e-10	-1.5713728e-10	-1.5678131e-10	-1.5748203e-10	-1.5713815e-10	-1.5719542e-10	-1.5739013e-10	-1.5799331e-10	-1.5800507e-10	-1.5804036e-10	-1.5748552e-10	-1.5828387e-10	-1.5778844e-10	-1.5832526e-10	-1.5943023e-10	-1.5916345e-10
	184.444444444444	-1.5978165e-10	-1.5979949e-10	-1.598906e-10	-1.5919542e-10	-1.5910367e-10	-1.5941151e-10	-1.5999801e-10	-1.5942368e-10	-1.5900632e-10	-1.5779762e-10	-1.5737089e-10	-1.5891055e-10	-1.5255157e-10	-1.4855987e-10	-1.4724716e-10	-1.4669561e-10	-1.4793124e-10	-1.4965815e-10	-1.4868137e-10	-1.4950979e-10	-1.4994926e-10	-1.4998629e-10	-1.5051643e-10	-1.5108124e-10	-1.5143033e-10	-1.5286039e-10	-1.5322431e-10	-1.5244288e-10	-1.5270187e-10	-1.5398219e-10	-1.5502684e-10	-1.5347026e-10	-1.5397342e-10	-1.5428517e-10	-1.5521792e-10	-1.5668919e-10	-1.5743171e-10	-1.5713114e-10	-1.5738724e-10	-1.5669227e-10	-1.5581757e-10	-1.5650541e-10	-1.5665021e-10	-1.5775529e-10	-1.5806943e-10	-1.5753653e-10	-1.5785231e-10	-1.5626596e-10	-1.5651651e-10	-1.5655729e-10	-1.5659612e-10
	185.555555555556	-1.5799483e-10	-1.5820681e-10	-1.5742214e-10	-1.5681098e-10	-1.565312e-10	-1.5689218e-10	-1.5701843e-10	-1.5633966e-10	-1.5655538e-10	-1.5617531e-10	-1.5851627e-10	-1.5840962e-10	-1.5840744e-10	-1.5921568e-10	-1.5894418e-10	-1.585255e-10	-1.5206879e-10	-1.4893935e-10	-1.4833471e-10	-1.477139e-10	-1.4900081e-10	-1.500587e-10	-1.5080161e-10	-1.5058611e-10	-1.5113506e-10	-1.5111491e-10	-1.5238805e-10	-1.5280117e-10	-1.5368938e-10	-1.5344088e-10	-1.5440765e-10	-1.5498526e-10	-1.5560177e-10	-1.5497595e-10	-1.5514173e-10	-1.5463253e-10	-1.5442554e-10	-1.5590011e-10	-1.5562229e-10	-1.5549888e-10	-1.5533215e-10	-1.5502487e-10	-1.5576819e-10	-1.5556131e-10	-1.5618547e-10	-1.5578654e-10	-1.5625906e-10	-1.5655933e-10	-1.5682126e-10	-1.5733884e-10	-1.5921632e-10
	186.666666666667	-1.5511369e-10	-1.5706331e-10	-1.5718643e-10	-1.574328e-10	-1.5740663e-10	-1.5758277e-10	-1.5775672e-10	-1.5792707e-10	-1.5785548e-10	-1.5872756e-10	-1.59483e-10	-1.5840397e-10	-1.5807843e-10	-1.5848829e-10	-1.5851299e-10	-1.5849658e-10	-1.5294034e-10	-1.4815928e-10	-1.4906518e-10	-1.488623e-10	-1.4930718e-10	-1.4947105e-10	-1.5020844e-10	-1.5086586e-10	-1.5099695e-10	-1.516642e-10	-1.5215032e-10	-1.5247993e-10	-1.5287112e-10	-1.5306936e-10	-1.53979e-10	-1.5484082e-10	-1.5490696e-10	-1.5432043e-10	-1.5446697e-10	-1.5394788e-10	-1.5467196e-10	-1.5585941e-10	-1.5555281e-10	-1.5536988e-10	-1.5666508e-10	-1.5553168e-10	-1.5590897e-10	-1.5569855e-10	-1.5600519e-10	-1.5640168e-10	-1.5576333e-10	-1.5567046e-10	-1.5593793e-10	-1.5593009e-10	-1.5587662e-10
	187.777777777778	-1.5629081e-10	-1.5697854e-10	-1.5740445e-10	-1.5694529e-10	-1.5628038e-10	-1.5690198e-10	-1.5730547e-10	-1.5774235e-10	-1.5710248e-10	-1.5721373e-10	-1.5695428e-10	-1.5685174e-10	-1.5640823e-10	-1.5705401e-10	-1.5697289e-10	-1.572602e-10	-1.506887e-10	-1.4742463e-10	-1.4731966e-10	-1.4741573e-10	-1.4843367e-10	-1.4928533e-10	-1.4944423e-10	-1.4962281e-10	-1.4975693e-10	-1.5044081e-10	-1.5105193e-10	-1.5223954e-10	-1.5203508e-10	-1.5292498e-10	-1.529841e-10	-1.5320879e-10	-1.5274032e-10	-1.5380168e-10	-1.5457008e-10	-1.5547993e-10	-1.5532446e-10	-1.542978e-10	-1.5481687e-10	-1.5534582e-10	-1.548041e-10	-1.5529114e-10	-1.5514942e-10	-1.5488703e-10	-1.5464405e-10	-1.5421144e-10	-1.5450542e-10	-1.5433797e-10	-1.5446915e-10	-1.5445653e-10	-1.5452907e-10
	188.888888888889	-1.5425915e-10	-1.5502996e-10	-1.5519164e-10	-1.5524029e-10	-1.5553672e-10	-1.5542032e-10	-1.5519329e-10	-1.5549127e-10	-1.5645862e-10	-1.5648642e-10	-1.5618219e-10	-1.5524459e-10	-1.5513518e-10	-1.5548897e-10	-1.5375898e-10	-1.5345027e-10	-1.544931e-10	-1.549683e-10	-1.5488248e-10	-1.5440441e-10	-1.4723914e-10	-1.4609682e-10	-1.4660452e-10	-1.4754321e-10	-1.4853126e-10	-1.496983e-10	-1.4961796e-10	-1.4988043e-10	-1.4991891e-10	-1.5072052e-10	-1.5153799e-10	-1.5198293e-10	-1.5269815e-10	-1.5279968e-10	-1.5280152e-10	-1.5248068e-10	-1.5276658e-10	-1.5310048e-10	-1.5324216e-10	-1.5240739e-10	-1.5303069e-10	-1.535481e-10	-1.5343216e-10	-1.540589e-10	-1.5359183e-10	-1.5393153e-10	-1.5384703e-10	-1.5391323e-10	-1.5435375e-10	-1.5361627e-10	-1.5420823e-10
	190	-1.5334285e-10	-1.5448512e-10	-1.5492342e-10	-1.5482847e-10	-1.5412903e-10	-1.5449197e-10	-1.5462043e-10	-1.5501843e-10	-1.5479992e-10	-1.5513409e-10	-1.5371081e-10	-1.5350958e-10	-1.5382161e-10	-1.5491396e-10	-1.5436313e-10	-1.5421697e-10	-1.4848403e-10	-1.4481306e-10	-1.4473224e-10	-1.4523803e-10	-1.455645e-10	-1.4577353e-10	-1.4638853e-10	-1.459662e-10	-1.4659943e-10	-1.4718672e-10	-1.4797782e-10	-1.4863155e-10	-1.4919804e-10	-1.4981237e-10	-1.5111654e-10	-1.5065819e-10	-1.5145954e-10	-1.5160416e-10	-1.5202359e-10	-1.5275685e-10	-1.535051e-10	-1.5207052e-10	-1.5174197e-10	-1.5164811e-10	-1.5207312e-10	-1.5240058e-10	-1.5289288e-10	-1.5234579e-10	-1.5174607e-10	-1.5173003e-10	-1.52565e-10	-1.5341618e-10	-1.5288446e-10	-1.536464e-10	-1.5265013e-10
	191.111111111111	-1.523125e-10	-1.5452793e-10	-1.5380888e-10	-1.5391624e-10	-1.536101e-10	-1.5348303e-10	-1.5287169e-10	-1.5244705e-10	-1.5241011e-10	-1.5274582e-10	-1.527454e-10	-1.5232353e-10	-1.5230228e-10	-1.5160631e-10	-1.5271731e-10	-1.5210698e-10	-1.4630699e-10	-1.430976e-10	-1.4389297e-10	-1.4369637e-10	-1.4473167e-10	-1.4567884e-10	-1.4592492e-10	-1.4672198e-10	-1.4702169e-10	-1.4766938e-10	-1.4731021e-10	-1.4740248e-10	-1.4724441e-10	-1.4842536e-10	-1.495246e-10	-1.4895603e-10	-1.4933084e-10	-1.5032414e-10	-1.5070568e-10	-1.5103141e-10	-1.5060996e-10	-1.5125851e-10	-1.5198563e-10	-1.5178192e-10	-1.5145914e-10	-1.5114836e-10	-1.5046819e-10	-1.5137398e-10	-1.517086e-10	-1.5170314e-10	-1.5211676e-10	-1.514858e-10	-1.5163569e-10	-1.5101741e-10	-1.509553e-10
	192.222222222222	-1.5205727e-10	-1.5290554e-10	-1.5265506e-10	-1.5253265e-10	-1.5201033e-10	-1.5227378e-10	-1.5146791e-10	-1.5204521e-10	-1.5094438e-10	-1.5109292e-10	-1.5134223e-10	-1.5146297e-10	-1.5194296e-10	-1.5163019e-10	-1.5250008e-10	-1.5267593e-10	-1.521461e-10	-1.5235581e-10	-1.512474e-10	-1.4765988e-10	-1.4413369e-10	-1.4398391e-10	-1.4430972e-10	-1.4518226e-10	-1.4529523e-10	-1.4659149e-10	-1.4685575e-10	-1.4672895e-10	-1.5028931e-10	-1.4870333e-10	-1.4789618e-10	-1.4839827e-10	-1.4906378e-10	-1.4932559e-10	-1.4948676e-10	-1.4903204e-10	-1.4939817e-10	-1.4894572e-10	-1.4922776e-10	-1.4910163e-10	-1.4927122e-10	-1.4969731e-10	-1.5051621e-10	-1.5092273e-10	-1.5109707e-10	-1.500636e-10	-1.5041053e-10	-1.5022619e-10	-1.498153e-10	-1.4993431e-10	-1.5029698e-10
	193.333333333333	-1.5023334e-10	-1.5061696e-10	-1.5077924e-10	-1.5089181e-10	-1.5059839e-10	-1.5093535e-10	-1.4952829e-10	-1.491626e-10	-1.4904047e-10	-1.4948792e-10	-1.5029375e-10	-1.4966116e-10	-1.5019422e-10	-1.4992264e-10	-1.494309e-10	-1.5042277e-10	-1.5017293e-10	-1.5029217e-10	-1.4976495e-10	-1.4387357e-10	-1.4208802e-10	-1.4240396e-10	-1.4254779e-10	-1.425496e-10	-1.4355002e-10	-1.4323473e-10	-1.4349198e-10	-1.436809e-10	-1.4410872e-10	-1.4452677e-10	-1.4515397e-10	-1.451923e-10	-1.4584151e-10	-1.4646377e-10	-1.4699152e-10	-1.4715033e-10	-1.4761432e-10	-1.4757764e-10	-1.4753598e-10	-1.473907e-10	-1.4765063e-10	-1.4739419e-10	-1.4712805e-10	-1.4772961e-10	-1.4783144e-10	-1.4696455e-10	-1.4730302e-10	-1.4750375e-10	-1.4726291e-10	-1.4746911e-10	-1.48075e-10
	194.444444444444	-1.4859712e-10	-1.487466e-10	-1.4900213e-10	-1.4875168e-10	-1.4886131e-10	-1.4869847e-10	-1.4874754e-10	-1.4830909e-10	-1.4886903e-10	-1.4836517e-10	-1.4722705e-10	-1.4712168e-10	-1.4812025e-10	-1.4746052e-10	-1.4854892e-10	-1.4885118e-10	-1.4368394e-10	-1.4049516e-10	-1.4062534e-10	-1.405165e-10	-1.4104116e-10	-1.4100632e-10	-1.4129127e-10	-1.4203914e-10	-1.4315055e-10	-1.4322542e-10	-1.4293329e-10	-1.4294639e-10	-1.4380766e-10	-1.4493885e-10	-1.4521039e-10	-1.4582746e-10	-1.462005e-10	-1.4561674e-10	-1.4650851e-10	-1.4655503e-10	-1.4651387e-10	-1.4717154e-10	-1.4722969e-10	-1.4608201e-10	-1.4625845e-10	-1.4696387e-10	-1.4695435e-10	-1.4724476e-10	-1.471268e-10	-1.4605335e-10	-1.4521637e-10	-1.4511543e-10	-1.4553442e-10	-1.4569994e-10	-1.4591987e-10
	195.555555555556	-1.4607746e-10	-1.4657521e-10	-1.4682415e-10	-1.4653115e-10	-1.4649067e-10	-1.4709656e-10	-1.4702937e-10	-1.473406e-10	-1.4785874e-10	-1.4725575e-10	-1.4759e-10	-1.4830616e-10	-1.4818002e-10	-1.4795312e-10	-1.4783762e-10	-1.4789825e-10	-1.468045e-10	-1.4704979e-10	-1.4757745e-10	-1.4413874e-10	-1.3999889e-10	-1.3966044e-10	-1.3919016e-10	-1.3995638e-10	-1.4078359e-10	-1.4251265e-10	-1.4272483e-10	-1.4277135e-10	-1.434526e-10	-1.4319872e-10	-1.4285333e-10	-1.4335182e-10	-1.4428286e-10	-1.4426385e-10	-1.4479992e-10	-1.4451154e-10	-1.4414536e-10	-1.4402023e-10	-1.4474226e-10	-1.449367e-10	-1.4469322e-10	-1.4490514e-10	-1.4537518e-10	-1.4533116e-10	-1.4515145e-10	-1.4540302e-10	-1.4484632e-10	-1.4510523e-10	-1.4463504e-10	-1.445848e-10	-1.4467816e-10
	196.666666666667	-1.4405181e-10	-1.4559054e-10	-1.4578606e-10	-1.4535617e-10	-1.4573343e-10	-1.4584392e-10	-1.4495938e-10	-1.4579138e-10	-1.4625498e-10	-1.4636153e-10	-1.4668601e-10	-1.4703988e-10	-1.4615631e-10	-1.461478e-10	-1.4599155e-10	-1.4551291e-10	-1.4638096e-10	-1.4658365e-10	-1.4665548e-10	-1.4597683e-10	-1.4040021e-10	-1.3967813e-10	-1.4029389e-10	-1.4076507e-10	-1.4060493e-10	-1.4065066e-10	-1.4138297e-10	-1.4167756e-10	-1.4204908e-10	-1.423681e-10	-1.4231316e-10	-1.4273489e-10	-1.4290701e-10	-1.4346954e-10	-1.4457652e-10	-1.4482311e-10	-1.4534129e-10	-1.4494171e-10	-1.4445961e-10	-1.4470049e-10	-1.4444469e-10	-1.4443773e-10	-1.4419847e-10	-1.45498e-10	-1.4455707e-10	-1.4484274e-10	-1.4483137e-10	-1.442397e-10	-1.445509e-10	-1.4463838e-10	-1.452265e-10
	197.777777777778	-1.4463548e-10	-1.4465669e-10	-1.4557577e-10	-1.4536013e-10	-1.4584151e-10	-1.4569809e-10	-1.4495327e-10	-1.4455749e-10	-1.4415885e-10	-1.4485163e-10	-1.4324539e-10	-1.4409286e-10	-1.4431341e-10	-1.4426245e-10	-1.4347526e-10	-1.4444783e-10	-1.448564e-10	-1.4459907e-10	-1.4469978e-10	-1.4467801e-10	-1.3907364e-10	-1.3870197e-10	-1.3829556e-10	-1.3882222e-10	-1.387406e-10	-1.3959429e-10	-1.398603e-10	-1.4020388e-10	-1.4047756e-10	-1.4111252e-10	-1.4179834e-10	-1.4197443e-10	-1.425015e-10	-1.4279775e-10	-1.4342533e-10	-1.4332624e-10	-1.434646e-10	-1.4338744e-10	-1.4353876e-10	-1.4433993e-10	-1.4379814e-10	-1.4308638e-10	-1.4309839e-10	-1.4306675e-10	-1.4295452e-10	-1.4359849e-10	-1.4356742e-10	-1.4386495e-10	-1.4314738e-10	-1.4396415e-10	-1.4340924e-10
	198.888888888889	-1.4350066e-10	-1.4343877e-10	-1.4345662e-10	-1.4375343e-10	-1.4213718e-10	-1.4177665e-10	-1.4298476e-10	-1.4313534e-10	-1.432368e-10	-1.4410943e-10	-1.4354652e-10	-1.4363258e-10	-1.4333859e-10	-1.4359638e-10	-1.4376156e-10	-1.4421379e-10	-1.4360421e-10	-1.4283394e-10	-1.430924e-10	-1.4310517e-10	-1.3791036e-10	-1.361293e-10	-1.3643722e-10	-1.357545e-10	-1.3638671e-10	-1.3691469e-10	-1.3812342e-10	-1.3912098e-10	-1.3942242e-10	-1.3937843e-10	-1.4057089e-10	-1.4104858e-10	-1.4165549e-10	-1.4154841e-10	-1.4187991e-10	-1.4202825e-10	-1.4249231e-10	-1.4264827e-10	-1.4155997e-10	-1.4142722e-10	-1.410656e-10	-1.412782e-10	-1.415018e-10	-1.4248787e-10	-1.4247092e-10	-1.4216854e-10	-1.4154129e-10	-1.4058671e-10	-1.4155863e-10	-1.418155e-10	-1.4226292e-10
	200	-1.4235918e-10	-1.432426e-10	-1.4294975e-10	-1.4346231e-10	-1.4299505e-10	-1.4347763e-10	-1.4343662e-10	-1.4347594e-10	-1.4276366e-10	-1.4322343e-10	-1.4318384e-10	-1.4352747e-10	-1.4289532e-10	-1.4340296e-10	-1.4298469e-10	-1.4263188e-10	-1.3894333e-10	-1.3598028e-10	-1.3632812e-10	-1.3618708e-10	-1.3633124e-10	-1.3660986e-10	-1.3629603e-10	-1.3678629e-10	-1.371388e-10	-1.3819361e-10	-1.3786366e-10	-1.3863018e-10	-1.3830859e-10	-1.3899616e-10	-1.3968929e-10	-1.4013135e-10	-1.4073054e-10	-1.4142064e-10	-1.4169819e-10	-1.4135801e-10	-1.414351e-10	-1.4105644e-10	-1.4122273e-10	-1.4221482e-10	-1.4223132e-10	-1.4173762e-10	-1.4143543e-10	-1.4166859e-10	-1.4140825e-10	-1.4190013e-10	-1.4180263e-10	-1.4226458e-10	-1.4220601e-10	-1.4220891e-10	-1.4301621e-10
	201.111111111111	-1.4103381e-10	-1.4162332e-10	-1.4252068e-10	-1.4227813e-10	-1.4285879e-10	-1.4251973e-10	-1.4227855e-10	-1.4245932e-10	-1.4278091e-10	-1.4335946e-10	-1.4310593e-10	-1.4308299e-10	-1.375742e-10	-1.3416604e-10	-1.343676e-10	-1.3485742e-10	-1.3562367e-10	-1.3482733e-10	-1.3475585e-10	-1.3576809e-10	-1.3650651e-10	-1.3607616e-10	-1.3667237e-10	-1.3731506e-10	-1.370672e-10	-1.3801292e-10	-1.3839796e-10	-1.3881246e-10	-1.3899583e-10	-1.4037049e-10	-1.3971267e-10	-1.4007211e-10	-1.4041376e-10	-1.4110529e-10	-1.4056999e-10	-1.4138614e-10	-1.4157933e-10	-1.3983484e-10	-1.4051463e-10	-1.4090042e-10	-1.4103871e-10	-1.4230096e-10	-1.4231459e-10	-1.425061e-10	-1.4223332e-10	-1.4185739e-10	-1.4247598e-10	-1.4268145e-10	-1.4296153e-10	-1.4196021e-10	-1.4124446e-10
	202.222222222222	-1.4215992e-10	-1.4231821e-10	-1.428217e-10	-1.4274973e-10	-1.4265787e-10	-1.4347407e-10	-1.4307271e-10	-1.4304344e-10	-1.4337173e-10	-1.4383256e-10	-1.4349222e-10	-1.4308449e-10	-1.3810104e-10	-1.3464742e-10	-1.3470308e-10	-1.35002e-10	-1.3582703e-10	-1.3631836e-10	-1.3584202e-10	-1.350844e-10	-1.3585069e-10	-1.3652526e-10	-1.3674332e-10	-1.3743828e-10	-1.377575e-10	-1.3726158e-10	-1.3716057e-10	-1.3824679e-10	-1.3891395e-10	-1.3991533e-10	-1.4069461e-10	-1.408097e-10	-1.4099537e-10	-1.4125877e-10	-1.4091545e-10	-1.4115079e-10	-1.4195707e-10	-1.4217012e-10	-1.4230453e-10	-1.4211544e-10	-1.4144379e-10	-1.4154973e-10	-1.4210987e-10	-1.4265715e-10	-1.4217766e-10	-1.4223464e-10	-1.4209993e-10	-1.4253514e-10	-1.425801e-10	-1.4262135e-10	-1.4320271e-10
	203.333333333333	-1.4386708e-10	-1.4366835e-10	-1.4354366e-10	-1.4384155e-10	-1.4421245e-10	-1.4447769e-10	-1.4444086e-10	-1.4377832e-10	-1.4412022e-10	-1.4447185e-10	-1.4462076e-10	-1.4492495e-10	-1.4491482e-10	-1.4454567e-10	-1.4370477e-10	-1.4381353e-10	-1.3861538e-10	-1.3709851e-10	-1.3751195e-10	-1.3748318e-10	-1.3720128e-10	-1.3754664e-10	-1.3790419e-10	-1.3821704e-10	-1.391009e-10	-1.3921009e-10	-1.3906098e-10	-1.3985545e-10	-1.4059827e-10	-1.4116933e-10	-1.4130196e-10	-1.415001e-10	-1.4226167e-10	-1.4279571e-10	-1.427776e-10	-1.432444e-10	-1.4333378e-10	-1.4341625e-10	-1.4310923e-10	-1.4300729e-10	-1.4309026e-10	-1.4323691e-10	-1.4345199e-10	-1.4363664e-10	-1.4428031e-10	-1.4410827e-10	-1.4251024e-10	-1.4352596e-10	-1.4375769e-10	-1.4402271e-10	-1.4417026e-10
	204.444444444444	-1.439513e-10	-1.4403355e-10	-1.4430675e-10	-1.4343225e-10	-1.4450993e-10	-1.4502113e-10	-1.4509691e-10	-1.4536314e-10	-1.4486097e-10	-1.4432004e-10	-1.4528292e-10	-1.4518474e-10	-1.4515796e-10	-1.449332e-10	-1.4551314e-10	-1.4542106e-10	-1.4497571e-10	-1.4522179e-10	-1.449544e-10	-1.4347851e-10	-1.3881528e-10	-1.3857647e-10	-1.3848714e-10	-1.3913849e-10	-1.3923576e-10	-1.4008947e-10	-1.3995893e-10	-1.4072696e-10	-1.4152936e-10	-1.412567e-10	-1.4202664e-10	-1.4228337e-10	-1.4286565e-10	-1.429378e-10	-1.4364328e-10	-1.4404172e-10	-1.4381915e-10	-1.4385278e-10	-1.4449147e-10	-1.4369064e-10	-1.4438131e-10	-1.4465926e-10	-1.4446142e-10	-1.4462298e-10	-1.4456178e-10	-1.4432554e-10	-1.4491527e-10	-1.4485366e-10	-1.4481012e-10	-1.4461665e-10	-1.4461507e-10
	205.555555555556	-1.4443939e-10	-1.4533831e-10	-1.4568438e-10	-1.4528277e-10	-1.4514037e-10	-1.4588519e-10	-1.4580867e-10	-1.4628557e-10	-1.4605192e-10	-1.464735e-10	-1.4612792e-10	-1.460962e-10	-1.4644454e-10	-1.4672266e-10	-1.4630944e-10	-1.4684751e-10	-1.4174625e-10	-1.3895948e-10	-1.3889501e-10	-1.3878271e-10	-1.3968281e-10	-1.3984426e-10	-1.3996071e-10	-1.4057469e-10	-1.4131597e-10	-1.4173773e-10	-1.4196114e-10	-1.423474e-10	-1.426613e-10	-1.4330342e-10	-1.4387579e-10	-1.4428592e-10	-1.4427816e-10	-1.4513356e-10	-1.4547288e-10	-1.4503439e-10	-1.4527689e-10	-1.4484537e-10	-1.4556817e-10	-1.4564427e-10	-1.4587638e-10	-1.4572754e-10	-1.464254e-10	-1.4612697e-10	-1.4608179e-10	-1.4666146e-10	-1.4750585e-10	-1.4624531e-10	-1.4617872e-10	-1.4636899e-10	-1.4654279e-10
	206.666666666667	-1.4686238e-10	-1.4720936e-10	-1.4789256e-10	-1.4804272e-10	-1.4794785e-10	-1.4756638e-10	-1.4768772e-10	-1.4786421e-10	-1.4850067e-10	-1.4849962e-10	-1.485731e-10	-1.4786872e-10	-1.4834897e-10	-1.4736132e-10	-1.482921e-10	-1.4922399e-10	-1.4855576e-10	-1.487043e-10	-1.4911812e-10	-1.4346306e-10	-1.4159414e-10	-1.4099803e-10	-1.4145407e-10	-1.4270246e-10	-1.4278415e-10	-1.4330444e-10	-1.4344408e-10	-1.4404346e-10	-1.4431598e-10	-1.4495241e-10	-1.4584324e-10	-1.4702056e-10	-1.4749874e-10	-1.4715527e-10	-1.4728897e-10	-1.4757549e-10	-1.472643e-10	-1.478082e-10	-1.4784184e-10	-1.4835499e-10	-1.4764331e-10	-1.4807733e-10	-1.4826315e-10	-1.4854726e-10	-1.4860063e-10	-1.4903659e-10	-1.4870144e-10	-1.4830137e-10	-1.4894869e-10	-1.4834099e-10	-1.4913917e-10
	207.777777777778	-1.4927494e-10	-1.4939734e-10	-1.4979501e-10	-1.4981075e-10	-1.501944e-10	-1.5028979e-10	-1.495034e-10	-1.4982675e-10	-1.5080251e-10	-1.5077754e-10	-1.501837e-10	-1.5023345e-10	-1.5054838e-10	-1.5067529e-10	-1.5128201e-10	-1.5127564e-10	-1.4582098e-10	-1.4210101e-10	-1.4169164e-10	-1.4215454e-10	-1.4245036e-10	-1.4232426e-10	-1.4344965e-10	-1.4342744e-10	-1.4394332e-10	-1.4399736e-10	-1.4453365e-10	-1.4455945e-10	-1.4542408e-10	-1.4660162e-10	-1.471985e-10	-1.4693077e-10	-1.4772647e-10	-1.4766245e-10	-1.4806742e-10	-1.4825768e-10	-1.4847559e-10	-1.494236e-10	-1.4932854e-10	-1.4877835e-10	-1.4865825e-10	-1.4990129e-10	-1.4997574e-10	-1.4968797e-10	-1.4974359e-10	-1.505277e-10	-1.5024453e-10	-1.4896956e-10	-1.4971874e-10	-1.5010838e-10	-1.5008518e-10
	208.888888888889	-1.5082782e-10	-1.5146848e-10	-1.5033416e-10	-1.508349e-10	-1.5140283e-10	-1.5200168e-10	-1.5155302e-10	-1.512912e-10	-1.520941e-10	-1.523708e-10	-1.511755e-10	-1.5182136e-10	-1.5235663e-10	-1.5180855e-10	-1.5274672e-10	-1.5269874e-10	-1.4674809e-10	-1.4214534e-10	-1.4298601e-10	-1.4314826e-10	-1.4466192e-10	-1.4418269e-10	-1.4430174e-10	-1.4468772e-10	-1.4484425e-10	-1.4547823e-10	-1.457376e-10	-1.4706628e-10	-1.4735201e-10	-1.4731559e-10	-1.4828465e-10	-1.4917236e-10	-1.4969645e-10	-1.5017534e-10	-1.5036158e-10	-1.5106474e-10	-1.5096563e-10	-1.5024935e-10	-1.5026415e-10	-1.5069891e-10	-1.5074922e-10	-1.5140644e-10	-1.5198044e-10	-1.5216629e-10	-1.5062965e-10	-1.5101578e-10	-1.5174889e-10	-1.5176276e-10	-1.5219119e-10	-1.5282649e-10	-1.5300251e-10
	210	-1.5256799e-10	-1.5328747e-10	-1.5330109e-10	-1.536905e-10	-1.5356694e-10	-1.5373784e-10	-1.5330674e-10	-1.531054e-10	-1.5356412e-10	-1.5384126e-10	-1.5368505e-10	-1.5341592e-10	-1.5343547e-10	-1.5388303e-10	-1.5375905e-10	-1.5325571e-10	-1.4610343e-10	-1.4395993e-10	-1.4281944e-10	-1.4409972e-10	-1.4416492e-10	-1.4486304e-10	-1.4524895e-10	-1.4608337e-10	-1.4738556e-10	-1.4712609e-10	-1.4755082e-10	-1.4828269e-10	-1.4874159e-10	-1.497537e-10	-1.4958158e-10	-1.5002907e-10	-1.507563e-10	-1.5208076e-10	-1.5206725e-10	-1.5279177e-10	-1.527288e-10	-1.5276563e-10	-1.5153739e-10	-1.5176863e-10	-1.5192674e-10	-1.5292373e-10	-1.5299337e-10	-1.5304778e-10	-1.5335544e-10	-1.5277474e-10	-1.5278348e-10	-1.5291202e-10	-1.5316329e-10	-1.5278506e-10	-1.5377792e-10
	211.111111111111	-1.5409932e-10	-1.5408572e-10	-1.540333e-10	-1.5546471e-10	-1.5372938e-10	-1.5459502e-10	-1.5497539e-10	-1.5499674e-10	-1.5487284e-10	-1.5554041e-10	-1.5571712e-10	-1.5541851e-10	-1.4646385e-10	-1.4271422e-10	-1.4296157e-10	-1.4381366e-10	-1.4333276e-10	-1.436595e-10	-1.4454725e-10	-1.4431732e-10	-1.4521935e-10	-1.4507801e-10	-1.4546278e-10	-1.4540547e-10	-1.4679573e-10	-1.4748304e-10	-1.4807883e-10	-1.4890304e-10	-1.5005826e-10	-1.5036225e-10	-1.5054126e-10	-1.5199214e-10	-1.5255473e-10	-1.5243749e-10	-1.5284156e-10	-1.5319734e-10	-1.542784e-10	-1.5388563e-10	-1.5396019e-10	-1.5424108e-10	-1.5292938e-10	-1.5410907e-10	-1.5494579e-10	-1.5509839e-10	-1.5468521e-10	-1.5607915e-10	-1.5588908e-10	-1.5521909e-10	-1.5532356e-10	-1.5556546e-10	-1.5580744e-10
	212.222222222222	-1.5627137e-10	-1.5643528e-10	-1.5700426e-10	-1.5666715e-10	-1.5635059e-10	-1.5616694e-10	-1.5638232e-10	-1.5697595e-10	-1.5680515e-10	-1.5694189e-10	-1.5729387e-10	-1.5663676e-10	-1.5733854e-10	-1.573916e-10	-1.5707284e-10	-1.5720349e-10	-1.5722869e-10	-1.5712044e-10	-1.5688134e-10	-1.5428472e-10	-1.4626109e-10	-1.4615217e-10	-1.4666535e-10	-1.4720995e-10	-1.4751121e-10	-1.4806711e-10	-1.4816e-10	-1.4912385e-10	-1.5092849e-10	-1.5172505e-10	-1.526453e-10	-1.5323688e-10	-1.5326644e-10	-1.5370866e-10	-1.5439669e-10	-1.5425596e-10	-1.5480614e-10	-1.5494345e-10	-1.5480056e-10	-1.5482708e-10	-1.5551985e-10	-1.5581975e-10	-1.545485e-10	-1.5370916e-10	-1.5372481e-10	-1.5435274e-10	-1.5507723e-10	-1.5478388e-10	-1.5513744e-10	-1.5638896e-10	-1.5651712e-10
	213.333333333333	-1.5754646e-10	-1.5813816e-10	-1.5772238e-10	-1.5840729e-10	-1.5805941e-10	-1.5802878e-10	-1.579407e-10	-1.5849974e-10	-1.5823597e-10	-1.589998e-10	-1.5858584e-10	-1.5847865e-10	-1.5913976e-10	-1.5897868e-10	-1.5887586e-10	-1.5862241e-10	-1.4729289e-10	-1.4562476e-10	-1.4593367e-10	-1.4620309e-10	-1.4676255e-10	-1.4674462e-10	-1.4729451e-10	-1.4756348e-10	-1.4828269e-10	-1.4867878e-10	-1.5030757e-10	-1.5011437e-10	-1.5087934e-10	-1.517301e-10	-1.5280288e-10	-1.5357839e-10	-1.5479548e-10	-1.5506423e-10	-1.5544548e-10	-1.5507211e-10	-1.5689686e-10	-1.5645001e-10	-1.571276e-10	-1.5715002e-10	-1.5705225e-10	-1.5771383e-10	-1.5791453e-10	-1.5827845e-10	-1.5738234e-10	-1.5757459e-10	-1.5784425e-10	-1.5816189e-10	-1.5786636e-10	-1.5814257e-10	-1.5822979e-10
	214.444444444444	-1.5918215e-10	-1.5936699e-10	-1.5973363e-10	-1.6017754e-10	-1.5991579e-10	-1.5970007e-10	-1.600806e-10	-1.6036912e-10	-1.5984371e-10	-1.6004553e-10	-1.5996585e-10	-1.5905276e-10	-1.5980274e-10	-1.6060371e-10	-1.6101019e-10	-1.6043898e-10	-1.5058196e-10	-1.4622305e-10	-1.4738075e-10	-1.4666612e-10	-1.4711027e-10	-1.4813178e-10	-1.4797413e-10	-1.4857697e-10	-1.4922426e-10	-1.5043852e-10	-1.5101793e-10	-1.5129707e-10	-1.5182192e-10	-1.5302209e-10	-1.5480471e-10	-1.5564044e-10	-1.563104e-10	-1.5666064e-10	-1.5751479e-10	-1.5748275e-10	-1.5680447e-10	-1.5724201e-10	-1.5757393e-10	-1.5768581e-10	-1.5781564e-10	-1.5764785e-10	-1.5721004e-10	-1.5793784e-10	-1.5653659e-10	-1.5785577e-10	-1.5822986e-10	-1.5803124e-10	-1.5796077e-10	-1.5855363e-10	-1.582276e-10
	215.555555555556	-1.5964452e-10	-1.6001209e-10	-1.6005179e-10	-1.6039051e-10	-1.6030009e-10	-1.6151594e-10	-1.6053321e-10	-1.6033044e-10	-1.6057712e-10	-1.6127687e-10	-1.6062258e-10	-1.6142077e-10	-1.5052302e-10	-1.4516037e-10	-1.4447638e-10	-1.4534141e-10	-1.463276e-10	-1.4644423e-10	-1.4682197e-10	-1.4758932e-10	-1.4756084e-10	-1.4829719e-10	-1.4913507e-10	-1.4962252e-10	-1.5097003e-10	-1.5203361e-10	-1.5213168e-10	-1.5235735e-10	-1.5257107e-10	-1.5305991e-10	-1.5556e-10	-1.5604021e-10	-1.5701296e-10	-1.5662004e-10	-1.5691633e-10	-1.5665043e-10	-1.568192e-10	-1.5709939e-10	-1.5797305e-10	-1.5859529e-10	-1.5840808e-10	-1.5816626e-10	-1.5792734e-10	-1.5765614e-10	-1.5754564e-10	-1.5866342e-10	-1.5949346e-10	-1.591724e-10	-1.584138e-10	-1.5936305e-10	-1.5944755e-10
	216.666666666667	-1.605526e-10	-1.6079627e-10	-1.6030823e-10	-1.6002472e-10	-1.601955e-10	-1.6051641e-10	-1.6076136e-10	-1.6134002e-10	-1.6151168e-10	-1.6063131e-10	-1.606436e-10	-1.6159965e-10	-1.6123615e-10	-1.6159483e-10	-1.6179248e-10	-1.6217354e-10	-1.5135251e-10	-1.467108e-10	-1.4624026e-10	-1.4688219e-10	-1.4788409e-10	-1.4927845e-10	-1.5011192e-10	-1.4991752e-10	-1.5099101e-10	-1.5109061e-10	-1.5181266e-10	-1.5322152e-10	-1.5410162e-10	-1.5568022e-10	-1.549421e-10	-1.559281e-10	-1.5709314e-10	-1.5715886e-10	-1.5841357e-10	-1.5894633e-10	-1.5826206e-10	-1.5928821e-10	-1.5940296e-10	-1.5859529e-10	-1.5917154e-10	-1.5902824e-10	-1.5947731e-10	-1.6026593e-10	-1.6043382e-10	-1.5966463e-10	-1.593255e-10	-1.595179e-10	-1.5920525e-10	-1.5873211e-10	-1.5996141e-10
	217.777777777778	-1.6135572e-10	-1.6081193e-10	-1.6065942e-10	-1.6074429e-10	-1.6160331e-10	-1.6131739e-10	-1.611411e-10	-1.6145164e-10	-1.6157321e-10	-1.6065534e-10	-1.6013431e-10	-1.601041e-10	-1.6121494e-10	-1.6204608e-10	-1.6291432e-10	-1.6176646e-10	-1.6210273e-10	-1.6254695e-10	-1.5379102e-10	-1.4789159e-10	-1.4781147e-10	-1.4901211e-10	-1.4927401e-10	-1.4935637e-10	-1.5039216e-10	-1.5052698e-10	-1.5106395e-10	-1.5254806e-10	-1.524756e-10	-1.5306145e-10	-1.5477047e-10	-1.5559366e-10	-1.5648545e-10	-1.5789747e-10	-1.5798642e-10	-1.5907201e-10	-1.5886414e-10	-1.5876367e-10	-1.5884445e-10	-1.5937396e-10	-1.5988845e-10	-1.5934602e-10	-1.6011223e-10	-1.5984265e-10	-1.5982292e-10	-1.5970007e-10	-1.5915613e-10	-1.5923123e-10	-1.5862718e-10	-1.597284e-10	-1.5931785e-10
	218.888888888889	-1.6096066e-10	-1.604719e-10	-1.6151533e-10	-1.6131328e-10	-1.6079393e-10	-1.6262441e-10	-1.6265481e-10	-1.6216513e-10	-1.6232214e-10	-1.6268482e-10	-1.6357633e-10	-1.6319945e-10	-1.5119746e-10	-1.4660151e-10	-1.4614378e-10	-1.4661597e-10	-1.4647707e-10	-1.4729647e-10	-1.4738169e-10	-1.4821791e-10	-1.4788368e-10	-1.484963e-10	-1.4885929e-10	-1.4997653e-10	-1.5049931e-10	-1.5108441e-10	-1.524518e-10	-1.5391542e-10	-1.5432035e-10	-1.5512215e-10	-1.5624942e-10	-1.5680568e-10	-1.5729824e-10	-1.5773435e-10	-1.585722e-10	-1.5904515e-10	-1.5879817e-10	-1.589336e-10	-1.5894516e-10	-1.5954871e-10	-1.5996578e-10	-1.6021655e-10	-1.5976029e-10	-1.601041e-10	-1.597775e-10	-1.6019332e-10	-1.6128703e-10	-1.6109553e-10	-1.6150629e-10	-1.613184e-10	-1.6136491e-10
	220	-1.6284435e-10	-1.633252e-10	-1.6340189e-10	-1.6347149e-10	-1.6398291e-10	-1.6361e-10	-1.6368129e-10	-1.6399877e-10	-1.6314933e-10	-1.6299319e-10	-1.6367854e-10	-1.6424659e-10	-1.6416678e-10	-1.6376456e-10	-1.63842e-10	-1.6346742e-10	-1.5335966e-10	-1.4839353e-10	-1.4725386e-10	-1.4752816e-10	-1.4836193e-10	-1.4807849e-10	-1.4964162e-10	-1.506069e-10	-1.5031951e-10	-1.515868e-10	-1.5309734e-10	-1.5405532e-10	-1.5471896e-10	-1.558083e-10	-1.5649886e-10	-1.5810814e-10	-1.591538e-10	-1.5790014e-10	-1.5852501e-10	-1.5927146e-10	-1.5913622e-10	-1.6005887e-10	-1.6140242e-10	-1.6177086e-10	-1.6266516e-10	-1.6192715e-10	-1.6165863e-10	-1.6214728e-10	-1.6181255e-10	-1.6283404e-10	-1.6313456e-10	-1.6290966e-10	-1.6320763e-10	-1.6245343e-10	-1.6278646e-10
	221.111111111111	-1.6457517e-10	-1.6433147e-10	-1.6477952e-10	-1.6508872e-10	-1.6453564e-10	-1.6477761e-10	-1.6432342e-10	-1.6457137e-10	-1.6527296e-10	-1.6501396e-10	-1.6487556e-10	-1.6524418e-10	-1.6505354e-10	-1.642665e-10	-1.6452854e-10	-1.6557124e-10	-1.5311828e-10	-1.4792115e-10	-1.4806847e-10	-1.4793387e-10	-1.4886203e-10	-1.5019264e-10	-1.4972552e-10	-1.5146659e-10	-1.5235647e-10	-1.5291485e-10	-1.5354028e-10	-1.5461339e-10	-1.5479443e-10	-1.5612642e-10	-1.5764247e-10	-1.5916804e-10	-1.5900375e-10	-1.6012519e-10	-1.6000663e-10	-1.6088689e-10	-1.6135794e-10	-1.6140517e-10	-1.6155947e-10	-1.6143741e-10	-1.6211203e-10	-1.6121551e-10	-1.6184683e-10	-1.6255207e-10	-1.6241174e-10	-1.6197774e-10	-1.6232669e-10	-1.6234948e-10	-1.6133535e-10	-1.6179903e-10	-1.6226889e-10
	222.222222222222	-1.6399301e-10	-1.6501073e-10	-1.64929e-10	-1.6432224e-10	-1.6462576e-10	-1.6512024e-10	-1.6609687e-10	-1.6587426e-10	-1.6627767e-10	-1.6529804e-10	-1.6489311e-10	-1.6536236e-10	-1.6542849e-10	-1.6687046e-10	-1.6649852e-10	-1.6644693e-10	-1.6664554e-10	-1.6677205e-10	-1.6715548e-10	-1.5189856e-10	-1.4989544e-10	-1.5019561e-10	-1.512044e-10	-1.5130397e-10	-1.5303253e-10	-1.5408026e-10	-1.551391e-10	-1.5536292e-10	-1.55777e-10	-1.5697252e-10	-1.5761105e-10	-1.5810062e-10	-1.5878901e-10	-1.5994928e-10	-1.6016534e-10	-1.6057429e-10	-1.6152851e-10	-1.6205208e-10	-1.6152234e-10	-1.6174596e-10	-1.6213708e-10	-1.6244597e-10	-1.6206503e-10	-1.6220159e-10	-1.6238286e-10	-1.6142648e-10	-1.6225356e-10	-1.6210566e-10	-1.618783e-10	-1.6216585e-10	-1.6191269e-10
	223.333333333333	-1.6355418e-10	-1.6391788e-10	-1.6409582e-10	-1.6322518e-10	-1.6361919e-10	-1.6351276e-10	-1.6472577e-10	-1.6509109e-10	-1.6520645e-10	-1.6472661e-10	-1.6497363e-10	-1.6420884e-10	-1.6427441e-10	-1.6498673e-10	-1.6517036e-10	-1.6487692e-10	-1.5445616e-10	-1.4815152e-10	-1.4811175e-10	-1.4987371e-10	-1.4953812e-10	-1.4986441e-10	-1.5074166e-10	-1.5134946e-10	-1.5136528e-10	-1.5212452e-10	-1.5309042e-10	-1.5355403e-10	-1.5517898e-10	-1.5480806e-10	-1.5540803e-10	-1.5693345e-10	-1.5680109e-10	-1.5766875e-10	-1.5861265e-10	-1.5911425e-10	-1.5939949e-10	-1.5901189e-10	-1.598946e-10	-1.6004234e-10	-1.6072137e-10	-1.5988397e-10	-1.6045378e-10	-1.600458e-10	-1.6052526e-10	-1.6048587e-10	-1.6102894e-10	-1.6279916e-10	-1.6229883e-10	-1.6305028e-10	-1.6264749e-10
	224.444444444444	-1.6373262e-10	-1.6410909e-10	-1.6487982e-10	-1.6587255e-10	-1.6539113e-10	-1.656931e-10	-1.651466e-10	-1.6563033e-10	-1.6608437e-10	-1.6677311e-10	-1.6756659e-10	-1.6669383e-10	-1.5245923e-10	-1.4656158e-10	-1.4668067e-10	-1.4777235e-10	-1.4711339e-10	-1.477409e-10	-1.4883575e-10	-1.4950528e-10	-1.5013361e-10	-1.5087004e-10	-1.51018e-10	-1.5126043e-10	-1.5296282e-10	-1.5412056e-10	-1.5464009e-10	-1.5487303e-10	-1.5641848e-10	-1.5761287e-10	-1.5880151e-10	-1.598045e-10	-1.5988122e-10	-1.6084312e-10	-1.6143512e-10	-1.6174864e-10	-1.6120429e-10	-1.603913e-10	-1.6087166e-10	-1.6090849e-10	-1.6135607e-10	-1.6082177e-10	-1.6015506e-10	-1.6102811e-10	-1.6057659e-10	-1.5945584e-10	-1.6072121e-10	-1.6022318e-10	-1.5946537e-10	-1.5910605e-10	-1.5988073e-10
	225.555555555556	-1.6204101e-10	-1.629628e-10	-1.6340791e-10	-1.6357873e-10	-1.6228904e-10	-1.6358609e-10	-1.6447813e-10	-1.6394036e-10	-1.6449556e-10	-1.6481444e-10	-1.6488742e-10	-1.6493529e-10	-1.6454225e-10	-1.6560686e-10	-1.6598414e-10	-1.6570813e-10	-1.5445231e-10	-1.476919e-10	-1.4696938e-10	-1.4755143e-10	-1.479373e-10	-1.4873398e-10	-1.4955676e-10	-1.5018778e-10	-1.5095308e-10	-1.5035774e-10	-1.5184866e-10	-1.5335296e-10	-1.5423249e-10	-1.545833e-10	-1.5731549e-10	-1.5810227e-10	-1.5836525e-10	-1.5911565e-10	-1.5964437e-10	-1.5955369e-10	-1.6016209e-10	-1.6066355e-10	-1.6004087e-10	-1.6099505e-10	-1.6094337e-10	-1.6037119e-10	-1.6019813e-10	-1.6115442e-10	-1.6131588e-10	-1.609938e-10	-1.6077413e-10	-1.6097437e-10	-1.6076587e-10	-1.6138611e-10	-1.6181512e-10
	226.666666666667	-1.6297469e-10	-1.6500862e-10	-1.6431972e-10	-1.6385435e-10	-1.6433109e-10	-1.6496139e-10	-1.6402205e-10	-1.6462044e-10	-1.6379688e-10	-1.6328351e-10	-1.6422055e-10	-1.641081e-10	-1.6576412e-10	-1.6653844e-10	-1.6677416e-10	-1.6788354e-10	-1.5414715e-10	-1.4843345e-10	-1.4840697e-10	-1.495086e-10	-1.5001947e-10	-1.5026411e-10	-1.5138893e-10	-1.5122345e-10	-1.5198658e-10	-1.5286106e-10	-1.5366731e-10	-1.5480855e-10	-1.554936e-10	-1.5667288e-10	-1.5699345e-10	-1.5823905e-10	-1.5992295e-10	-1.6031956e-10	-1.6105511e-10	-1.6169784e-10	-1.6223767e-10	-1.6272003e-10	-1.6264848e-10	-1.6326138e-10	-1.6157239e-10	-1.6114701e-10	-1.6317084e-10	-1.6331124e-10	-1.6304105e-10	-1.6317878e-10	-1.6263096e-10	-1.6297955e-10	-1.6417574e-10	-1.6402216e-10	-1.6358058e-10
	227.777777777778	-1.6478457e-10	-1.655919e-10	-1.6537972e-10	-1.660882e-10	-1.6571841e-10	-1.6644475e-10	-1.6624314e-10	-1.6623117e-10	-1.6628555e-10	-1.6670679e-10	-1.66563e-10	-1.661648e-10	-1.6700021e-10	-1.671467e-10	-1.6757627e-10	-1.6799181e-10	-1.5489347e-10	-1.4970838e-10	-1.4931612e-10	-1.4958466e-10	-1.5086646e-10	-1.5176137e-10	-1.515473e-10	-1.5179025e-10	-1.5272318e-10	-1.5301359e-10	-1.5474054e-10	-1.5579094e-10	-1.5681148e-10	-1.5738984e-10	-1.5879847e-10	-1.5913222e-10	-1.6047412e-10	-1.6133976e-10	-1.6200508e-10	-1.620981e-10	-1.6168379e-10	-1.6220987e-10	-1.6225898e-10	-1.6256049e-10	-1.6395889e-10	-1.6336735e-10	-1.6315042e-10	-1.6314865e-10	-1.6222855e-10	-1.6246481e-10	-1.6305152e-10	-1.6272447e-10	-1.6351208e-10	-1.6385837e-10	-1.6393441e-10
	228.888888888889	-1.6573672e-10	-1.664073e-10	-1.6659124e-10	-1.6672411e-10	-1.6723091e-10	-1.6678478e-10	-1.667454e-10	-1.6587677e-10	-1.6606082e-10	-1.6639526e-10	-1.6609578e-10	-1.6683958e-10	-1.6779124e-10	-1.6728303e-10	-1.6783447e-10	-1.6731057e-10	-1.5498122e-10	-1.495072e-10	-1.4968474e-10	-1.5043437e-10	-1.5048522e-10	-1.5038919e-10	-1.5110707e-10	-1.5216452e-10	-1.5322513e-10	-1.5448161e-10	-1.5559966e-10	-1.5520157e-10	-1.5623383e-10	-1.5768088e-10	-1.5862681e-10	-1.5933789e-10	-1.6032115e-10	-1.6118437e-10	-1.6170924e-10	-1.6157702e-10	-1.6184054e-10	-1.6235954e-10	-1.62727e-10	-1.6367244e-10	-1.6370487e-10	-1.6321007e-10	-1.6307766e-10	-1.6314994e-10	-1.6284639e-10	-1.6338121e-10	-1.6321862e-10	-1.6365606e-10	-1.6370544e-10	-1.6334124e-10	-1.6359429e-10
	230	-1.648696e-10	-1.6572349e-10	-1.6628054e-10	-1.6647886e-10	-1.658178e-10	-1.6627308e-10	-1.6619568e-10	-1.6618522e-10	-1.6619568e-10	-1.6624009e-10	-1.6611347e-10	-1.6625147e-10	-1.6741508e-10	-1.6737602e-10	-1.6778175e-10	-1.6767603e-10	-1.5478475e-10	-1.4943097e-10	-1.4963514e-10	-1.5019602e-10	-1.5077702e-10	-1.5145099e-10	-1.5201045e-10	-1.5215372e-10	-1.5277196e-10	-1.533185e-10	-1.5371905e-10	-1.5493747e-10	-1.5601091e-10	-1.5726713e-10	-1.5774765e-10	-1.5906346e-10	-1.5857966e-10	-1.5917202e-10	-1.6102837e-10	-1.6174306e-10	-1.6147138e-10	-1.6142536e-10	-1.6194948e-10	-1.6189236e-10	-1.6210643e-10	-1.6251812e-10	-1.6222727e-10	-1.6370109e-10	-1.6329881e-10	-1.6334821e-10	-1.6308795e-10	-1.6308463e-10	-1.629506e-10	-1.6329654e-10	-1.6289139e-10
	231.111111111111	-1.6483835e-10	-1.6612801e-10	-1.6545083e-10	-1.6533351e-10	-1.6630178e-10	-1.6513851e-10	-1.6565303e-10	-1.6644218e-10	-1.6569257e-10	-1.6614496e-10	-1.6639966e-10	-1.6550653e-10	-1.656266e-10	-1.6518799e-10	-1.6439071e-10	-1.6467287e-10	-1.5189465e-10	-1.4740556e-10	-1.4797011e-10	-1.4877605e-10	-1.5019275e-10	-1.5131232e-10	-1.5057218e-10	-1.5185204e-10	-1.5283666e-10	-1.5324732e-10	-1.5449121e-10	-1.5559491e-10	-1.568268e-10	-1.5754646e-10	-1.582714e-10	-1.6000949e-10	-1.5953049e-10	-1.6141292e-10	-1.6199088e-10	-1.6250616e-10	-1.6276684e-10	-1.6325237e-10	-1.6299297e-10	-1.6175609e-10	-1.6191691e-10	-1.6274337e-10	-1.6297688e-10	-1.6315513e-10	-1.6296554e-10	-1.6395267e-10	-1.62828e-10	-1.6211493e-10	-1.6316763e-10	-1.6323681e-10	-1.6331715e-10
	232.222222222222	-1.6449342e-10	-1.6537612e-10	-1.6565334e-10	-1.6524961e-10	-1.6521831e-10	-1.6538873e-10	-1.6628411e-10	-1.6646376e-10	-1.6502413e-10	-1.6582917e-10	-1.662671e-10	-1.6593742e-10	-1.6601111e-10	-1.6625165e-10	-1.6713277e-10	-1.676326e-10	-1.5520972e-10	-1.4994844e-10	-1.4988467e-10	-1.5020712e-10	-1.51062e-10	-1.517939e-10	-1.5284182e-10	-1.5250329e-10	-1.5339766e-10	-1.5422005e-10	-1.5534021e-10	-1.5573008e-10	-1.5699687e-10	-1.578076e-10	-1.5850855e-10	-1.5913448e-10	-1.6005808e-10	-1.5914189e-10	-1.6143142e-10	-1.6150095e-10	-1.6208986e-10	-1.6225857e-10	-1.6206696e-10	-1.6264927e-10	-1.6283769e-10	-1.6303262e-10	-1.6264248e-10	-1.6275099e-10	-1.6216253e-10	-1.6235141e-10	-1.6275629e-10	-1.6325918e-10	-1.6325914e-10	-1.632814e-10	-1.6368212e-10
	233.333333333333	-1.6540794e-10	-1.6626325e-10	-1.6689367e-10	-1.6699817e-10	-1.6667402e-10	-1.6727125e-10	-1.6736269e-10	-1.6717454e-10	-1.6771384e-10	-1.6700766e-10	-1.6706204e-10	-1.6605178e-10	-1.6610813e-10	-1.6737522e-10	-1.6735727e-10	-1.6835371e-10	-1.5610778e-10	-1.5005268e-10	-1.5064457e-10	-1.5054762e-10	-1.5119216e-10	-1.5141413e-10	-1.5215348e-10	-1.5257265e-10	-1.5394694e-10	-1.5522289e-10	-1.5575406e-10	-1.5657801e-10	-1.5701827e-10	-1.5855006e-10	-1.5871919e-10	-1.599442e-10	-1.6109489e-10	-1.6162643e-10	-1.6217704e-10	-1.6299583e-10	-1.6257624e-10	-1.6330216e-10	-1.6332972e-10	-1.6314221e-10	-1.6336001e-10	-1.6332317e-10	-1.6412467e-10	-1.6364848e-10	-1.6370276e-10	-1.6298339e-10	-1.6370182e-10	-1.6417845e-10	-1.6397911e-10	-1.6412008e-10	-1.6397847e-10
	234.444444444444	-1.6628739e-10	-1.6609698e-10	-1.6669e-10	-1.6662251e-10	-1.6676727e-10	-1.6704449e-10	-1.6645277e-10	-1.6737733e-10	-1.6720252e-10	-1.6739564e-10	-1.6759667e-10	-1.6729373e-10	-1.6735384e-10	-1.6711826e-10	-1.6631248e-10	-1.6616684e-10	-1.5592105e-10	-1.4889329e-10	-1.4910043e-10	-1.5004002e-10	-1.4945349e-10	-1.509582e-10	-1.5226044e-10	-1.5214124e-10	-1.5360205e-10	-1.5368708e-10	-1.5582759e-10	-1.5661854e-10	-1.574145e-10	-1.5895604e-10	-1.5942338e-10	-1.6055693e-10	-1.6169577e-10	-1.6262211e-10	-1.6262136e-10	-1.6359686e-10	-1.6366355e-10	-1.6419409e-10	-1.6375322e-10	-1.6398431e-10	-1.6443741e-10	-1.634598e-10	-1.6482471e-10	-1.642682e-10	-1.6456647e-10	-1.6493924e-10	-1.6550213e-10	-1.64674e-10	-1.6446657e-10	-1.6445598e-10	-1.6494327e-10
	235.555555555556	-1.6618654e-10	-1.6732107e-10	-1.6781625e-10	-1.6682301e-10	-1.6626901e-10	-1.6720154e-10	-1.670477e-10	-1.6756105e-10	-1.6877859e-10	-1.6909257e-10	-1.6897971e-10	-1.6872523e-10	-1.685916e-10	-1.6899951e-10	-1.6904214e-10	-1.6958905e-10	-1.5681166e-10	-1.5030588e-10	-1.5011276e-10	-1.5013689e-10	-1.5128936e-10	-1.5187646e-10	-1.5185442e-10	-1.5234368e-10	-1.5358875e-10	-1.5365345e-10	-1.5444741e-10	-1.5697406e-10	-1.5751569e-10	-1.5752556e-10	-1.5897687e-10	-1.5961368e-10	-1.5951794e-10	-1.5971434e-10	-1.6089467e-10	-1.6210649e-10	-1.6288228e-10	-1.6411782e-10	-1.6480668e-10	-1.6459566e-10	-1.6366283e-10	-1.6438159e-10	-1.6472525e-10	-1.6329643e-10	-1.6326204e-10	-1.6335368e-10	-1.635099e-10	-1.63677e-10	-1.6266674e-10	-1.6279038e-10	-1.6354583e-10
	236.666666666667	-1.6560295e-10	-1.6661579e-10	-1.6637702e-10	-1.6683258e-10	-1.6679412e-10	-1.6737078e-10	-1.6654556e-10	-1.6773621e-10	-1.67426e-10	-1.6701091e-10	-1.6760568e-10	-1.6705941e-10	-1.6733373e-10	-1.6789466e-10	-1.6585358e-10	-1.6607683e-10	-1.5596158e-10	-1.4976913e-10	-1.5014961e-10	-1.4964184e-10	-1.5001163e-10	-1.5125057e-10	-1.5147292e-10	-1.5244818e-10	-1.5312586e-10	-1.5401361e-10	-1.5434641e-10	-1.5537124e-10	-1.5700542e-10	-1.574806e-10	-1.5876751e-10	-1.5962373e-10	-1.6004226e-10	-1.6168221e-10	-1.6235167e-10	-1.6390933e-10	-1.6290208e-10	-1.626481e-10	-1.6385687e-10	-1.637052e-10	-1.6337229e-10	-1.6357306e-10	-1.6349457e-10	-1.6331832e-10	-1.6290307e-10	-1.6406242e-10	-1.6389898e-10	-1.6438317e-10	-1.6416983e-10	-1.6376671e-10	-1.6378893e-10
	237.777777777778	-1.6535047e-10	-1.6684143e-10	-1.6743357e-10	-1.6752652e-10	-1.6766842e-10	-1.6671646e-10	-1.6715213e-10	-1.6782704e-10	-1.6605879e-10	-1.6676463e-10	-1.6755913e-10	-1.6818652e-10	-1.6750094e-10	-1.6739139e-10	-1.6784546e-10	-1.678669e-10	-1.6785007e-10	-1.6755292e-10	-1.6685306e-10	-1.5810396e-10	-1.5090751e-10	-1.5160104e-10	-1.5276638e-10	-1.5309184e-10	-1.5380955e-10	-1.5432536e-10	-1.5477131e-10	-1.5602278e-10	-1.5673167e-10	-1.5693861e-10	-1.5769711e-10	-1.5857243e-10	-1.5975321e-10	-1.6118294e-10	-1.6183369e-10	-1.6175689e-10	-1.6210722e-10	-1.6180736e-10	-1.6287399e-10	-1.6375021e-10	-1.6381789e-10	-1.639822e-10	-1.6364235e-10	-1.6413887e-10	-1.6550077e-10	-1.6430032e-10	-1.6424587e-10	-1.6368661e-10	-1.6379303e-10	-1.6412245e-10	-1.6350342e-10
	238.888888888889	-1.6555821e-10	-1.6706603e-10	-1.6702355e-10	-1.6749571e-10	-1.6735538e-10	-1.6655309e-10	-1.6736819e-10	-1.6725152e-10	-1.682687e-10	-1.6853319e-10	-1.6844812e-10	-1.6858852e-10	-1.6884909e-10	-1.6827702e-10	-1.682682e-10	-1.6830851e-10	-1.5692897e-10	-1.5084613e-10	-1.5090819e-10	-1.5136351e-10	-1.522734e-10	-1.5172329e-10	-1.529539e-10	-1.5363583e-10	-1.5484666e-10	-1.5571305e-10	-1.5634365e-10	-1.574192e-10	-1.5736946e-10	-1.5859009e-10	-1.5928384e-10	-1.6026445e-10	-1.6065553e-10	-1.6184964e-10	-1.62521e-10	-1.6241024e-10	-1.6271601e-10	-1.624338e-10	-1.6299394e-10	-1.6396104e-10	-1.6383114e-10	-1.6407485e-10	-1.6480664e-10	-1.6484449e-10	-1.6408795e-10	-1.6516442e-10	-1.6478559e-10	-1.6415906e-10	-1.6475146e-10	-1.6462157e-10	-1.6511753e-10
	240	-1.6595689e-10	-1.6646251e-10	-1.6671485e-10	-1.6665493e-10	-1.6639842e-10	-1.6703669e-10	-1.6693644e-10	-1.6719243e-10	-1.7020918e-10	-1.7098127e-10	-1.7103509e-10	-1.6842368e-10	-1.6784139e-10	-1.672882e-10	-1.6848947e-10	-1.6875536e-10	-1.6831529e-10	-1.6926016e-10	-1.6975077e-10	-1.5800404e-10	-1.5169443e-10	-1.5194873e-10	-1.5274533e-10	-1.5322231e-10	-1.5312503e-10	-1.5449925e-10	-1.557552e-10	-1.5611497e-10	-1.5618498e-10	-1.5724014e-10	-1.5924821e-10	-1.6061738e-10	-1.6130533e-10	-1.6185729e-10	-1.6251847e-10	-1.626763e-10	-1.6309799e-10	-1.6344621e-10	-1.6413133e-10	-1.644367e-10	-1.6483259e-10	-1.6391212e-10	-1.6427452e-10	-1.6514592e-10	-1.6434612e-10	-1.6461167e-10	-1.6509644e-10	-1.647935e-10	-1.6434601e-10	-1.6525141e-10	-1.6600071e-10
	241.111111111111	-1.6633854e-10	-1.6621418e-10	-1.6602256e-10	-1.6682636e-10	-1.6702682e-10	-1.6741772e-10	-1.6729479e-10	-1.6785862e-10	-1.6695301e-10	-1.6742016e-10	-1.6809941e-10	-1.6634057e-10	-1.6650949e-10	-1.6773057e-10	-1.6838127e-10	-1.6785816e-10	-1.5581746e-10	-1.5093497e-10	-1.4981105e-10	-1.5065955e-10	-1.5140574e-10	-1.5184862e-10	-1.5208701e-10	-1.5339614e-10	-1.5397515e-10	-1.5345117e-10	-1.5468521e-10	-1.5615402e-10	-1.5706376e-10	-1.5791732e-10	-1.5908752e-10	-1.5985788e-10	-1.6005476e-10	-1.6086892e-10	-1.6088689e-10	-1.6240145e-10	-1.6297495e-10	-1.6335922e-10	-1.6293025e-10	-1.6261323e-10	-1.6281242e-10	-1.6381066e-10	-1.6378893e-10	-1.6412885e-10	-1.6391072e-10	-1.6465901e-10	-1.6368856e-10	-1.6377974e-10	-1.6387799e-10	-1.6428443e-10	-1.6398913e-10
	242.222222222222	-1.6623858e-10	-1.6620796e-10	-1.6637439e-10	-1.6682018e-10	-1.6737847e-10	-1.6780317e-10	-1.6814054e-10	-1.6727257e-10	-1.6777926e-10	-1.6758116e-10	-1.6832305e-10	-1.678217e-10	-1.6829028e-10	-1.6819654e-10	-1.6706633e-10	-1.6792365e-10	-1.6932389e-10	-1.6978143e-10	-1.6794553e-10	-1.5466826e-10	-1.5118082e-10	-1.5154775e-10	-1.5195561e-10	-1.5341343e-10	-1.5321594e-10	-1.536678e-10	-1.5472415e-10	-1.5565574e-10	-1.5727553e-10	-1.5778411e-10	-1.5850264e-10	-1.6004738e-10	-1.5943863e-10	-1.6088327e-10	-1.6065105e-10	-1.6205325e-10	-1.6154023e-10	-1.6183259e-10	-1.6196772e-10	-1.6234561e-10	-1.6290443e-10	-1.6328883e-10	-1.6244341e-10	-1.6161765e-10	-1.621103e-10	-1.627101e-10	-1.6276387e-10	-1.6272425e-10	-1.6346097e-10	-1.6404822e-10	-1.6386523e-10
	243.333333333333	-1.6514382e-10	-1.6634893e-10	-1.669459e-10	-1.6568402e-10	-1.6632094e-10	-1.6688334e-10	-1.6629233e-10	-1.6523879e-10	-1.6643077e-10	-1.6653388e-10	-1.6786433e-10	-1.6829409e-10	-1.6852758e-10	-1.6781172e-10	-1.6795178e-10	-1.666257e-10	-1.5501968e-10	-1.4919582e-10	-1.4969821e-10	-1.5076757e-10	-1.5107107e-10	-1.5168371e-10	-1.5244268e-10	-1.5242201e-10	-1.5388492e-10	-1.5386077e-10	-1.5453505e-10	-1.5564251e-10	-1.5671472e-10	-1.5733534e-10	-1.5781691e-10	-1.5972203e-10	-1.5996822e-10	-1.6086406e-10	-1.6118519e-10	-1.6096714e-10	-1.6224419e-10	-1.6278692e-10	-1.6347389e-10	-1.6311623e-10	-1.6280191e-10	-1.6254513e-10	-1.6102664e-10	-1.6221921e-10	-1.6237042e-10	-1.632454e-10	-1.6345039e-10	-1.6353818e-10	-1.62937e-10	-1.6230305e-10	-1.626832e-10
	244.444444444444	-1.6480189e-10	-1.657801e-10	-1.6585776e-10	-1.652658e-10	-1.6534206e-10	-1.6638008e-10	-1.6657911e-10	-1.6686809e-10	-1.6777335e-10	-1.6738118e-10	-1.6697421e-10	-1.6725295e-10	-1.6742596e-10	-1.6739458e-10	-1.6752351e-10	-1.6818291e-10	-1.5483247e-10	-1.5020536e-10	-1.502623e-10	-1.5106338e-10	-1.5050276e-10	-1.5190907e-10	-1.5218155e-10	-1.525168e-10	-1.5697865e-10	-1.5637144e-10	-1.5466751e-10	-1.5603152e-10	-1.5640832e-10	-1.5767974e-10	-1.5807515e-10	-1.5829889e-10	-1.5983788e-10	-1.6107111e-10	-1.6021261e-10	-1.6086406e-10	-1.6230309e-10	-1.6250642e-10	-1.6355121e-10	-1.6292966e-10	-1.6319486e-10	-1.6245844e-10	-1.6321534e-10	-1.6406657e-10	-1.6374713e-10	-1.6326679e-10	-1.628758e-10	-1.6314843e-10	-1.627749e-10	-1.6255225e-10	-1.6323964e-10
	245.555555555556	-1.6414561e-10	-1.6469531e-10	-1.6629861e-10	-1.6656608e-10	-1.6570553e-10	-1.6567604e-10	-1.6590362e-10	-1.6648609e-10	-1.6707545e-10	-1.6727185e-10	-1.6784833e-10	-1.6751074e-10	-1.6697599e-10	-1.6713002e-10	-1.6774536e-10	-1.6828622e-10	-1.6849053e-10	-1.6892314e-10	-1.6896388e-10	-1.5917263e-10	-1.5121497e-10	-1.5082932e-10	-1.5199166e-10	-1.5314612e-10	-1.5369013e-10	-1.5414346e-10	-1.5484278e-10	-1.562353e-10	-1.5652978e-10	-1.5696167e-10	-1.5744735e-10	-1.5966078e-10	-1.5996648e-10	-1.600601e-10	-1.6066008e-10	-1.6131957e-10	-1.621068e-10	-1.6225039e-10	-1.6266791e-10	-1.6326145e-10	-1.6188373e-10	-1.6295847e-10	-1.6278244e-10	-1.6252845e-10	-1.6346037e-10	-1.6455973e-10	-1.6357649e-10	-1.6282767e-10	-1.6267955e-10	-1.6349103e-10	-1.6435647e-10
	246.666666666667	-1.6581098e-10	-1.6774446e-10	-1.6772345e-10	-1.6708659e-10	-1.6706257e-10	-1.6716731e-10	-1.6664484e-10	-1.6699041e-10	-1.6733542e-10	-1.6730457e-10	-1.6601398e-10	-1.6689716e-10	-1.6784456e-10	-1.6812235e-10	-1.6841091e-10	-1.6879283e-10	-1.5610303e-10	-1.50083e-10	-1.5000831e-10	-1.5075702e-10	-1.5088944e-10	-1.5148278e-10	-1.5212735e-10	-1.5272285e-10	-1.5450018e-10	-1.5367917e-10	-1.5441289e-10	-1.5651332e-10	-1.5745566e-10	-1.5842272e-10	-1.5984465e-10	-1.5956547e-10	-1.5992517e-10	-1.6046733e-10	-1.6121371e-10	-1.6158971e-10	-1.6144543e-10	-1.6214592e-10	-1.6231996e-10	-1.6340833e-10	-1.6323817e-10	-1.634899e-10	-1.6408727e-10	-1.6320811e-10	-1.6297801e-10	-1.6339943e-10	-1.6357757e-10	-1.6304591e-10	-1.636373e-10	-1.6252939e-10	-1.6428078e-10
	247.777777777778	-1.6630995e-10	-1.6680067e-10	-1.6709545e-10	-1.6689215e-10	-1.6650145e-10	-1.6688866e-10	-1.671234e-10	-1.6783495e-10	-1.6728613e-10	-1.6741737e-10	-1.6804216e-10	-1.6771821e-10	-1.6805554e-10	-1.6802963e-10	-1.6836454e-10	-1.6805719e-10	-1.5584223e-10	-1.5033386e-10	-1.5040647e-10	-1.5076827e-10	-1.5130153e-10	-1.519648e-10	-1.5272274e-10	-1.5302899e-10	-1.5316397e-10	-1.5431358e-10	-1.5457241e-10	-1.5556971e-10	-1.5741337e-10	-1.5789275e-10	-1.5894105e-10	-1.6046429e-10	-1.6099004e-10	-1.6115846e-10	-1.6209761e-10	-1.6267951e-10	-1.6337699e-10	-1.6276772e-10	-1.6315625e-10	-1.6318361e-10	-1.6382358e-10	-1.6453902e-10	-1.6469105e-10	-1.6442483e-10	-1.6469558e-10	-1.6523488e-10	-1.6453894e-10	-1.6460851e-10	-1.6433742e-10	-1.6461407e-10	-1.6459457e-10
	248.888888888889	-1.6661629e-10	-1.6701256e-10	-1.6669929e-10	-1.6690956e-10	-1.6667655e-10	-1.6669857e-10	-1.6681306e-10	-1.6698933e-10	-1.6695682e-10	-1.6749176e-10	-1.663452e-10	-1.6728624e-10	-1.6820555e-10	-1.6885102e-10	-1.6822821e-10	-1.6843689e-10	-1.5782102e-10	-1.5059594e-10	-1.5089659e-10	-1.5153166e-10	-1.5144222e-10	-1.5181277e-10	-1.5292366e-10	-1.5354469e-10	-1.5430845e-10	-1.5568774e-10	-1.5652769e-10	-1.5744946e-10	-1.5795934e-10	-1.5799199e-10	-1.5940749e-10	-1.6023746e-10	-1.604917e-10	-1.6134642e-10	-1.6141334e-10	-1.620073e-10	-1.6191865e-10	-1.630284e-10	-1.6323624e-10	-1.6363998e-10	-1.640124e-10	-1.6207448e-10	-1.6239747e-10	-1.6353234e-10	-1.6342286e-10	-1.6437546e-10	-1.6406483e-10	-1.6406709e-10	-1.6412863e-10	-1.6449221e-10	-1.6364125e-10
	250	-1.6609129e-10	-1.6719016e-10	-1.6790079e-10	-1.670457e-10	-1.6659674e-10	-1.6575084e-10	-1.6754911e-10	-1.6725807e-10	-1.678426e-10	-1.6794569e-10	-1.6856577e-10	-1.6861733e-10	-1.6804778e-10	-1.6838538e-10	-1.6811606e-10	-1.6870053e-10	-1.5551413e-10	-1.5052144e-10	-1.5067285e-10	-1.5014247e-10	-1.505579e-10	-1.5209217e-10	-1.5251252e-10	-1.5311272e-10	-1.5347877e-10	-1.5406949e-10	-1.5391738e-10	-1.5532683e-10	-1.5640997e-10	-1.5804744e-10	-1.5896215e-10	-1.5937031e-10	-1.596937e-10	-1.607504e-10	-1.6037756e-10	-1.6086933e-10	-1.6138793e-10	-1.629831e-10	-1.6291876e-10	-1.6282488e-10	-1.6289929e-10	-1.6293263e-10	-1.6365534e-10	-1.6406622e-10	-1.6509034e-10	-1.645377e-10	-1.6422497e-10	-1.6502191e-10	-1.6587738e-10	-1.6595161e-10	-1.6561548e-10
