I1_1819
																																																				
		262.15	262.14	262.13	262.12	262.11	262.1	262.09	262.08	262.07	262.06	262.05	262.04	262.03	262.02	262.01	262	261.99	261.98	261.97	261.96	261.95	261.94	261.93	261.92	261.91	261.9	261.89	261.88	261.87	261.86	261.85	261.84	261.83	261.82	261.81	261.8	261.79	261.78	261.77	261.76	261.75	261.74	261.73	261.72	261.71	261.7	261.69	261.68	261.67	261.66	261.65
	250	-1.7324624e-10	-1.7318941e-10	-1.7294559e-10	-1.7273895e-10	-1.7266705e-10	-1.7259429e-10	-1.7318791e-10	-1.7247269e-10	-1.7274467e-10	-1.7281103e-10	-1.7298646e-10	-1.7240294e-10	-1.7135943e-10	-1.7130473e-10	-1.707578e-10	-1.6706005e-10	-1.655628e-10	-1.6665383e-10	-1.6792136e-10	-1.6830033e-10	-1.686295e-10	-1.6935608e-10	-1.7042269e-10	-1.7160588e-10	-1.7211814e-10	-1.7197657e-10	-1.7208654e-10	-1.7148612e-10	-1.7135325e-10	-1.7264988e-10	-1.7229232e-10	-1.7178391e-10	-1.7265274e-10	-1.723609e-10	-1.7251965e-10	-1.7266705e-10	-1.7241125e-10	-1.7245382e-10	-1.7220457e-10	-1.712125e-10	-1.6759001e-10	-1.6723423e-10	-1.6726112e-10	-1.6638869e-10	-1.6725363e-10	-1.6675883e-10	-1.6611171e-10	-1.6522249e-10	-1.6725332e-10	-1.6661467e-10	-1.6725418e-10
	248.888888888889	-1.6790373e-10	-1.6835487e-10	-1.7163213e-10	-1.7162294e-10	-1.7228242e-10	-1.7230653e-10	-1.7301723e-10	-1.7316903e-10	-1.7290838e-10	-1.73071e-10	-1.7271229e-10	-1.7257855e-10	-1.6460625e-10	-1.7198321e-10	-1.7253592e-10	-1.7216134e-10	-1.7237574e-10	-1.7295229e-10	-1.7333271e-10	-1.7199914e-10	-1.7226506e-10	-1.7162753e-10	-1.6964981e-10	-1.6667741e-10	-1.6674863e-10	-1.6771949e-10	-1.6725328e-10	-1.6825205e-10	-1.6959406e-10	-1.6965952e-10	-1.6942497e-10	-1.6995075e-10	-1.7073877e-10	-1.7052323e-10	-1.7062078e-10	-1.7080615e-10	-1.7041278e-10	-1.7024522e-10	-1.7012866e-10	-1.7071651e-10	-1.7161406e-10	-1.7195763e-10	-1.7217242e-10	-1.7197586e-10	-1.717551e-10	-1.7151515e-10	-1.7127021e-10	-1.7161812e-10	-1.7161725e-10	-1.7193708e-10	-1.7154739e-10
	247.777777777778	-1.7025972e-10	-1.7106555e-10	-1.7234433e-10	-1.7286764e-10	-1.7249155e-10	-1.7199481e-10	-1.7256627e-10	-1.7235387e-10	-1.7306841e-10	-1.7304766e-10	-1.7350618e-10	-1.7340558e-10	-1.7326975e-10	-1.724821e-10	-1.7258044e-10	-1.721128e-10	-1.7339477e-10	-1.7288469e-10	-1.7275394e-10	-1.7287509e-10	-1.7335106e-10	-1.7274697e-10	-1.6734997e-10	-1.6704879e-10	-1.6798922e-10	-1.6892422e-10	-1.6975191e-10	-1.7027713e-10	-1.7139543e-10	-1.7181406e-10	-1.7190427e-10	-1.7151086e-10	-1.7057294e-10	-1.7226419e-10	-1.7193014e-10	-1.7221263e-10	-1.7224909e-10	-1.7103351e-10	-1.7130651e-10	-1.710407e-10	-1.7136903e-10	-1.7184709e-10	-1.7135912e-10	-1.7049796e-10	-1.7016162e-10	-1.7053321e-10	-1.7065106e-10	-1.7139272e-10	-1.7246519e-10	-1.7210673e-10	-1.7108816e-10
	246.666666666667	-1.7217613e-10	-1.7240132e-10	-1.7239088e-10	-1.7212078e-10	-1.7212794e-10	-1.7221154e-10	-1.7272385e-10	-1.7150702e-10	-1.715442e-10	-1.7128783e-10	-1.7147851e-10	-1.713867e-10	-1.72148e-10	-1.7226641e-10	-1.72619e-10	-1.7325472e-10	-1.7328473e-10	-1.734263e-10	-1.7439167e-10	-1.7343918e-10	-1.7263221e-10	-1.730214e-10	-1.6872319e-10	-1.6726059e-10	-1.6725211e-10	-1.6793826e-10	-1.6926183e-10	-1.6963421e-10	-1.6973277e-10	-1.7006392e-10	-1.7118434e-10	-1.7135231e-10	-1.7108823e-10	-1.7198444e-10	-1.7267425e-10	-1.7160762e-10	-1.7127073e-10	-1.7168003e-10	-1.7017085e-10	-1.6983585e-10	-1.7125443e-10	-1.7183252e-10	-1.714668e-10	-1.721918e-10	-1.7266506e-10	-1.7260175e-10	-1.7197879e-10	-1.7245592e-10	-1.7217587e-10	-1.7232607e-10	-1.7290899e-10
	245.555555555556	-1.7257866e-10	-1.7220472e-10	-1.7266155e-10	-1.7129495e-10	-1.7227771e-10	-1.7264766e-10	-1.7156791e-10	-1.7211776e-10	-1.7274414e-10	-1.7264525e-10	-1.7262808e-10	-1.7364021e-10	-1.7310282e-10	-1.7286964e-10	-1.7334537e-10	-1.7319277e-10	-1.730579e-10	-1.7297411e-10	-1.7272649e-10	-1.7289678e-10	-1.7186612e-10	-1.7181064e-10	-1.707086e-10	-1.6683668e-10	-1.6712524e-10	-1.6807611e-10	-1.6872791e-10	-1.689115e-10	-1.6933722e-10	-1.703184e-10	-1.6980399e-10	-1.71378e-10	-1.7159744e-10	-1.722396e-10	-1.7244327e-10	-1.7197266e-10	-1.7074367e-10	-1.7146291e-10	-1.7156106e-10	-1.714465e-10	-1.7163827e-10	-1.7178356e-10	-1.7006328e-10	-1.7012283e-10	-1.7125816e-10	-1.7252232e-10	-1.7329832e-10	-1.7297395e-10	-1.7310517e-10	-1.7288729e-10	-1.7298303e-10
	244.444444444444	-1.7281573e-10	-1.7338593e-10	-1.73422e-10	-1.7352229e-10	-1.737088e-10	-1.7396602e-10	-1.7381367e-10	-1.7314998e-10	-1.7173528e-10	-1.7305452e-10	-1.7254612e-10	-1.7262751e-10	-1.7352102e-10	-1.7349454e-10	-1.7292123e-10	-1.731174e-10	-1.7295403e-10	-1.7371155e-10	-1.7398082e-10	-1.7355532e-10	-1.7391664e-10	-1.7344474e-10	-1.7030868e-10	-1.6751688e-10	-1.6795762e-10	-1.6922645e-10	-1.6928367e-10	-1.6911897e-10	-1.6947785e-10	-1.7003915e-10	-1.7133818e-10	-1.7145979e-10	-1.7086614e-10	-1.714846e-10	-1.7189274e-10	-1.7290794e-10	-1.7227764e-10	-1.7299787e-10	-1.7310851e-10	-1.7319859e-10	-1.7285347e-10	-1.7306377e-10	-1.7244116e-10	-1.729515e-10	-1.7218824e-10	-1.7248451e-10	-1.7281762e-10	-1.7222408e-10	-1.723684e-10	-1.7270607e-10	-1.7273424e-10
	243.333333333333	-1.7351315e-10	-1.7307898e-10	-1.7317141e-10	-1.7326575e-10	-1.7283615e-10	-1.7271873e-10	-1.7283848e-10	-1.725082e-10	-1.7233794e-10	-1.7189108e-10	-1.7248115e-10	-1.7266803e-10	-1.7226678e-10	-1.7221692e-10	-1.7169954e-10	-1.7208421e-10	-1.7196317e-10	-1.7260272e-10	-1.7219606e-10	-1.7213117e-10	-1.7332055e-10	-1.6921863e-10	-1.655094e-10	-1.6657252e-10	-1.6666965e-10	-1.6746418e-10	-1.6889207e-10	-1.6855285e-10	-1.692791e-10	-1.7029449e-10	-1.7128508e-10	-1.7202795e-10	-1.7203702e-10	-1.7286993e-10	-1.7297191e-10	-1.7103946e-10	-1.7192732e-10	-1.7314851e-10	-1.7256277e-10	-1.719907e-10	-1.7130271e-10	-1.7248176e-10	-1.7284237e-10	-1.7171664e-10	-1.7257279e-10	-1.726263e-10	-1.7225364e-10	-1.7269763e-10	-1.721818e-10	-1.7265032e-10	-1.7269559e-10
	242.222222222222	-1.7251625e-10	-1.7267258e-10	-1.7276414e-10	-1.730855e-10	-1.7294638e-10	-1.7290405e-10	-1.724868e-10	-1.7164248e-10	-1.7195168e-10	-1.7272614e-10	-1.7329355e-10	-1.7351706e-10	-1.7284017e-10	-1.7249875e-10	-1.7350346e-10	-1.7309194e-10	-1.7340857e-10	-1.7318202e-10	-1.7405558e-10	-1.7367817e-10	-1.7312161e-10	-1.7300239e-10	-1.6777869e-10	-1.6719601e-10	-1.6702759e-10	-1.6735918e-10	-1.6923603e-10	-1.6972418e-10	-1.7036736e-10	-1.718439e-10	-1.7177954e-10	-1.7180274e-10	-1.7244821e-10	-1.7274877e-10	-1.7276769e-10	-1.7292394e-10	-1.7240195e-10	-1.7159006e-10	-1.7235198e-10	-1.7284843e-10	-1.7326217e-10	-1.7301138e-10	-1.7237244e-10	-1.7300307e-10	-1.7201962e-10	-1.712939e-10	-1.722341e-10	-1.7202105e-10	-1.7291799e-10	-1.7265676e-10	-1.7282802e-10
	241.111111111111	-1.7232844e-10	-1.724394e-10	-1.7272712e-10	-1.7290386e-10	-1.7249403e-10	-1.7336514e-10	-1.7165996e-10	-1.719913e-10	-1.7188181e-10	-1.729553e-10	-1.7371105e-10	-1.7344445e-10	-1.731635e-10	-1.7328111e-10	-1.7357284e-10	-1.7333383e-10	-1.738843e-10	-1.7282437e-10	-1.7298868e-10	-1.7334989e-10	-1.7336924e-10	-1.7345278e-10	-1.702328e-10	-1.6780445e-10	-1.6660739e-10	-1.6785108e-10	-1.6798676e-10	-1.6976576e-10	-1.7129763e-10	-1.7148612e-10	-1.7199529e-10	-1.7217743e-10	-1.7150299e-10	-1.7205483e-10	-1.7231921e-10	-1.728908e-10	-1.7281536e-10	-1.7276143e-10	-1.7195206e-10	-1.7149497e-10	-1.7180714e-10	-1.7225572e-10	-1.7188333e-10	-1.726523e-10	-1.71828e-10	-1.7140797e-10	-1.7187361e-10	-1.7266551e-10	-1.7264555e-10	-1.7278143e-10	-1.723066e-10
	240	-1.7235387e-10	-1.7317525e-10	-1.732267e-10	-1.7256635e-10	-1.725813e-10	-1.7207671e-10	-1.7209129e-10	-1.7185617e-10	-1.7070009e-10	-1.7202852e-10	-1.7215547e-10	-1.72724e-10	-1.7316636e-10	-1.7263586e-10	-1.7239217e-10	-1.7485059e-10	-1.7206983e-10	-1.7265349e-10	-1.7213521e-10	-1.7263478e-10	-1.7284782e-10	-1.7298088e-10	-1.6949392e-10	-1.6728989e-10	-1.6862498e-10	-1.6862825e-10	-1.6919105e-10	-1.6962728e-10	-1.7107504e-10	-1.7152987e-10	-1.7119371e-10	-1.7234505e-10	-1.7169031e-10	-1.7160283e-10	-1.7125006e-10	-1.7164843e-10	-1.7103377e-10	-1.7222758e-10	-1.7223964e-10	-1.7288726e-10	-1.7284157e-10	-1.7181769e-10	-1.7186724e-10	-1.7209983e-10	-1.7127823e-10	-1.7281092e-10	-1.7260272e-10	-1.7250416e-10	-1.7211076e-10	-1.7160821e-10	-1.7287766e-10
	238.888888888889	-1.7283351e-10	-1.7339591e-10	-1.7297233e-10	-1.7324722e-10	-1.7321265e-10	-1.7327977e-10	-1.727762e-10	-1.7303832e-10	-1.7295305e-10	-1.7284527e-10	-1.7193853e-10	-1.7134587e-10	-1.7246821e-10	-1.731873e-10	-1.7304239e-10	-1.7295433e-10	-1.7182145e-10	-1.7258635e-10	-1.7322292e-10	-1.7258096e-10	-1.7271537e-10	-1.734852e-10	-1.6962641e-10	-1.6673206e-10	-1.675127e-10	-1.6828636e-10	-1.6924258e-10	-1.7004675e-10	-1.6982922e-10	-1.7085082e-10	-1.7120028e-10	-1.7111568e-10	-1.7118415e-10	-1.712312e-10	-1.7177328e-10	-1.7144684e-10	-1.7248974e-10	-1.7190005e-10	-1.7131958e-10	-1.7135363e-10	-1.7190442e-10	-1.7274991e-10	-1.7269135e-10	-1.7168617e-10	-1.7281789e-10	-1.7188642e-10	-1.7230781e-10	-1.7261817e-10	-1.7260483e-10	-1.7291042e-10	-1.7284975e-10
	237.777777777778	-1.7312919e-10	-1.7232611e-10	-1.7250779e-10	-1.7280859e-10	-1.7291098e-10	-1.7240256e-10	-1.7290477e-10	-1.7301439e-10	-1.7224276e-10	-1.7237868e-10	-1.7217976e-10	-1.7051609e-10	-1.7094778e-10	-1.7114009e-10	-1.7143889e-10	-1.7220789e-10	-1.7210469e-10	-1.7180718e-10	-1.722234e-10	-1.72174e-10	-1.7218536e-10	-1.7237246e-10	-1.7019412e-10	-1.6607717e-10	-1.6692824e-10	-1.6739753e-10	-1.6780916e-10	-1.6873479e-10	-1.702917e-10	-1.7108827e-10	-1.7143448e-10	-1.7119914e-10	-1.706697e-10	-1.7231251e-10	-1.7281272e-10	-1.7259486e-10	-1.7221716e-10	-1.7164023e-10	-1.7248568e-10	-1.7171958e-10	-1.7244406e-10	-1.7186141e-10	-1.7255196e-10	-1.7286296e-10	-1.7203924e-10	-1.7194268e-10	-1.7192464e-10	-1.721874e-10	-1.7298382e-10	-1.7271115e-10	-1.7261734e-10
	236.666666666667	-1.7284452e-10	-1.7183531e-10	-1.7271748e-10	-1.7247535e-10	-1.7295504e-10	-1.7193165e-10	-1.7156901e-10	-1.7148653e-10	-1.7041296e-10	-1.7188069e-10	-1.7134319e-10	-1.7092798e-10	-1.7088463e-10	-1.7225485e-10	-1.7272886e-10	-1.7312324e-10	-1.7367856e-10	-1.7333422e-10	-1.7401147e-10	-1.7375275e-10	-1.735302e-10	-1.7334122e-10	-1.6964902e-10	-1.6805385e-10	-1.6798843e-10	-1.6890554e-10	-1.6826282e-10	-1.6773279e-10	-1.7072559e-10	-1.7058184e-10	-1.711086e-10	-1.7129823e-10	-1.7217426e-10	-1.7173916e-10	-1.7141061e-10	-1.7234517e-10	-1.728746e-10	-1.7326846e-10	-1.7291794e-10	-1.713609e-10	-1.72503e-10	-1.7220114e-10	-1.726054e-10	-1.7270581e-10	-1.7278459e-10	-1.723591e-10	-1.7255139e-10	-1.7272821e-10	-1.7269876e-10	-1.7306837e-10	-1.7293508e-10
	235.555555555556	-1.7239066e-10	-1.719126e-10	-1.725996e-10	-1.7196983e-10	-1.7165348e-10	-1.7121221e-10	-1.7084384e-10	-1.7131774e-10	-1.698163e-10	-1.7074389e-10	-1.7117086e-10	-1.7168673e-10	-1.7170398e-10	-1.7036916e-10	-1.7066379e-10	-1.7224958e-10	-1.7173396e-10	-1.7120012e-10	-1.7169875e-10	-1.726448e-10	-1.7238407e-10	-1.7293704e-10	-1.6947996e-10	-1.6764232e-10	-1.6733023e-10	-1.6822464e-10	-1.6884491e-10	-1.6862595e-10	-1.6959358e-10	-1.7017197e-10	-1.7151647e-10	-1.7150185e-10	-1.7115433e-10	-1.7040246e-10	-1.7020278e-10	-1.7111572e-10	-1.7149251e-10	-1.7130139e-10	-1.7154934e-10	-1.7007021e-10	-1.7097558e-10	-1.7199747e-10	-1.7119459e-10	-1.714392e-10	-1.7086467e-10	-1.7047484e-10	-1.7132422e-10	-1.7109847e-10	-1.7215189e-10	-1.7181628e-10	-1.721288e-10
	234.444444444444	-1.7260408e-10	-1.7232084e-10	-1.7259162e-10	-1.7241898e-10	-1.7196539e-10	-1.718521e-10	-1.7274071e-10	-1.7316139e-10	-1.7305349e-10	-1.7290673e-10	-1.7236712e-10	-1.7249137e-10	-1.7345116e-10	-1.7232618e-10	-1.719104e-10	-1.728067e-10	-1.7249702e-10	-1.7248741e-10	-1.7239442e-10	-1.7314805e-10	-1.732374e-10	-1.7215587e-10	-1.724606e-10	-1.6856555e-10	-1.6805532e-10	-1.6910365e-10	-1.6902038e-10	-1.6909416e-10	-1.7008128e-10	-1.7122742e-10	-1.7124852e-10	-1.7099942e-10	-1.7160934e-10	-1.709111e-10	-1.7098764e-10	-1.7095404e-10	-1.710323e-10	-1.7082893e-10	-1.7164817e-10	-1.7125755e-10	-1.7157545e-10	-1.7123786e-10	-1.7061468e-10	-1.7069007e-10	-1.7100044e-10	-1.7182702e-10	-1.7149278e-10	-1.7114422e-10	-1.7074378e-10	-1.6993215e-10	-1.7056621e-10
	233.333333333333	-1.7165058e-10	-1.7183942e-10	-1.7065682e-10	-1.7059494e-10	-1.6998127e-10	-1.7107818e-10	-1.7229157e-10	-1.7198878e-10	-1.7187655e-10	-1.7149124e-10	-1.7025216e-10	-1.7145968e-10	-1.7110247e-10	-1.7160916e-10	-1.7249467e-10	-1.7281099e-10	-1.7278064e-10	-1.724586e-10	-1.7289757e-10	-1.7250003e-10	-1.725526e-10	-1.7192826e-10	-1.670364e-10	-1.6723592e-10	-1.6719992e-10	-1.6743101e-10	-1.684613e-10	-1.6929982e-10	-1.7014576e-10	-1.7056286e-10	-1.7079033e-10	-1.7092264e-10	-1.7113504e-10	-1.7089363e-10	-1.713325e-10	-1.7129495e-10	-1.7199153e-10	-1.7062492e-10	-1.7140947e-10	-1.7068676e-10	-1.7169258e-10	-1.7062775e-10	-1.7206746e-10	-1.71425e-10	-1.7161496e-10	-1.7173721e-10	-1.7154264e-10	-1.7154886e-10	-1.7228781e-10	-1.7194754e-10	-1.709641e-10
	232.222222222222	-1.7121909e-10	-1.725106e-10	-1.7103124e-10	-1.7076299e-10	-1.69508e-10	-1.7031983e-10	-1.7077199e-10	-1.7055465e-10	-1.7154853e-10	-1.7189568e-10	-1.7105689e-10	-1.7163834e-10	-1.7138857e-10	-1.7091299e-10	-1.7174719e-10	-1.7180077e-10	-1.721326e-10	-1.7138801e-10	-1.7153172e-10	-1.7092765e-10	-1.7196791e-10	-1.7189195e-10	-1.700156e-10	-1.6671567e-10	-1.6626792e-10	-1.664829e-10	-1.6756636e-10	-1.6910053e-10	-1.6872338e-10	-1.6920074e-10	-1.6982667e-10	-1.7073361e-10	-1.7092493e-10	-1.7127469e-10	-1.7173347e-10	-1.7194042e-10	-1.7073044e-10	-1.7011752e-10	-1.7112141e-10	-1.7093567e-10	-1.7155406e-10	-1.7178947e-10	-1.7118501e-10	-1.7109561e-10	-1.7106284e-10	-1.7074921e-10	-1.7107396e-10	-1.7069765e-10	-1.7109256e-10	-1.706018e-10	-1.704672e-10
	231.111111111111	-1.7111312e-10	-1.71412e-10	-1.7118125e-10	-1.7112284e-10	-1.7057129e-10	-1.7135784e-10	-1.7099452e-10	-1.7003902e-10	-1.6970667e-10	-1.7087699e-10	-1.7160855e-10	-1.7222943e-10	-1.721889e-10	-1.7261184e-10	-1.7219196e-10	-1.7230928e-10	-1.7215614e-10	-1.7216809e-10	-1.7198185e-10	-1.7237797e-10	-1.7197813e-10	-1.7208522e-10	-1.6723943e-10	-1.6634445e-10	-1.6723453e-10	-1.6694326e-10	-1.6795212e-10	-1.6857168e-10	-1.6891594e-10	-1.6988605e-10	-1.7053224e-10	-1.6910191e-10	-1.6939077e-10	-1.710895e-10	-1.7073956e-10	-1.7079597e-10	-1.7152815e-10	-1.7122991e-10	-1.7115843e-10	-1.7025456e-10	-1.7100199e-10	-1.7094791e-10	-1.7119153e-10	-1.7064199e-10	-1.716252e-10	-1.7107139e-10	-1.7090385e-10	-1.711262e-10	-1.7165872e-10	-1.7096022e-10	-1.7112438e-10
	230	-1.7148194e-10	-1.7212157e-10	-1.7155688e-10	-1.7207502e-10	-1.7209772e-10	-1.7107618e-10	-1.7114943e-10	-1.7080268e-10	-1.7169392e-10	-1.710337e-10	-1.7074336e-10	-1.6892984e-10	-1.7031253e-10	-1.7009785e-10	-1.7085089e-10	-1.7129574e-10	-1.7235183e-10	-1.7113809e-10	-1.7110412e-10	-1.7140195e-10	-1.7246349e-10	-1.7254664e-10	-1.7128482e-10	-1.6627406e-10	-1.6597089e-10	-1.6638779e-10	-1.6776359e-10	-1.6842658e-10	-1.6931097e-10	-1.6949844e-10	-1.7052829e-10	-1.7079779e-10	-1.7109651e-10	-1.7110036e-10	-1.7173486e-10	-1.7170572e-10	-1.7103298e-10	-1.712722e-10	-1.7015198e-10	-1.6994586e-10	-1.713485e-10	-1.7077184e-10	-1.7036642e-10	-1.7105592e-10	-1.7161197e-10	-1.7078494e-10	-1.7108438e-10	-1.7073402e-10	-1.7008453e-10	-1.698406e-10	-1.699796e-10
	228.888888888889	-1.6849666e-10	-1.6947174e-10	-1.7098775e-10	-1.7142582e-10	-1.7040103e-10	-1.7054941e-10	-1.7076031e-10	-1.707204e-10	-1.697545e-10	-1.7142759e-10	-1.7117609e-10	-1.7041406e-10	-1.6965548e-10	-1.7035041e-10	-1.7180668e-10	-1.7147135e-10	-1.7131126e-10	-1.7080043e-10	-1.7025291e-10	-1.6897338e-10	-1.6945728e-10	-1.7097397e-10	-1.671249e-10	-1.6607347e-10	-1.6608696e-10	-1.6615267e-10	-1.663675e-10	-1.6794244e-10	-1.6886359e-10	-1.6960096e-10	-1.705765e-10	-1.7075692e-10	-1.6989433e-10	-1.7021269e-10	-1.7017668e-10	-1.7042792e-10	-1.7064601e-10	-1.7082351e-10	-1.6988794e-10	-1.6984252e-10	-1.702873e-10	-1.704132e-10	-1.6978832e-10	-1.6953892e-10	-1.6985544e-10	-1.7003078e-10	-1.6934004e-10	-1.7023438e-10	-1.7167961e-10	-1.715013e-10	-1.7037452e-10
	227.777777777778	-1.7060135e-10	-1.7049477e-10	-1.6992797e-10	-1.7119338e-10	-1.7113312e-10	-1.7079997e-10	-1.7009842e-10	-1.7051661e-10	-1.7009379e-10	-1.7064869e-10	-1.7051537e-10	-1.7000525e-10	-1.7046757e-10	-1.6965436e-10	-1.6988869e-10	-1.7001342e-10	-1.7067144e-10	-1.7049002e-10	-1.7112295e-10	-1.7162761e-10	-1.7174497e-10	-1.7140066e-10	-1.6706987e-10	-1.6577663e-10	-1.6659764e-10	-1.6704114e-10	-1.6983928e-10	-1.6823623e-10	-1.6931266e-10	-1.6966326e-10	-1.6955226e-10	-1.7001832e-10	-1.7009168e-10	-1.712025e-10	-1.7143757e-10	-1.7149025e-10	-1.713856e-10	-1.7142628e-10	-1.6977401e-10	-1.702143e-10	-1.6976207e-10	-1.7034277e-10	-1.7074793e-10	-1.7143434e-10	-1.7115862e-10	-1.7092128e-10	-1.7043887e-10	-1.704028e-10	-1.698479e-10	-1.6990798e-10	-1.703431e-10
	226.666666666667	-1.7139554e-10	-1.7187737e-10	-1.7041553e-10	-1.7073176e-10	-1.7201586e-10	-1.7157206e-10	-1.7131954e-10	-1.7156483e-10	-1.7012128e-10	-1.6916342e-10	-1.6999786e-10	-1.6978929e-10	-1.702346e-10	-1.7049635e-10	-1.7122276e-10	-1.7019412e-10	-1.6977134e-10	-1.6994556e-10	-1.7119391e-10	-1.7205416e-10	-1.7139923e-10	-1.712499e-10	-1.6781823e-10	-1.6592076e-10	-1.6550446e-10	-1.6648752e-10	-1.6733681e-10	-1.6817255e-10	-1.6872496e-10	-1.7019314e-10	-1.7010671e-10	-1.6973402e-10	-1.7066763e-10	-1.7021219e-10	-1.6979167e-10	-1.6975338e-10	-1.6954971e-10	-1.6970174e-10	-1.6903111e-10	-1.6931594e-10	-1.6906467e-10	-1.690682e-10	-1.6925708e-10	-1.691683e-10	-1.6869484e-10	-1.6992074e-10	-1.6991374e-10	-1.6976257e-10	-1.6988598e-10	-1.6936076e-10	-1.6884069e-10
	225.555555555556	-1.6961839e-10	-1.7006622e-10	-1.7081582e-10	-1.7023687e-10	-1.7024888e-10	-1.7016426e-10	-1.7006599e-10	-1.7073569e-10	-1.7105505e-10	-1.6948414e-10	-1.6972942e-10	-1.698917e-10	-1.7093815e-10	-1.7096892e-10	-1.7082109e-10	-1.7080806e-10	-1.7019509e-10	-1.7013548e-10	-1.7029893e-10	-1.703602e-10	-1.7021061e-10	-1.7106913e-10	-1.706732e-10	-1.6585888e-10	-1.6577061e-10	-1.6684971e-10	-1.6754259e-10	-1.6807154e-10	-1.6864132e-10	-1.6941065e-10	-1.6954944e-10	-1.6891052e-10	-1.6886684e-10	-1.694377e-10	-1.6976813e-10	-1.6955667e-10	-1.701992e-10	-1.6945471e-10	-1.6908921e-10	-1.6994367e-10	-1.6958408e-10	-1.6893228e-10	-1.6934169e-10	-1.6911268e-10	-1.6934538e-10	-1.6991279e-10	-1.7179885e-10	-1.6997045e-10	-1.6891673e-10	-1.6797137e-10	-1.6932596e-10
	224.444444444444	-1.6935406e-10	-1.6895503e-10	-1.7069803e-10	-1.6980267e-10	-1.7051451e-10	-1.6979032e-10	-1.7053431e-10	-1.6979582e-10	-1.7000208e-10	-1.7045036e-10	-1.6995057e-10	-1.6924386e-10	-1.694201e-10	-1.6904873e-10	-1.6954771e-10	-1.703569e-10	-1.6968257e-10	-1.6986711e-10	-1.6992258e-10	-1.6984293e-10	-1.6958514e-10	-1.7008814e-10	-1.6665402e-10	-1.6464725e-10	-1.6497306e-10	-1.6594491e-10	-1.6678241e-10	-1.6651028e-10	-1.6835547e-10	-1.6790233e-10	-1.6895296e-10	-1.6876263e-10	-1.6871028e-10	-1.6847308e-10	-1.6966702e-10	-1.6953061e-10	-1.6933017e-10	-1.7006049e-10	-1.7010596e-10	-1.6951064e-10	-1.6886895e-10	-1.6907457e-10	-1.6914217e-10	-1.6896867e-10	-1.6981522e-10	-1.6968897e-10	-1.6828455e-10	-1.6957181e-10	-1.6964818e-10	-1.6908842e-10	-1.6827111e-10
	223.333333333333	-1.6798896e-10	-1.6744046e-10	-1.6878331e-10	-1.6954323e-10	-1.6887802e-10	-1.6902621e-10	-1.6923278e-10	-1.6913954e-10	-1.6884733e-10	-1.6917241e-10	-1.6900516e-10	-1.6975112e-10	-1.6986165e-10	-1.6941322e-10	-1.6879984e-10	-1.6918428e-10	-1.6880149e-10	-1.6921339e-10	-1.6963873e-10	-1.6900606e-10	-1.6973677e-10	-1.7005522e-10	-1.6736276e-10	-1.6480249e-10	-1.6507143e-10	-1.6519579e-10	-1.6592065e-10	-1.6602264e-10	-1.6681416e-10	-1.6736562e-10	-1.6843343e-10	-1.6774995e-10	-1.6812608e-10	-1.6795905e-10	-1.6761242e-10	-1.6778454e-10	-1.6792782e-10	-1.690041e-10	-1.6824528e-10	-1.6908677e-10	-1.6865036e-10	-1.6829435e-10	-1.6852077e-10	-1.6785273e-10	-1.6784042e-10	-1.6799427e-10	-1.6835584e-10	-1.6827337e-10	-1.6902139e-10	-1.6828607e-10	-1.6941296e-10
	222.222222222222	-1.6878828e-10	-1.6858309e-10	-1.6702548e-10	-1.6759284e-10	-1.6894516e-10	-1.6936892e-10	-1.6847121e-10	-1.6845915e-10	-1.6872632e-10	-1.685167e-10	-1.688208e-10	-1.6898799e-10	-1.6913525e-10	-1.694917e-10	-1.6929914e-10	-1.6931662e-10	-1.688895e-10	-1.6892182e-10	-1.6882488e-10	-1.6969183e-10	-1.6892253e-10	-1.6964374e-10	-1.7007801e-10	-1.6398827e-10	-1.6382037e-10	-1.6572173e-10	-1.6612454e-10	-1.6520348e-10	-1.6627003e-10	-1.6714369e-10	-1.6781432e-10	-1.6823183e-10	-1.6886464e-10	-1.6848326e-10	-1.681498e-10	-1.6924405e-10	-1.6874804e-10	-1.6907449e-10	-1.6871411e-10	-1.6867963e-10	-1.6802383e-10	-1.687296e-10	-1.6830538e-10	-1.6866335e-10	-1.6876386e-10	-1.6898727e-10	-1.6861876e-10	-1.6913035e-10	-1.6783853e-10	-1.6819281e-10	-1.6836516e-10
	221.111111111111	-1.6883957e-10	-1.6928642e-10	-1.6877094e-10	-1.6807716e-10	-1.6827943e-10	-1.679923e-10	-1.6836241e-10	-1.6871905e-10	-1.678806e-10	-1.6855654e-10	-1.6842623e-10	-1.683035e-10	-1.688054e-10	-1.6776955e-10	-1.6850661e-10	-1.6878232e-10	-1.6773848e-10	-1.6660856e-10	-1.6760142e-10	-1.6787673e-10	-1.6787363e-10	-1.682026e-10	-1.6521405e-10	-1.6346056e-10	-1.6353377e-10	-1.6404762e-10	-1.647259e-10	-1.6508811e-10	-1.6625892e-10	-1.6631971e-10	-1.6702337e-10	-1.6732277e-10	-1.6729088e-10	-1.6785785e-10	-1.6802157e-10	-1.6735061e-10	-1.668664e-10	-1.6649969e-10	-1.6648632e-10	-1.6730899e-10	-1.6806849e-10	-1.6758482e-10	-1.6754542e-10	-1.6741089e-10	-1.6724594e-10	-1.6777828e-10	-1.6746193e-10	-1.6833766e-10	-1.6756485e-10	-1.6713243e-10	-1.6718489e-10
	220	-1.6765664e-10	-1.6768013e-10	-1.6683732e-10	-1.6799792e-10	-1.6735591e-10	-1.6784309e-10	-1.6771305e-10	-1.6801754e-10	-1.6844337e-10	-1.678548e-10	-1.6719623e-10	-1.6754639e-10	-1.6738735e-10	-1.6787401e-10	-1.6669277e-10	-1.6710087e-10	-1.6805049e-10	-1.6746196e-10	-1.6771204e-10	-1.6710758e-10	-1.6798549e-10	-1.654346e-10	-1.6306222e-10	-1.634331e-10	-1.6421016e-10	-1.6351773e-10	-1.630293e-10	-1.6412953e-10	-1.6509889e-10	-1.6472446e-10	-1.6535386e-10	-1.6500684e-10	-1.6461103e-10	-1.6518049e-10	-1.66302e-10	-1.6738201e-10	-1.6752467e-10	-1.6717416e-10	-1.6689954e-10	-1.6646538e-10	-1.6751424e-10	-1.6715586e-10	-1.6675566e-10	-1.6707628e-10	-1.6719656e-10	-1.6725415e-10	-1.6669387e-10	-1.6684493e-10	-1.6733588e-10	-1.6733881e-10	-1.6756456e-10
	218.888888888889	-1.6653129e-10	-1.6646146e-10	-1.6619302e-10	-1.6706919e-10	-1.6666554e-10	-1.6671899e-10	-1.6690183e-10	-1.6683961e-10	-1.6691723e-10	-1.6679311e-10	-1.6646134e-10	-1.6621565e-10	-1.6642376e-10	-1.6674109e-10	-1.6682768e-10	-1.6668171e-10	-1.6675487e-10	-1.6754362e-10	-1.6726737e-10	-1.6723629e-10	-1.6704702e-10	-1.6709198e-10	-1.6286653e-10	-1.626333e-10	-1.6310391e-10	-1.6319189e-10	-1.6360932e-10	-1.6457465e-10	-1.6482148e-10	-1.6577095e-10	-1.6520302e-10	-1.6583097e-10	-1.6636896e-10	-1.6606644e-10	-1.6517915e-10	-1.6498748e-10	-1.6584985e-10	-1.6540677e-10	-1.6507042e-10	-1.6350808e-10	-1.6517937e-10	-1.6492271e-10	-1.6507674e-10	-1.6470371e-10	-1.6500779e-10	-1.654137e-10	-1.6500706e-10	-1.6544224e-10	-1.6550815e-10	-1.651292e-10	-1.6521082e-10
	217.777777777778	-1.6491013e-10	-1.6565484e-10	-1.6508352e-10	-1.6490734e-10	-1.6394643e-10	-1.6452456e-10	-1.6422802e-10	-1.6442868e-10	-1.6436232e-10	-1.6449959e-10	-1.6474118e-10	-1.651025e-10	-1.6523093e-10	-1.6570109e-10	-1.661674e-10	-1.658424e-10	-1.6583598e-10	-1.6609066e-10	-1.6591523e-10	-1.6526554e-10	-1.6527224e-10	-1.6588969e-10	-1.6470206e-10	-1.6164914e-10	-1.6207972e-10	-1.6190685e-10	-1.6256302e-10	-1.6240918e-10	-1.6379235e-10	-1.6427731e-10	-1.6443154e-10	-1.6429938e-10	-1.6369538e-10	-1.6407571e-10	-1.6434612e-10	-1.6508929e-10	-1.6521082e-10	-1.6493111e-10	-1.6496575e-10	-1.6464222e-10	-1.6381077e-10	-1.6471535e-10	-1.6461407e-10	-1.6476107e-10	-1.6495935e-10	-1.6533946e-10	-1.6497129e-10	-1.64884e-10	-1.6408791e-10	-1.6379691e-10	-1.6451801e-10
	216.666666666667	-1.6443515e-10	-1.6507885e-10	-1.648184e-10	-1.6511101e-10	-1.6543268e-10	-1.656969e-10	-1.6489721e-10	-1.6402231e-10	-1.6461585e-10	-1.6220249e-10	-1.6286988e-10	-1.6262949e-10	-1.6309114e-10	-1.6207487e-10	-1.6276451e-10	-1.6206571e-10	-1.6257877e-10	-1.6278666e-10	-1.6294102e-10	-1.6197479e-10	-1.6238458e-10	-1.6281441e-10	-1.6049577e-10	-1.5883153e-10	-1.5911963e-10	-1.599698e-10	-1.6038747e-10	-1.6068016e-10	-1.6163371e-10	-1.6169557e-10	-1.6227819e-10	-1.6125852e-10	-1.6166278e-10	-1.6119675e-10	-1.6163107e-10	-1.6254471e-10	-1.6256159e-10	-1.618333e-10	-1.612899e-10	-1.6182437e-10	-1.6162451e-10	-1.6144977e-10	-1.6197781e-10	-1.6261809e-10	-1.6204522e-10	-1.6225432e-10	-1.6223752e-10	-1.6160319e-10	-1.6219866e-10	-1.6131117e-10	-1.6165355e-10
	215.555555555556	-1.6229597e-10	-1.6232493e-10	-1.6209689e-10	-1.6185474e-10	-1.6151541e-10	-1.6170502e-10	-1.6268938e-10	-1.6264373e-10	-1.6170729e-10	-1.6204375e-10	-1.624877e-10	-1.6246311e-10	-1.6224991e-10	-1.6180672e-10	-1.6195383e-10	-1.608659e-10	-1.6228474e-10	-1.6233104e-10	-1.6231333e-10	-1.6231115e-10	-1.6264907e-10	-1.6211049e-10	-1.5929014e-10	-1.5865731e-10	-1.5915703e-10	-1.5878521e-10	-1.5843885e-10	-1.5927104e-10	-1.5887849e-10	-1.6091618e-10	-1.6135844e-10	-1.6179937e-10	-1.6107922e-10	-1.6078185e-10	-1.6100341e-10	-1.6077462e-10	-1.6156343e-10	-1.6069425e-10	-1.6025614e-10	-1.6052051e-10	-1.6047615e-10	-1.6043344e-10	-1.6032317e-10	-1.6016229e-10	-1.6093132e-10	-1.6129761e-10	-1.6162308e-10	-1.6132684e-10	-1.60697e-10	-1.6033699e-10	-1.5994547e-10
	214.444444444444	-1.607411e-10	-1.6087676e-10	-1.6032506e-10	-1.5977811e-10	-1.6027948e-10	-1.6088399e-10	-1.6036336e-10	-1.6114324e-10	-1.6024047e-10	-1.6013864e-10	-1.5963318e-10	-1.5902109e-10	-1.6015077e-10	-1.6032009e-10	-1.6023997e-10	-1.5978158e-10	-1.6070416e-10	-1.6023696e-10	-1.6030058e-10	-1.603831e-10	-1.6187311e-10	-1.6113884e-10	-1.5878351e-10	-1.577513e-10	-1.578041e-10	-1.5810829e-10	-1.5903845e-10	-1.5920743e-10	-1.6067493e-10	-1.6008689e-10	-1.5967672e-10	-1.5961465e-10	-1.5943551e-10	-1.6021347e-10	-1.6062672e-10	-1.6041352e-10	-1.598465e-10	-1.5941215e-10	-1.5975958e-10	-1.5985399e-10	-1.597366e-10	-1.5976839e-10	-1.5974473e-10	-1.6008297e-10	-1.5954262e-10	-1.59237e-10	-1.5931363e-10	-1.5962105e-10	-1.5995372e-10	-1.6049122e-10	-1.5926889e-10
	213.333333333333	-1.5945566e-10	-1.5940463e-10	-1.5916642e-10	-1.5928893e-10	-1.5910759e-10	-1.5939826e-10	-1.5952095e-10	-1.6006384e-10	-1.610251e-10	-1.6024043e-10	-1.6058435e-10	-1.6064261e-10	-1.5965597e-10	-1.591849e-10	-1.5910649e-10	-1.5929977e-10	-1.5883304e-10	-1.5942202e-10	-1.6005375e-10	-1.6010734e-10	-1.5938839e-10	-1.5912646e-10	-1.5809194e-10	-1.5633925e-10	-1.560868e-10	-1.5668719e-10	-1.5549745e-10	-1.5653723e-10	-1.5775865e-10	-1.587091e-10	-1.5828466e-10	-1.587573e-10	-1.5813534e-10	-1.5930753e-10	-1.5839628e-10	-1.5891292e-10	-1.5824941e-10	-1.5902661e-10	-1.5862169e-10	-1.5827822e-10	-1.5731086e-10	-1.5818562e-10	-1.585905e-10	-1.5894938e-10	-1.5933706e-10	-1.5930042e-10	-1.5884019e-10	-1.5782478e-10	-1.5847922e-10	-1.5755565e-10	-1.5673193e-10
	212.222222222222	-1.5642689e-10	-1.5695349e-10	-1.5736619e-10	-1.5710915e-10	-1.5782937e-10	-1.581342e-10	-1.5788673e-10	-1.5780274e-10	-1.574255e-10	-1.5735861e-10	-1.5745706e-10	-1.5745517e-10	-1.5831708e-10	-1.5722962e-10	-1.5654479e-10	-1.5722484e-10	-1.5758364e-10	-1.5768484e-10	-1.5761599e-10	-1.5808117e-10	-1.5752444e-10	-1.5710561e-10	-1.5782795e-10	-1.5516946e-10	-1.5457825e-10	-1.5542924e-10	-1.5568233e-10	-1.5596505e-10	-1.5724465e-10	-1.5752952e-10	-1.5753419e-10	-1.5756982e-10	-1.5705717e-10	-1.5720526e-10	-1.5742919e-10	-1.565976e-10	-1.5656822e-10	-1.5622366e-10	-1.5588242e-10	-1.5605878e-10	-1.5631134e-10	-1.5692582e-10	-1.5666098e-10	-1.5691937e-10	-1.5663781e-10	-1.5660509e-10	-1.5710409e-10	-1.562533e-10	-1.5649584e-10	-1.5598406e-10	-1.5716096e-10
	211.111111111111	-1.5722917e-10	-1.5691606e-10	-1.5743333e-10	-1.5653044e-10	-1.5681999e-10	-1.5754831e-10	-1.5700856e-10	-1.5754156e-10	-1.5727392e-10	-1.5717237e-10	-1.5699544e-10	-1.5651271e-10	-1.5690906e-10	-1.5775538e-10	-1.5674421e-10	-1.5736749e-10	-1.5783359e-10	-1.5750919e-10	-1.5700773e-10	-1.5715167e-10	-1.5594015e-10	-1.5700445e-10	-1.5394649e-10	-1.5312367e-10	-1.5368908e-10	-1.5327341e-10	-1.538709e-10	-1.5456292e-10	-1.5517695e-10	-1.5532725e-10	-1.5556478e-10	-1.5554837e-10	-1.5601351e-10	-1.550962e-10	-1.5550497e-10	-1.5569945e-10	-1.5577237e-10	-1.5592945e-10	-1.5565438e-10	-1.5531591e-10	-1.5457083e-10	-1.5495331e-10	-1.5523344e-10	-1.5568929e-10	-1.5602794e-10	-1.5615648e-10	-1.5568424e-10	-1.5535437e-10	-1.5518278e-10	-1.5420067e-10	-1.5503888e-10
	210	-1.5562651e-10	-1.5617124e-10	-1.5558813e-10	-1.5615026e-10	-1.5482862e-10	-1.5555891e-10	-1.5612092e-10	-1.5526629e-10	-1.5461968e-10	-1.5498254e-10	-1.5504928e-10	-1.5582012e-10	-1.5528356e-10	-1.5567611e-10	-1.5561311e-10	-1.5559118e-10	-1.5556509e-10	-1.5517349e-10	-1.5551786e-10	-1.5500962e-10	-1.5519812e-10	-1.556813e-10	-1.5246859e-10	-1.514894e-10	-1.5230232e-10	-1.5242649e-10	-1.5266134e-10	-1.5356416e-10	-1.53751e-10	-1.5397617e-10	-1.5408327e-10	-1.540295e-10	-1.5379581e-10	-1.5308077e-10	-1.5410716e-10	-1.5430747e-10	-1.5460025e-10	-1.5497814e-10	-1.5449529e-10	-1.5433226e-10	-1.5337005e-10	-1.5272443e-10	-1.5305818e-10	-1.5264429e-10	-1.5249026e-10	-1.5243112e-10	-1.5290527e-10	-1.5255608e-10	-1.5257146e-10	-1.5248426e-10	-1.5239937e-10
	208.888888888889	-1.5286505e-10	-1.5243802e-10	-1.5207775e-10	-1.5274759e-10	-1.5229878e-10	-1.5216456e-10	-1.5283011e-10	-1.5276183e-10	-1.5258655e-10	-1.5192383e-10	-1.5117359e-10	-1.5140626e-10	-1.5174709e-10	-1.5217567e-10	-1.5239539e-10	-1.5247116e-10	-1.5277794e-10	-1.5269162e-10	-1.5282585e-10	-1.5264011e-10	-1.5286464e-10	-1.5262613e-10	-1.5086134e-10	-1.4968797e-10	-1.4905203e-10	-1.4972654e-10	-1.495733e-10	-1.5033721e-10	-1.50689e-10	-1.5123049e-10	-1.5142652e-10	-1.5100596e-10	-1.5134954e-10	-1.5098348e-10	-1.5187679e-10	-1.5309826e-10	-1.5220908e-10	-1.5335755e-10	-1.5320355e-10	-1.5266934e-10	-1.5231652e-10	-1.5213492e-10	-1.5187875e-10	-1.522647e-10	-1.5225318e-10	-1.521835e-10	-1.5173229e-10	-1.5222813e-10	-1.5216238e-10	-1.5205248e-10	-1.51929e-10
	207.777777777778	-1.5253913e-10	-1.5151559e-10	-1.5118194e-10	-1.5082466e-10	-1.5131806e-10	-1.5142275e-10	-1.5079675e-10	-1.5110056e-10	-1.5125617e-10	-1.5117713e-10	-1.5168532e-10	-1.5238627e-10	-1.5263976e-10	-1.521803e-10	-1.5246727e-10	-1.5238311e-10	-1.5253819e-10	-1.515018e-10	-1.5230413e-10	-1.5252094e-10	-1.5257566e-10	-1.5212483e-10	-1.5151366e-10	-1.5065628e-10	-1.5004688e-10	-1.4998633e-10	-1.5080952e-10	-1.5089023e-10	-1.5135478e-10	-1.5148802e-10	-1.5116214e-10	-1.5096845e-10	-1.5072139e-10	-1.511232e-10	-1.50899e-10	-1.5082251e-10	-1.5141732e-10	-1.5104433e-10	-1.5094555e-10	-1.5029405e-10	-1.506901e-10	-1.5123772e-10	-1.5067683e-10	-1.5126782e-10	-1.5523695e-10	-1.5526945e-10	-1.510322e-10	-1.5068505e-10	-1.5035408e-10	-1.4990355e-10	-1.5067417e-10
	206.666666666667	-1.5044387e-10	-1.4969452e-10	-1.4836264e-10	-1.4793798e-10	-1.4870766e-10	-1.4890029e-10	-1.4893976e-10	-1.4967423e-10	-1.4970085e-10	-1.4892627e-10	-1.4882365e-10	-1.4926364e-10	-1.4849608e-10	-1.4953917e-10	-1.495017e-10	-1.4935422e-10	-1.4967355e-10	-1.4886026e-10	-1.4959213e-10	-1.4928463e-10	-1.494469e-10	-1.496772e-10	-1.4826722e-10	-1.4701988e-10	-1.4705746e-10	-1.466688e-10	-1.4711792e-10	-1.4820507e-10	-1.4795974e-10	-1.4838626e-10	-1.4867693e-10	-1.4799365e-10	-1.4814715e-10	-1.4829003e-10	-1.4799037e-10	-1.4758837e-10	-1.4719782e-10	-1.4710563e-10	-1.4648126e-10	-1.4725617e-10	-1.4754815e-10	-1.4820734e-10	-1.4861298e-10	-1.4836536e-10	-1.4802611e-10	-1.4774486e-10	-1.4767808e-10	-1.4711297e-10	-1.4752807e-10	-1.4809566e-10	-1.4681956e-10
	205.555555555556	-1.4826212e-10	-1.4833783e-10	-1.4820552e-10	-1.4728087e-10	-1.4772335e-10	-1.4784353e-10	-1.4759459e-10	-1.4767157e-10	-1.477891e-10	-1.4789027e-10	-1.4767243e-10	-1.4762476e-10	-1.476478e-10	-1.4755233e-10	-1.4821652e-10	-1.4822921e-10	-1.4820914e-10	-1.4795982e-10	-1.472979e-10	-1.4782907e-10	-1.4776767e-10	-1.4731781e-10	-1.4590154e-10	-1.4633732e-10	-1.4658769e-10	-1.4582983e-10	-1.4666711e-10	-1.4678841e-10	-1.471698e-10	-1.4698991e-10	-1.462368e-10	-1.4665905e-10	-1.4676446e-10	-1.4630044e-10	-1.4664731e-10	-1.4696282e-10	-1.4639942e-10	-1.4622505e-10	-1.4646623e-10	-1.4617145e-10	-1.4573003e-10	-1.4627653e-10	-1.4584632e-10	-1.4663586e-10	-1.4682502e-10	-1.4729307e-10	-1.4720962e-10	-1.4716593e-10	-1.463711e-10	-1.4675769e-10	-1.4731937e-10
	204.444444444444	-1.4674462e-10	-1.4672928e-10	-1.4682072e-10	-1.4690787e-10	-1.4662305e-10	-1.4688269e-10	-1.4652284e-10	-1.4622353e-10	-1.4625239e-10	-1.4529791e-10	-1.4559894e-10	-1.4562895e-10	-1.4601474e-10	-1.4605256e-10	-1.4558485e-10	-1.4619443e-10	-1.4545594e-10	-1.4550132e-10	-1.4556571e-10	-1.4712868e-10	-1.4568935e-10	-1.4620791e-10	-1.4514007e-10	-1.4457775e-10	-1.4420999e-10	-1.4438636e-10	-1.4362603e-10	-1.4433835e-10	-1.450199e-10	-1.4550383e-10	-1.4492868e-10	-1.4475197e-10	-1.4465783e-10	-1.4485242e-10	-1.4523302e-10	-1.4496272e-10	-1.4493112e-10	-1.4472828e-10	-1.4437006e-10	-1.446695e-10	-1.450759e-10	-1.4403261e-10	-1.4467251e-10	-1.4455516e-10	-1.4391077e-10	-1.4430468e-10	-1.4498182e-10	-1.4514576e-10	-1.4517573e-10	-1.4519087e-10	-1.4440309e-10
	203.333333333333	-1.4441152e-10	-1.44714e-10	-1.4483766e-10	-1.4427258e-10	-1.4436516e-10	-1.4431066e-10	-1.4377922e-10	-1.4401016e-10	-1.4358399e-10	-1.4385455e-10	-1.4414503e-10	-1.4458518e-10	-1.4376465e-10	-1.4351934e-10	-1.4327382e-10	-1.4394987e-10	-1.4429805e-10	-1.443122e-10	-1.4429613e-10	-1.4321748e-10	-1.4440349e-10	-1.4423485e-10	-1.4395198e-10	-1.4313134e-10	-1.4316814e-10	-1.429783e-10	-1.4331551e-10	-1.4393382e-10	-1.4425398e-10	-1.4400542e-10	-1.4422126e-10	-1.430944e-10	-1.4363803e-10	-1.4373182e-10	-1.4783159e-10	-1.4466091e-10	-1.4429594e-10	-1.4358192e-10	-1.4339463e-10	-1.4297938e-10	-1.4299761e-10	-1.4316065e-10	-1.433018e-10	-1.4342796e-10	-1.4320038e-10	-1.4326508e-10	-1.4319254e-10	-1.4313176e-10	-1.4305697e-10	-1.4316852e-10	-1.4309474e-10
	202.222222222222	-1.4418197e-10	-1.4345572e-10	-1.438155e-10	-1.4325838e-10	-1.4339498e-10	-1.4310789e-10	-1.4291408e-10	-1.4345346e-10	-1.4340144e-10	-1.4376243e-10	-1.4387051e-10	-1.4337524e-10	-1.4278964e-10	-1.4287077e-10	-1.4302638e-10	-1.4310209e-10	-1.4274355e-10	-1.4335889e-10	-1.4165681e-10	-1.408744e-10	-1.4154201e-10	-1.4206855e-10	-1.4180451e-10	-1.4176606e-10	-1.4266484e-10	-1.4246888e-10	-1.4248538e-10	-1.4233116e-10	-1.4218142e-10	-1.4231859e-10	-1.4251024e-10	-1.4280069e-10	-1.4237195e-10	-1.4206449e-10	-1.4177245e-10	-1.4251714e-10	-1.4171894e-10	-1.417783e-10	-1.4192118e-10	-1.4135428e-10	-1.4226925e-10	-1.4198955e-10	-1.4227569e-10	-1.4308728e-10	-1.4276991e-10	-1.416408e-10	-1.4171841e-10	-1.4159689e-10	-1.4229956e-10	-1.4260922e-10	-1.4221807e-10
	201.111111111111	-1.4250139e-10	-1.4183502e-10	-1.4204746e-10	-1.4189776e-10	-1.4242106e-10	-1.4227231e-10	-1.4212595e-10	-1.4200049e-10	-1.4213408e-10	-1.4211556e-10	-1.4214742e-10	-1.4246501e-10	-1.4217084e-10	-1.4205928e-10	-1.4061152e-10	-1.4130802e-10	-1.4121719e-10	-1.4115493e-10	-1.4175792e-10	-1.41454e-10	-1.4166102e-10	-1.4167108e-10	-1.4091744e-10	-1.40951e-10	-1.4025837e-10	-1.4044378e-10	-1.4077373e-10	-1.4127413e-10	-1.4112793e-10	-1.4146952e-10	-1.4121029e-10	-1.4092535e-10	-1.4109995e-10	-1.4059438e-10	-1.410972e-10	-1.410787e-10	-1.4154924e-10	-1.4131037e-10	-1.4148228e-10	-1.4177412e-10	-1.4149874e-10	-1.4122054e-10	-1.4110406e-10	-1.4156755e-10	-1.4162697e-10	-1.4213442e-10	-1.4119335e-10	-1.41646e-10	-1.4126589e-10	-1.4119161e-10	-1.4093925e-10
	200	-1.415245e-10	-1.4097484e-10	-1.4070711e-10	-1.4029389e-10	-1.4101902e-10	-1.4129048e-10	-1.4139713e-10	-1.4107077e-10	-1.4073551e-10	-1.4115351e-10	-1.4043308e-10	-1.4042936e-10	-1.4109053e-10	-1.4084005e-10	-1.4118491e-10	-1.4092962e-10	-1.4040372e-10	-1.4055608e-10	-1.4090547e-10	-1.4088652e-10	-1.4096355e-10	-1.4107736e-10	-1.4061578e-10	-1.3988112e-10	-1.3982686e-10	-1.4049052e-10	-1.4024e-10	-1.4014254e-10	-1.4036326e-10	-1.4017183e-10	-1.3978708e-10	-1.4038398e-10	-1.4055564e-10	-1.4025819e-10	-1.4001532e-10	-1.4033603e-10	-1.3992861e-10	-1.3962297e-10	-1.3978133e-10	-1.3962745e-10	-1.3989641e-10	-1.4059021e-10	-1.4071863e-10	-1.4068877e-10	-1.4085413e-10	-1.4034199e-10	-1.4027035e-10	-1.4069641e-10	-1.4019352e-10	-1.4106881e-10	-1.4011869e-10
	198.888888888889	-1.3960827e-10	-1.4033927e-10	-1.409545e-10	-1.4007512e-10	-1.3986275e-10	-1.4035403e-10	-1.4070371e-10	-1.4021145e-10	-1.4009598e-10	-1.4023062e-10	-1.4085888e-10	-1.4029197e-10	-1.3999388e-10	-1.398513e-10	-1.4027547e-10	-1.3994259e-10	-1.4033373e-10	-1.4113709e-10	-1.4047738e-10	-1.406722e-10	-1.407288e-10	-1.4002073e-10	-1.391989e-10	-1.3950975e-10	-1.403555e-10	-1.4017282e-10	-1.3968887e-10	-1.3955825e-10	-1.3970074e-10	-1.4007268e-10	-1.4055353e-10	-1.4049026e-10	-1.3978374e-10	-1.4002899e-10	-1.4049907e-10	-1.3937022e-10	-1.392558e-10	-1.3937711e-10	-1.3892107e-10	-1.3956915e-10	-1.4021952e-10	-1.4048265e-10	-1.3978456e-10	-1.4023675e-10	-1.4042688e-10	-1.40611e-10	-1.4041493e-10	-1.4045048e-10	-1.4035118e-10	-1.3953397e-10	-1.405243e-10
	197.777777777778	-1.408454e-10	-1.405292e-10	-1.4077713e-10	-1.4056283e-10	-1.4012604e-10	-1.4060972e-10	-1.4075054e-10	-1.3935263e-10	-1.3939078e-10	-1.3982034e-10	-1.4082611e-10	-1.4090309e-10	-1.4097909e-10	-1.4007512e-10	-1.3940497e-10	-1.4066169e-10	-1.4112744e-10	-1.4122717e-10	-1.4082578e-10	-1.4112571e-10	-1.4122001e-10	-1.4152894e-10	-1.4103642e-10	-1.3980517e-10	-1.3962545e-10	-1.3960071e-10	-1.4026512e-10	-1.4039293e-10	-1.3990165e-10	-1.4043765e-10	-1.4042473e-10	-1.3952293e-10	-1.4007613e-10	-1.4014133e-10	-1.4125018e-10	-1.4060768e-10	-1.4104022e-10	-1.4099499e-10	-1.3982938e-10	-1.3978702e-10	-1.394185e-10	-1.4009768e-10	-1.4082427e-10	-1.4035795e-10	-1.4060339e-10	-1.4033373e-10	-1.4095985e-10	-1.4143807e-10	-1.4157493e-10	-1.4142086e-10	-1.4148571e-10
	196.666666666667	-1.4125512e-10	-1.4135318e-10	-1.4175559e-10	-1.4160405e-10	-1.4185163e-10	-1.4176052e-10	-1.4174915e-10	-1.4122684e-10	-1.4158973e-10	-1.4164987e-10	-1.4172331e-10	-1.4188296e-10	-1.4229373e-10	-1.4182484e-10	-1.4137122e-10	-1.4231347e-10	-1.4177856e-10	-1.424507e-10	-1.4221561e-10	-1.4193639e-10	-1.4285315e-10	-1.4183829e-10	-1.4125831e-10	-1.405823e-10	-1.4089722e-10	-1.4117588e-10	-1.4085719e-10	-1.403314e-10	-1.4179159e-10	-1.4166004e-10	-1.4213612e-10	-1.4231903e-10	-1.4234318e-10	-1.4175223e-10	-1.4201688e-10	-1.4228468e-10	-1.422877e-10	-1.4166163e-10	-1.4179871e-10	-1.415694e-10	-1.4151975e-10	-1.4184669e-10	-1.4150756e-10	-1.4211367e-10	-1.4233105e-10	-1.4178293e-10	-1.4114197e-10	-1.4124554e-10	-1.4204324e-10	-1.4259324e-10	-1.4188635e-10
	195.555555555556	-1.4189042e-10	-1.4229677e-10	-1.4259509e-10	-1.4175849e-10	-1.4120359e-10	-1.4195327e-10	-1.422827e-10	-1.4252587e-10	-1.4224794e-10	-1.4299008e-10	-1.4221163e-10	-1.4239372e-10	-1.4297905e-10	-1.4212373e-10	-1.4242742e-10	-1.4135548e-10	-1.4223867e-10	-1.4234551e-10	-1.4211518e-10	-1.4231015e-10	-1.4269677e-10	-1.433352e-10	-1.4267305e-10	-1.4219897e-10	-1.4209676e-10	-1.4244392e-10	-1.4185e-10	-1.423365e-10	-1.4263629e-10	-1.4268005e-10	-1.41686e-10	-1.4249954e-10	-1.4260895e-10	-1.429859e-10	-1.4306646e-10	-1.4306356e-10	-1.4235643e-10	-1.4259909e-10	-1.4258353e-10	-1.4284836e-10	-1.4285748e-10	-1.4205996e-10	-1.4146771e-10	-1.4292866e-10	-1.4346449e-10	-1.4336356e-10	-1.4363498e-10	-1.4320012e-10	-1.4330018e-10	-1.4381142e-10	-1.4426366e-10
	194.444444444444	-1.4297713e-10	-1.4341361e-10	-1.4266965e-10	-1.4304612e-10	-1.4342555e-10	-1.4365849e-10	-1.4332883e-10	-1.4350622e-10	-1.4358757e-10	-1.4569899e-10	-1.4475367e-10	-1.4429692e-10	-1.4402918e-10	-1.4387444e-10	-1.4367484e-10	-1.4409739e-10	-1.4455098e-10	-1.4462412e-10	-1.4455151e-10	-1.4325796e-10	-1.4359262e-10	-1.4417421e-10	-1.43817e-10	-1.4286534e-10	-1.4339645e-10	-1.4306231e-10	-1.4244776e-10	-1.4289593e-10	-1.4333314e-10	-1.4373591e-10	-1.4380586e-10	-1.4371046e-10	-1.434222e-10	-1.4433831e-10	-1.4475503e-10	-1.4457903e-10	-1.4420223e-10	-1.4475555e-10	-1.4461504e-10	-1.4463127e-10	-1.446681e-10	-1.4488499e-10	-1.4464649e-10	-1.4472121e-10	-1.4484507e-10	-1.4421474e-10	-1.447133e-10	-1.449979e-10	-1.4509231e-10	-1.4498001e-10	-1.4454611e-10
	193.333333333333	-1.4436037e-10	-1.4416114e-10	-1.4440335e-10	-1.4469785e-10	-1.4504117e-10	-1.4507032e-10	-1.4487866e-10	-1.4465021e-10	-1.4443234e-10	-1.4448262e-10	-1.4493252e-10	-1.4501168e-10	-1.4463236e-10	-1.4467111e-10	-1.444308e-10	-1.4483988e-10	-1.4464561e-10	-1.4549092e-10	-1.4502863e-10	-1.4488273e-10	-1.452219e-10	-1.4606959e-10	-1.4558639e-10	-1.4538806e-10	-1.4495806e-10	-1.4491817e-10	-1.4523859e-10	-1.4482913e-10	-1.4522412e-10	-1.4471695e-10	-1.454328e-10	-1.4585748e-10	-1.4572106e-10	-1.4608653e-10	-1.4590636e-10	-1.4550851e-10	-1.4578905e-10	-1.4658547e-10	-1.4603128e-10	-1.4671012e-10	-1.4559448e-10	-1.4592154e-10	-1.4543526e-10	-1.449898e-10	-1.4622129e-10	-1.4659265e-10	-1.4626617e-10	-1.4682099e-10	-1.4673825e-10	-1.4581276e-10	-1.4591539e-10
	192.222222222222	-1.4676993e-10	-1.4700068e-10	-1.4680096e-10	-1.4700259e-10	-1.4573112e-10	-1.4620694e-10	-1.4630726e-10	-1.4706632e-10	-1.4661951e-10	-1.4634703e-10	-1.4716457e-10	-1.4643806e-10	-1.4662188e-10	-1.4652392e-10	-1.4681738e-10	-1.4711847e-10	-1.462917e-10	-1.4667245e-10	-1.4704338e-10	-1.4684536e-10	-1.4697966e-10	-1.4717358e-10	-1.4565302e-10	-1.4575266e-10	-1.4537443e-10	-1.4616246e-10	-1.4578305e-10	-1.4650084e-10	-1.4646076e-10	-1.4689816e-10	-1.4707716e-10	-1.4809605e-10	-1.4813774e-10	-1.4726821e-10	-1.4733822e-10	-1.4713079e-10	-1.4732833e-10	-1.4748326e-10	-1.4754258e-10	-1.475613e-10	-1.4558643e-10	-1.4634266e-10	-1.4712725e-10	-1.4782575e-10	-1.4758435e-10	-1.4567093e-10	-1.4516316e-10	-1.4730803e-10	-1.4816873e-10	-1.4756235e-10	-1.4772805e-10
	191.111111111111	-1.4747852e-10	-1.4758683e-10	-1.477737e-10	-1.4790368e-10	-1.4754137e-10	-1.4820936e-10	-1.4861279e-10	-1.4804825e-10	-1.4732275e-10	-1.4752743e-10	-1.4568344e-10	-1.460483e-10	-1.4620531e-10	-1.4643192e-10	-1.4581703e-10	-1.4668113e-10	-1.4738059e-10	-1.4700439e-10	-1.4664986e-10	-1.4707388e-10	-1.4665548e-10	-1.4637705e-10	-1.4555479e-10	-1.440047e-10	-1.4544407e-10	-1.4555837e-10	-1.4540276e-10	-1.4713517e-10	-1.4740011e-10	-1.4791098e-10	-1.4896033e-10	-1.4839176e-10	-1.468721e-10	-1.4912728e-10	-1.4778169e-10	-1.4858134e-10	-1.4941967e-10	-1.4920407e-10	-1.4903553e-10	-1.4890297e-10	-1.4857664e-10	-1.4888772e-10	-1.4808847e-10	-1.4812319e-10	-1.4903256e-10	-1.490915e-10	-1.4887661e-10	-1.482488e-10	-1.4858945e-10	-1.4965988e-10	-1.4776862e-10
	190	-1.4755105e-10	-1.4685941e-10	-1.4752224e-10	-1.4758883e-10	-1.4775066e-10	-1.4728825e-10	-1.4861644e-10	-1.4859294e-10	-1.492716e-10	-1.4913511e-10	-1.4962361e-10	-1.4918614e-10	-1.4979203e-10	-1.4962349e-10	-1.4967988e-10	-1.492514e-10	-1.4914769e-10	-1.4893566e-10	-1.492647e-10	-1.4950212e-10	-1.4987564e-10	-1.4985123e-10	-1.4898231e-10	-1.4699009e-10	-1.4722615e-10	-1.4749207e-10	-1.4809973e-10	-1.4816881e-10	-1.4910234e-10	-1.49307e-10	-1.4921551e-10	-1.4912295e-10	-1.5018348e-10	-1.4978963e-10	-1.498503e-10	-1.5016148e-10	-1.4983798e-10	-1.4978815e-10	-1.4977546e-10	-1.5028019e-10	-1.5025169e-10	-1.5110278e-10	-1.5109841e-10	-1.5020152e-10	-1.5000121e-10	-1.4984566e-10	-1.4966191e-10	-1.5044131e-10	-1.5017187e-10	-1.505016e-10	-1.4927672e-10
	188.888888888889	-1.5038934e-10	-1.5040805e-10	-1.5067525e-10	-1.5092126e-10	-1.506954e-10	-1.5088039e-10	-1.5095888e-10	-1.506089e-10	-1.5002395e-10	-1.5041009e-10	-1.5147322e-10	-1.5136087e-10	-1.5193471e-10	-1.5203681e-10	-1.5134012e-10	-1.50955e-10	-1.5073487e-10	-1.5073683e-10	-1.5169598e-10	-1.5104121e-10	-1.5044582e-10	-1.5109562e-10	-1.4929261e-10	-1.489201e-10	-1.492229e-10	-1.4840061e-10	-1.4847612e-10	-1.4839172e-10	-1.4809944e-10	-1.4922309e-10	-1.5029755e-10	-1.5075977e-10	-1.5059688e-10	-1.5132495e-10	-1.514304e-10	-1.5159159e-10	-1.5120198e-10	-1.5136159e-10	-1.5088575e-10	-1.5177135e-10	-1.5020958e-10	-1.509161e-10	-1.5122416e-10	-1.5187336e-10	-1.5109898e-10	-1.511702e-10	-1.5087523e-10	-1.5033759e-10	-1.5038576e-10	-1.5090032e-10	-1.5125376e-10
	187.777777777778	-1.5173074e-10	-1.5194963e-10	-1.5138678e-10	-1.505346e-10	-1.5079708e-10	-1.5101413e-10	-1.5130047e-10	-1.518244e-10	-1.510527e-10	-1.5089019e-10	-1.5142095e-10	-1.5203941e-10	-1.5255922e-10	-1.5229826e-10	-1.5269114e-10	-1.5299891e-10	-1.52254e-10	-1.5223736e-10	-1.5200495e-10	-1.5276946e-10	-1.5312683e-10	-1.525699e-10	-1.5079626e-10	-1.4945534e-10	-1.4972733e-10	-1.4985015e-10	-1.5055605e-10	-1.5068663e-10	-1.507995e-10	-1.5096772e-10	-1.5106542e-10	-1.511893e-10	-1.5207571e-10	-1.5260053e-10	-1.5214109e-10	-1.5288321e-10	-1.5236179e-10	-1.5272474e-10	-1.5327929e-10	-1.5364851e-10	-1.5338798e-10	-1.5308327e-10	-1.5289608e-10	-1.5255634e-10	-1.5268169e-10	-1.5330129e-10	-1.528376e-10	-1.529766e-10	-1.5350446e-10	-1.5331815e-10	-1.535161e-10
	186.666666666667	-1.5319693e-10	-1.5384947e-10	-1.5350861e-10	-1.5413593e-10	-1.5412296e-10	-1.5307057e-10	-1.52763e-10	-1.5297894e-10	-1.53718e-10	-1.5374109e-10	-1.5409118e-10	-1.5366701e-10	-1.5435846e-10	-1.5486282e-10	-1.5516068e-10	-1.5511842e-10	-1.5405145e-10	-1.5367956e-10	-1.5349606e-10	-1.5424088e-10	-1.5573252e-10	-1.5593329e-10	-1.5455061e-10	-1.5251722e-10	-1.5100068e-10	-1.5203976e-10	-1.5212151e-10	-1.5235185e-10	-1.5264684e-10	-1.5277403e-10	-1.5472852e-10	-1.5394103e-10	-1.5399684e-10	-1.5471989e-10	-1.5463753e-10	-1.5543537e-10	-1.5534153e-10	-1.5449859e-10	-1.542758e-10	-1.5431741e-10	-1.5519001e-10	-1.5541884e-10	-1.5548972e-10	-1.5481115e-10	-1.5541324e-10	-1.5422612e-10	-1.53262e-10	-1.5503109e-10	-1.5428017e-10	-1.5583627e-10	-1.5485235e-10
	185.555555555556	-1.5555729e-10	-1.5484662e-10	-1.5564967e-10	-1.564085e-10	-1.5582265e-10	-1.5550769e-10	-1.5548671e-10	-1.554292e-10	-1.5561612e-10	-1.5601676e-10	-1.5434479e-10	-1.5466943e-10	-1.5496054e-10	-1.5503941e-10	-1.5505673e-10	-1.5474347e-10	-1.5479285e-10	-1.5581034e-10	-1.5581395e-10	-1.5625873e-10	-1.5513316e-10	-1.558626e-10	-1.5456474e-10	-1.5262225e-10	-1.5294757e-10	-1.5321409e-10	-1.5366376e-10	-1.5370885e-10	-1.553779e-10	-1.5613534e-10	-1.5645203e-10	-1.5614694e-10	-1.5631126e-10	-1.5626403e-10	-1.5522972e-10	-1.5556784e-10	-1.5632508e-10	-1.5703427e-10	-1.5668829e-10	-1.5558158e-10	-1.5583405e-10	-1.5620095e-10	-1.5545967e-10	-1.5573312e-10	-1.5613474e-10	-1.5656292e-10	-1.5598395e-10	-1.5539847e-10	-1.5548969e-10	-1.5572613e-10	-1.5678925e-10
	184.444444444444	-1.5671604e-10	-1.5695628e-10	-1.5656558e-10	-1.5697527e-10	-1.5675145e-10	-1.5681351e-10	-1.5682333e-10	-1.573411e-10	-1.5750763e-10	-1.5538804e-10	-1.5638331e-10	-1.573921e-10	-1.5676628e-10	-1.5741149e-10	-1.5720371e-10	-1.5728845e-10	-1.5752066e-10	-1.5700931e-10	-1.5620374e-10	-1.5743438e-10	-1.5737828e-10	-1.5743856e-10	-1.5535373e-10	-1.5372452e-10	-1.5408361e-10	-1.5503904e-10	-1.5570635e-10	-1.5539067e-10	-1.5506343e-10	-1.5560753e-10	-1.5591925e-10	-1.5609226e-10	-1.5630086e-10	-1.5662772e-10	-1.5393685e-10	-1.5359689e-10	-1.5384921e-10	-1.5479924e-10	-1.5652815e-10	-1.5693169e-10	-1.5692121e-10	-1.5609102e-10	-1.5664049e-10	-1.5687915e-10	-1.5599702e-10	-1.5581463e-10	-1.5645583e-10	-1.571334e-10	-1.5713547e-10	-1.5678162e-10	-1.5637615e-10
	183.333333333333	-1.569135e-10	-1.5688462e-10	-1.5706662e-10	-1.5814998e-10	-1.5802891e-10	-1.578209e-10	-1.5794266e-10	-1.5735356e-10	-1.5814094e-10	-1.5812512e-10	-1.5713426e-10	-1.5632934e-10	-1.571491e-10	-1.5737477e-10	-1.5725383e-10	-1.5670516e-10	-1.5749543e-10	-1.5709269e-10	-1.5713818e-10	-1.5810614e-10	-1.5868944e-10	-1.5855518e-10	-1.5646477e-10	-1.5500078e-10	-1.5493068e-10	-1.5472577e-10	-1.5574733e-10	-1.5621542e-10	-1.552888e-10	-1.5680832e-10	-1.5683595e-10	-1.5633661e-10	-1.5643128e-10	-1.5774437e-10	-1.5797863e-10	-1.5770095e-10	-1.5752963e-10	-1.5776734e-10	-1.5811104e-10	-1.5713174e-10	-1.5707939e-10	-1.5735127e-10	-1.5703149e-10	-1.5703423e-10	-1.5783058e-10	-1.574841e-10	-1.5785144e-10	-1.5762634e-10	-1.5653059e-10	-1.5709593e-10	-1.5675336e-10
	182.222222222222	-1.5750255e-10	-1.5710448e-10	-1.5771157e-10	-1.5778336e-10	-1.5782865e-10	-1.5750708e-10	-1.5852629e-10	-1.5822647e-10	-1.590766e-10	-1.5793351e-10	-1.5896384e-10	-1.5840507e-10	-1.5916778e-10	-1.5943113e-10	-1.5951843e-10	-1.5959986e-10	-1.6019569e-10	-1.5956189e-10	-1.5885707e-10	-1.5844612e-10	-1.585542e-10	-1.5936297e-10	-1.5757155e-10	-1.5626693e-10	-1.5587376e-10	-1.566223e-10	-1.5716213e-10	-1.575563e-10	-1.5738298e-10	-1.573747e-10	-1.570615e-10	-1.5719859e-10	-1.5714263e-10	-1.5828737e-10	-1.5851631e-10	-1.5834993e-10	-1.5847304e-10	-1.5838966e-10	-1.5793038e-10	-1.5772998e-10	-1.5908221e-10	-1.5936003e-10	-1.5933495e-10	-1.5852519e-10	-1.5853398e-10	-1.5860546e-10	-1.5809194e-10	-1.5844377e-10	-1.5862059e-10	-1.5814257e-10	-1.5808825e-10
	181.111111111111	-1.5841692e-10	-1.588521e-10	-1.5995971e-10	-1.5976172e-10	-1.5978172e-10	-1.6000257e-10	-1.5981894e-10	-1.5963481e-10	-1.6033203e-10	-1.6017584e-10	-1.5972079e-10	-1.5872965e-10	-1.6000373e-10	-1.6003511e-10	-1.5943305e-10	-1.5931194e-10	-1.5953851e-10	-1.5946397e-10	-1.5871761e-10	-1.6023557e-10	-1.5973796e-10	-1.5981509e-10	-1.5747864e-10	-1.5613189e-10	-1.5721817e-10	-1.5778689e-10	-1.5758217e-10	-1.5735382e-10	-1.5838483e-10	-1.5882513e-10	-1.5882766e-10	-1.5872446e-10	-1.5768928e-10	-1.5764265e-10	-1.584739e-10	-1.5967676e-10	-1.5956961e-10	-1.5939694e-10	-1.5731071e-10	-1.5876782e-10	-1.5896912e-10	-1.6017336e-10	-1.6030755e-10	-1.5989157e-10	-1.6005103e-10	-1.5979731e-10	-1.594833e-10	-1.5976281e-10	-1.6014541e-10	-1.5900334e-10	-1.5941826e-10
	180	-1.589066e-10	-1.5992765e-10	-1.5995782e-10	-1.5934828e-10	-1.6032713e-10	-1.603985e-10	-1.6044056e-10	-1.608198e-10	-1.5983999e-10	-1.5990341e-10	-1.5970165e-10	-1.5980718e-10	-1.5946269e-10	-1.6059666e-10	-1.6054642e-10	-1.5995787e-10	-1.6049445e-10	-1.5989711e-10	-1.5922562e-10	-1.6015483e-10	-1.6021991e-10	-1.6094796e-10	-1.5877195e-10	-1.5787122e-10	-1.5866346e-10	-1.5926753e-10	-1.5911165e-10	-1.5859219e-10	-1.5859992e-10	-1.5886494e-10	-1.6087227e-10	-1.6056853e-10	-1.5884309e-10	-1.58719e-10	-1.5877508e-10	-1.6019697e-10	-1.6019588e-10	-1.6023274e-10	-1.6065663e-10	-1.6074912e-10	-1.6101835e-10	-1.6147907e-10	-1.6129362e-10	-1.6228263e-10	-1.6128085e-10	-1.6116798e-10	-1.6063643e-10	-1.6040942e-10	-1.6019369e-10	-1.5966282e-10	-1.6014583e-10
	178.888888888889	-1.6082639e-10	-1.6014308e-10	-1.6062127e-10	-1.6072152e-10	-1.6101602e-10	-1.6101571e-10	-1.6028717e-10	-1.6076745e-10	-1.6089845e-10	-1.6042681e-10	-1.595033e-10	-1.5930708e-10	-1.5971618e-10	-1.6145887e-10	-1.6166586e-10	-1.5982522e-10	-1.5980274e-10	-1.5984183e-10	-1.5961951e-10	-1.6141358e-10	-1.604377e-10	-1.615519e-10	-1.5944104e-10	-1.5870431e-10	-1.5826256e-10	-1.5870255e-10	-1.5912849e-10	-1.5822535e-10	-1.5913833e-10	-1.6072486e-10	-1.6072783e-10	-1.6036682e-10	-1.5947489e-10	-1.6126157e-10	-1.5983162e-10	-1.5970952e-10	-1.6066755e-10	-1.6118633e-10	-1.611435e-10	-1.6116038e-10	-1.6134755e-10	-1.6039428e-10	-1.6038226e-10	-1.600559e-10	-1.6111477e-10	-1.6152524e-10	-1.6013332e-10	-1.6122982e-10	-1.6090454e-10	-1.6173207e-10	-1.6161295e-10
	177.777777777778	-1.6114847e-10	-1.6112381e-10	-1.6048456e-10	-1.6089434e-10	-1.6042064e-10	-1.6151801e-10	-1.6142099e-10	-1.6193601e-10	-1.6145579e-10	-1.6128575e-10	-1.6195442e-10	-1.6087087e-10	-1.6166948e-10	-1.5988962e-10	-1.6028513e-10	-1.6033062e-10	-1.6007227e-10	-1.6064702e-10	-1.6028273e-10	-1.6018536e-10	-1.5977923e-10	-1.5979709e-10	-1.5898496e-10	-1.5776644e-10	-1.5777835e-10	-1.595704e-10	-1.5958498e-10	-1.5980459e-10	-1.5833565e-10	-1.5876815e-10	-1.5958652e-10	-1.5985768e-10	-1.6080402e-10	-1.6003951e-10	-1.6038211e-10	-1.6048331e-10	-1.6072731e-10	-1.604893e-10	-1.6062525e-10	-1.6131588e-10	-1.6099817e-10	-1.6084391e-10	-1.6200059e-10	-1.6204191e-10	-1.6206281e-10	-1.6220235e-10	-1.6240971e-10	-1.6251456e-10	-1.6145872e-10	-1.6127456e-10	-1.6159853e-10
	176.666666666667	-1.6148803e-10	-1.618574e-10	-1.6436016e-10	-1.6605251e-10	-1.6372803e-10	-1.6313122e-10	-1.6295029e-10	-1.6396559e-10	-1.6266945e-10	-1.6211726e-10	-1.6187104e-10	-1.6198297e-10	-1.6215003e-10	-1.6205404e-10	-1.6200578e-10	-1.6351619e-10	-1.6269797e-10	-1.6206221e-10	-1.6252333e-10	-1.6205791e-10	-1.6185461e-10	-1.6135844e-10	-1.6077138e-10	-1.5975525e-10	-1.5968663e-10	-1.605004e-10	-1.5999446e-10	-1.6112825e-10	-1.6156482e-10	-1.6270564e-10	-1.6280088e-10	-1.6280653e-10	-1.6290612e-10	-1.6196132e-10	-1.6159213e-10	-1.6216981e-10	-1.6068781e-10	-1.5970301e-10	-1.5982002e-10	-1.6015404e-10	-1.6054014e-10	-1.60489e-10	-1.6029082e-10	-1.6036671e-10	-1.6009423e-10	-1.6066652e-10	-1.6095585e-10	-1.6134583e-10	-1.6090436e-10	-1.6022081e-10	-1.6030849e-10
	175.555555555556	-1.6025715e-10	-1.6158384e-10	-1.6062984e-10	-1.6073974e-10	-1.6122376e-10	-1.6074682e-10	-1.6068258e-10	-1.6027445e-10	-1.6067489e-10	-1.6049227e-10	-1.6099275e-10	-1.6132394e-10	-1.6057679e-10	-1.6146373e-10	-1.61184e-10	-1.611878e-10	-1.614527e-10	-1.6164907e-10	-1.6116565e-10	-1.6195423e-10	-1.6077954e-10	-1.6025192e-10	-1.602715e-10	-1.5859714e-10	-1.5765869e-10	-1.57791e-10	-1.5819193e-10	-1.5918013e-10	-1.5899652e-10	-1.5949896e-10	-1.598555e-10	-1.595634e-10	-1.6038501e-10	-1.6009458e-10	-1.6085691e-10	-1.6173177e-10	-1.6154726e-10	-1.613889e-10	-1.604223e-10	-1.6076418e-10	-1.6076701e-10	-1.6036358e-10	-1.6097279e-10	-1.6107252e-10	-1.6119769e-10	-1.6140939e-10	-1.6156752e-10	-1.615014e-10	-1.6242033e-10	-1.627061e-10	-1.61808e-10
	174.444444444444	-1.6146577e-10	-1.6111285e-10	-1.6207166e-10	-1.6192087e-10	-1.6151284e-10	-1.6209893e-10	-1.6185356e-10	-1.6215497e-10	-1.6113214e-10	-1.615766e-10	-1.6106513e-10	-1.617504e-10	-1.6155804e-10	-1.6224554e-10	-1.6183466e-10	-1.6163371e-10	-1.6161435e-10	-1.6226125e-10	-1.6155965e-10	-1.6081932e-10	-1.6104652e-10	-1.5981615e-10	-1.5831099e-10	-1.5832073e-10	-1.5866021e-10	-1.5898982e-10	-1.5952106e-10	-1.5955982e-10	-1.6031462e-10	-1.6056154e-10	-1.6120828e-10	-1.6107669e-10	-1.6120158e-10	-1.6029519e-10	-1.6148742e-10	-1.610872e-10	-1.6132078e-10	-1.6110795e-10	-1.6127731e-10	-1.613279e-10	-1.6117743e-10	-1.612378e-10	-1.6126413e-10	-1.6120215e-10	-1.6081468e-10	-1.603782e-10	-1.6143782e-10	-1.6098514e-10	-1.6119198e-10	-1.5996547e-10	-1.6128142e-10
	173.333333333333	-1.6204597e-10	-1.6174574e-10	-1.6250216e-10	-1.6234937e-10	-1.6253963e-10	-1.6219624e-10	-1.6245626e-10	-1.6247689e-10	-1.6262075e-10	-1.6209577e-10	-1.6121231e-10	-1.6116143e-10	-1.6119815e-10	-1.6119518e-10	-1.6080297e-10	-1.6074765e-10	-1.6107489e-10	-1.602007e-10	-1.5947071e-10	-1.6015818e-10	-1.6064129e-10	-1.6088071e-10	-1.5771044e-10	-1.574838e-10	-1.5852818e-10	-1.5957018e-10	-1.6025839e-10	-1.5951444e-10	-1.5994882e-10	-1.6049777e-10	-1.6035681e-10	-1.614098e-10	-1.6121118e-10	-1.612868e-10	-1.6087234e-10	-1.6119688e-10	-1.6183749e-10	-1.6173132e-10	-1.6208627e-10	-1.62251e-10	-1.6200855e-10	-1.6186144e-10	-1.6233939e-10	-1.6284619e-10	-1.6331779e-10	-1.6288498e-10	-1.6188911e-10	-1.6108716e-10	-1.6258005e-10	-1.6273016e-10	-1.631584e-10
	172.222222222222	-1.625277e-10	-1.623235e-10	-1.6266485e-10	-1.6175007e-10	-1.6264576e-10	-1.6292992e-10	-1.6304241e-10	-1.6306204e-10	-1.6109183e-10	-1.6090805e-10	-1.6038611e-10	-1.6119057e-10	-1.6232832e-10	-1.6264241e-10	-1.6278974e-10	-1.6239581e-10	-1.6182909e-10	-1.6352041e-10	-1.636004e-10	-1.6273735e-10	-1.6292091e-10	-1.6110072e-10	-1.5972761e-10	-1.6067259e-10	-1.6010018e-10	-1.606132e-10	-1.6155743e-10	-1.6168718e-10	-1.6237152e-10	-1.6300328e-10	-1.6303657e-10	-1.6326362e-10	-1.6257484e-10	-1.6334561e-10	-1.625559e-10	-1.6176506e-10	-1.6134589e-10	-1.6210036e-10	-1.615882e-10	-1.6177264e-10	-1.6280462e-10	-1.6207931e-10	-1.6268685e-10	-1.6230485e-10	-1.6168462e-10	-1.6081683e-10	-1.6197917e-10	-1.6178182e-10	-1.6208986e-10	-1.6150957e-10	-1.6220769e-10
	171.111111111111	-1.6255025e-10	-1.6269239e-10	-1.6249474e-10	-1.634153e-10	-1.6347841e-10	-1.6420888e-10	-1.6332818e-10	-1.6495878e-10	-1.6447591e-10	-1.6430883e-10	-1.648179e-10	-1.6400295e-10	-1.6384437e-10	-1.6482976e-10	-1.6418106e-10	-1.6437236e-10	-1.6526437e-10	-1.6520284e-10	-1.6464481e-10	-1.6393445e-10	-1.6332324e-10	-1.6488287e-10	-1.6383009e-10	-1.6175335e-10	-1.6136741e-10	-1.6121028e-10	-1.6123637e-10	-1.6236974e-10	-1.6274278e-10	-1.6329191e-10	-1.6384749e-10	-1.6355174e-10	-1.6333458e-10	-1.6325057e-10	-1.62899e-10	-1.6378603e-10	-1.6371692e-10	-1.6466221e-10	-1.6399621e-10	-1.631775e-10	-1.6336704e-10	-1.6348217e-10	-1.6405211e-10	-1.6446901e-10	-1.6481289e-10	-1.645592e-10	-1.6505015e-10	-1.6571329e-10	-1.6429189e-10	-1.6525763e-10	-1.6573296e-10
	170	-1.6552257e-10	-1.655521e-10	-1.6581317e-10	-1.6616981e-10	-1.6582741e-10	-1.6617403e-10	-1.658842e-10	-1.6524969e-10	-1.6546835e-10	-1.6555748e-10	-1.6577946e-10	-1.6532206e-10	-1.6607672e-10	-1.6581361e-10	-1.649232e-10	-1.6430902e-10	-1.655298e-10	-1.6532022e-10	-1.6601928e-10	-1.6562279e-10	-1.6553564e-10	-1.6538021e-10	-1.6324009e-10	-1.6070223e-10	-1.615731e-10	-1.6164357e-10	-1.6309883e-10	-1.6354786e-10	-1.63581e-10	-1.6382896e-10	-1.6365881e-10	-1.6342704e-10	-1.6275047e-10	-1.6427837e-10	-1.6389332e-10	-1.6471426e-10	-1.6449406e-10	-1.6435803e-10	-1.641568e-10	-1.6462424e-10	-1.6424022e-10	-1.6384556e-10	-1.6422888e-10	-1.6502752e-10	-1.6506273e-10	-1.6525428e-10	-1.646842e-10	-1.656023e-10	-1.6452727e-10	-1.6444841e-10	-1.6387841e-10
	168.888888888889	-1.6474924e-10	-1.643314e-10	-1.6460594e-10	-1.6396134e-10	-1.639924e-10	-1.6439207e-10	-1.6365549e-10	-1.6389505e-10	-1.6374709e-10	-1.6382756e-10	-1.6435896e-10	-1.6487914e-10	-1.6456968e-10	-1.6440886e-10	-1.6490795e-10	-1.6561062e-10	-1.6585196e-10	-1.6598777e-10	-1.6548428e-10	-1.6636449e-10	-1.6641277e-10	-1.655666e-10	-1.6343642e-10	-1.6296532e-10	-1.6312443e-10	-1.6314625e-10	-1.636616e-10	-1.6500624e-10	-1.6536293e-10	-1.6501464e-10	-1.6527119e-10	-1.6469241e-10	-1.6576986e-10	-1.6532757e-10	-1.6556381e-10	-1.6591228e-10	-1.6593241e-10	-1.6500093e-10	-1.6356691e-10	-1.6363123e-10	-1.6291715e-10	-1.6470393e-10	-1.6449962e-10	-1.6288393e-10	-1.6437655e-10	-1.6395851e-10	-1.6366046e-10	-1.6569529e-10	-1.6569265e-10	-1.6594882e-10	-1.6484453e-10
	167.777777777778	-1.6432759e-10	-1.6459913e-10	-1.652197e-10	-1.6595884e-10	-1.6601522e-10	-1.6533001e-10	-1.6546921e-10	-1.6503358e-10	-1.6495724e-10	-1.6484e-10	-1.6454357e-10	-1.6504319e-10	-1.6482622e-10	-1.6501822e-10	-1.6538985e-10	-1.6551489e-10	-1.6553375e-10	-1.6564332e-10	-1.6635918e-10	-1.6617682e-10	-1.6616876e-10	-1.6641502e-10	-1.6408942e-10	-1.6316989e-10	-1.6249938e-10	-1.6308331e-10	-1.6252867e-10	-1.6290269e-10	-1.6230327e-10	-1.6325448e-10	-1.648205e-10	-1.6561864e-10	-1.6506826e-10	-1.6505811e-10	-1.6662713e-10	-1.6634456e-10	-1.6612101e-10	-1.6501385e-10	-1.663843e-10	-1.6556856e-10	-1.6565872e-10	-1.6616379e-10	-1.6602308e-10	-1.6698333e-10	-1.6696619e-10	-1.6716806e-10	-1.6547173e-10	-1.6616993e-10	-1.6583859e-10	-1.6551309e-10	-1.6621385e-10
	166.666666666667	-1.6605529e-10	-1.6649437e-10	-1.6604101e-10	-1.6683702e-10	-1.6659076e-10	-1.6678524e-10	-1.6743414e-10	-1.6758384e-10	-1.6646343e-10	-1.6663625e-10	-1.6581983e-10	-1.6677089e-10	-1.6616168e-10	-1.6603141e-10	-1.6602655e-10	-1.6616925e-10	-1.6607345e-10	-1.6520776e-10	-1.6691129e-10	-1.6684756e-10	-1.67399e-10	-1.6693237e-10	-1.6469151e-10	-1.6328272e-10	-1.6303481e-10	-1.6353412e-10	-1.6461189e-10	-1.6455891e-10	-1.6477372e-10	-1.6567389e-10	-1.6517014e-10	-1.6464793e-10	-1.6617652e-10	-1.665178e-10	-1.663414e-10	-1.6541506e-10	-1.6648169e-10	-1.6520574e-10	-1.6499005e-10	-1.6581599e-10	-1.6628988e-10	-1.6618955e-10	-1.6718474e-10	-1.669561e-10	-1.6640139e-10	-1.6625618e-10	-1.6714478e-10	-1.6719807e-10	-1.6722865e-10	-1.6660449e-10	-1.661154e-10
	165.555555555556	-1.6737109e-10	-1.6738562e-10	-1.6674419e-10	-1.6713812e-10	-1.6693098e-10	-1.6635462e-10	-1.6623354e-10	-1.6691881e-10	-1.670077e-10	-1.6717472e-10	-1.6624717e-10	-1.6737915e-10	-1.6609174e-10	-1.6657054e-10	-1.6637924e-10	-1.6766884e-10	-1.6770758e-10	-1.6723871e-10	-1.6714102e-10	-1.6653331e-10	-1.6674381e-10	-1.6639247e-10	-1.6438231e-10	-1.627615e-10	-1.6421864e-10	-1.6379886e-10	-1.6461058e-10	-1.6496926e-10	-1.6519232e-10	-1.6610688e-10	-1.6602007e-10	-1.6547125e-10	-1.6554313e-10	-1.6675944e-10	-1.6679183e-10	-1.6743368e-10	-1.6707198e-10	-1.6572718e-10	-1.6553861e-10	-1.6598924e-10	-1.6511802e-10	-1.6713186e-10	-1.6802282e-10	-1.66062e-10	-1.6584413e-10	-1.6503875e-10	-1.6452641e-10	-1.6485598e-10	-1.6630231e-10	-1.668404e-10	-1.6680847e-10
	164.444444444444	-1.6721799e-10	-1.6658401e-10	-1.6630494e-10	-1.6638911e-10	-1.6729972e-10	-1.6800179e-10	-1.6706958e-10	-1.6661603e-10	-1.6733523e-10	-1.675269e-10	-1.6782942e-10	-1.6736074e-10	-1.6674957e-10	-1.6700416e-10	-1.6565756e-10	-1.6703616e-10	-1.6724473e-10	-1.6646327e-10	-1.668989e-10	-1.6689283e-10	-1.6653404e-10	-1.6623855e-10	-1.6409006e-10	-1.6459321e-10	-1.6453838e-10	-1.6390779e-10	-1.6460677e-10	-1.6418308e-10	-1.644704e-10	-1.6552065e-10	-1.6697019e-10	-1.6708152e-10	-1.6671819e-10	-1.6648714e-10	-1.6668472e-10	-1.6640693e-10	-1.6678764e-10	-1.6743447e-10	-1.6723679e-10	-1.6747587e-10	-1.6672569e-10	-1.6685156e-10	-1.6673597e-10	-1.6602701e-10	-1.6731934e-10	-1.6609397e-10	-1.6539155e-10	-1.6470028e-10	-1.6634419e-10	-1.6758256e-10	-1.6828618e-10
	163.333333333333	-1.6760891e-10	-1.6678968e-10	-1.6697056e-10	-1.6699403e-10	-1.6733384e-10	-1.6739832e-10	-1.6636408e-10	-1.6548073e-10	-1.6619482e-10	-1.6713318e-10	-1.6699889e-10	-1.6799438e-10	-1.6769204e-10	-1.6802937e-10	-1.6704385e-10	-1.677419e-10	-1.6713235e-10	-1.6686288e-10	-1.6695927e-10	-1.6777568e-10	-1.6694224e-10	-1.6656883e-10	-1.6382048e-10	-1.6319802e-10	-1.633057e-10	-1.6338253e-10	-1.6385604e-10	-1.6393878e-10	-1.6452162e-10	-1.6447164e-10	-1.6534304e-10	-1.6595157e-10	-1.6601574e-10	-1.6664178e-10	-1.6712565e-10	-1.6708004e-10	-1.6720304e-10	-1.6760482e-10	-1.6780269e-10	-1.6779274e-10	-1.6738518e-10	-1.6686967e-10	-1.6762643e-10	-1.6812295e-10	-1.6746506e-10	-1.6760827e-10	-1.6762899e-10	-1.6810228e-10	-1.6737896e-10	-1.6705956e-10	-1.6667737e-10
	162.222222222222	-1.6704106e-10	-1.662591e-10	-1.6715401e-10	-1.6742265e-10	-1.6747341e-10	-1.6832398e-10	-1.6836782e-10	-1.6909671e-10	-1.6915626e-10	-1.688221e-10	-1.6768989e-10	-1.6812167e-10	-1.6910297e-10	-1.6901691e-10	-1.692388e-10	-1.685414e-10	-1.6881863e-10	-1.6895176e-10	-1.6918054e-10	-1.6932852e-10	-1.6938916e-10	-1.6664924e-10	-1.650079e-10	-1.6464985e-10	-1.6519915e-10	-1.6589624e-10	-1.6643679e-10	-1.6660408e-10	-1.6778962e-10	-1.6786803e-10	-1.6761385e-10	-1.6788004e-10	-1.6651995e-10	-1.6688945e-10	-1.6771347e-10	-1.6797509e-10	-1.6810529e-10	-1.6755529e-10	-1.6679913e-10	-1.669045e-10	-1.6721181e-10	-1.6720603e-10	-1.673358e-10	-1.6781387e-10	-1.6801494e-10	-1.6757318e-10	-1.6728499e-10	-1.6775493e-10	-1.6682188e-10	-1.6598294e-10	-1.65839e-10
	161.111111111111	-1.659559e-10	-1.669839e-10	-1.6645517e-10	-1.6683344e-10	-1.6660608e-10	-1.6733154e-10	-1.6790068e-10	-1.673805e-10	-1.6682866e-10	-1.6794865e-10	-1.6756986e-10	-1.6667868e-10	-1.662324e-10	-1.6668193e-10	-1.6748859e-10	-1.6779564e-10	-1.6790919e-10	-1.6761152e-10	-1.6793811e-10	-1.6766706e-10	-1.6746798e-10	-1.685527e-10	-1.6594272e-10	-1.6424771e-10	-1.6473553e-10	-1.6494817e-10	-1.6561097e-10	-1.6638546e-10	-1.6674366e-10	-1.6815663e-10	-1.6766134e-10	-1.6873415e-10	-1.6935868e-10	-1.6910719e-10	-1.6808703e-10	-1.6875498e-10	-1.6874376e-10	-1.6922845e-10	-1.6851975e-10	-1.6774925e-10	-1.6797931e-10	-1.6828892e-10	-1.6828174e-10	-1.6796865e-10	-1.6867932e-10	-1.6976098e-10	-1.6765148e-10	-1.6749292e-10	-1.6783726e-10	-1.6740818e-10	-1.6809275e-10
	160	-1.6906282e-10	-1.6930879e-10	-1.6815033e-10	-1.6845862e-10	-1.6814314e-10	-1.6802575e-10	-1.6779074e-10	-1.6790888e-10	-1.6664581e-10	-1.6647238e-10	-1.6757333e-10	-1.6803667e-10	-1.68269e-10	-1.6894088e-10	-1.6928622e-10	-1.6854657e-10	-1.682615e-10	-1.6777896e-10	-1.6878315e-10	-1.6924157e-10	-1.6982825e-10	-1.6856863e-10	-1.670637e-10	-1.6500526e-10	-1.6518611e-10	-1.6555768e-10	-1.6574078e-10	-1.6641691e-10	-1.6645912e-10	-1.6697933e-10	-1.6801192e-10	-1.680709e-10	-1.6810321e-10	-1.685936e-10	-1.6882243e-10	-1.6877856e-10	-1.6886886e-10	-1.6790888e-10	-1.6847176e-10	-1.6832052e-10	-1.6817669e-10	-1.6981608e-10	-1.6938433e-10	-1.691149e-10	-1.6934892e-10	-1.6912602e-10	-1.6933044e-10	-1.6940926e-10	-1.6877742e-10	-1.694633e-10	-1.6618718e-10
	158.888888888889	-1.6975404e-10	-1.6939115e-10	-1.6972204e-10	-1.6953026e-10	-1.6949642e-10	-1.6952308e-10	-1.6892855e-10	-1.6949668e-10	-1.701809e-10	-1.6962706e-10	-1.6914745e-10	-1.6996597e-10	-1.7008807e-10	-1.6967884e-10	-1.6905552e-10	-1.7017879e-10	-1.692764e-10	-1.6928117e-10	-1.7028741e-10	-1.6949411e-10	-1.7002694e-10	-1.6833299e-10	-1.6599488e-10	-1.6568109e-10	-1.6618876e-10	-1.6643378e-10	-1.6740027e-10	-1.6737403e-10	-1.6836123e-10	-1.6902399e-10	-1.6926781e-10	-1.6965207e-10	-1.6923324e-10	-1.6917219e-10	-1.6896569e-10	-1.6935281e-10	-1.7120674e-10	-1.6942937e-10	-1.6935446e-10	-1.6911871e-10	-1.6895263e-10	-1.7008724e-10	-1.6934802e-10	-1.7027976e-10	-1.6924247e-10	-1.6952281e-10	-1.6981698e-10	-1.6926706e-10	-1.6939355e-10	-1.6909001e-10	-1.7020459e-10
	157.777777777778	-1.7126565e-10	-1.7085643e-10	-1.699538e-10	-1.6925884e-10	-1.7011743e-10	-1.7049137e-10	-1.7084441e-10	-1.7049812e-10	-1.7005847e-10	-1.6995237e-10	-1.7108488e-10	-1.7005568e-10	-1.7052607e-10	-1.7089928e-10	-1.7054701e-10	-1.7011356e-10	-1.7075644e-10	-1.7137844e-10	-1.7135984e-10	-1.7106265e-10	-1.708356e-10	-1.7144144e-10	-1.6821601e-10	-1.6647701e-10	-1.6686737e-10	-1.67037e-10	-1.670513e-10	-1.6823284e-10	-1.6884948e-10	-1.7019314e-10	-1.6931444e-10	-1.7044634e-10	-1.701858e-10	-1.6980113e-10	-1.698644e-10	-1.7008561e-10	-1.7034352e-10	-1.7083771e-10	-1.6981717e-10	-1.684143e-10	-1.6890646e-10	-1.6908998e-10	-1.691018e-10	-1.6965904e-10	-1.6966069e-10	-1.6931319e-10	-1.694821e-10	-1.6992545e-10	-1.693765e-10	-1.6967974e-10	-1.6882748e-10
	156.666666666667	-1.7019845e-10	-1.6984067e-10	-1.6965497e-10	-1.6952616e-10	-1.6988684e-10	-1.6945502e-10	-1.698108e-10	-1.7002977e-10	-1.7008427e-10	-1.6941544e-10	-1.6988816e-10	-1.6938136e-10	-1.7067618e-10	-1.7125228e-10	-1.7055725e-10	-1.7005337e-10	-1.6901966e-10	-1.7003256e-10	-1.6952409e-10	-1.710137e-10	-1.7153214e-10	-1.7129179e-10	-1.6486178e-10	-1.6547798e-10	-1.6600719e-10	-1.6696247e-10	-1.6812329e-10	-1.6777414e-10	-1.6916153e-10	-1.6974769e-10	-1.698299e-10	-1.7036743e-10	-1.6970618e-10	-1.6923139e-10	-1.6949622e-10	-1.6925165e-10	-1.6939801e-10	-1.703117e-10	-1.7048915e-10	-1.7088293e-10	-1.6986285e-10	-1.6976681e-10	-1.6926043e-10	-1.6949829e-10	-1.6958258e-10	-1.7055769e-10	-1.7184905e-10	-1.7227074e-10	-1.7107946e-10	-1.7121048e-10	-1.7231289e-10
	155.555555555556	-1.7260668e-10	-1.7189677e-10	-1.7177738e-10	-1.7111308e-10	-1.7141795e-10	-1.7087036e-10	-1.714866e-10	-1.7193277e-10	-1.7124083e-10	-1.712986e-10	-1.7119488e-10	-1.7140074e-10	-1.7098391e-10	-1.7132071e-10	-1.7139061e-10	-1.7179035e-10	-1.7021823e-10	-1.7040799e-10	-1.7129732e-10	-1.694473e-10	-1.6947697e-10	-1.6930468e-10	-1.693705e-10	-1.6656289e-10	-1.665158e-10	-1.6669763e-10	-1.6811132e-10	-1.6936866e-10	-1.701171e-10	-1.7089996e-10	-1.7175343e-10	-1.7243951e-10	-1.7262265e-10	-1.7209328e-10	-1.7186788e-10	-1.7183113e-10	-1.7061103e-10	-1.7166674e-10	-1.7218446e-10	-1.7071873e-10	-1.7014365e-10	-1.7130018e-10	-1.7149948e-10	-1.7232792e-10	-1.7196494e-10	-1.7194453e-10	-1.7157918e-10	-1.718837e-10	-1.7204237e-10	-1.7141848e-10	-1.700303e-10
	154.444444444444	-1.7168467e-10	-1.7265432e-10	-1.7231119e-10	-1.7358813e-10	-1.743882e-10	-1.732238e-10	-1.7214868e-10	-1.7175787e-10	-1.723217e-10	-1.717616e-10	-1.7166867e-10	-1.7172658e-10	-1.7265579e-10	-1.7254097e-10	-1.720464e-10	-1.7246267e-10	-1.7245401e-10	-1.7221599e-10	-1.7276934e-10	-1.7374675e-10	-1.732474e-10	-1.7412596e-10	-1.6681442e-10	-1.6724051e-10	-1.6850295e-10	-1.684822e-10	-1.6984583e-10	-1.6933782e-10	-1.7009247e-10	-1.7095095e-10	-1.7101039e-10	-1.7142616e-10	-1.707028e-10	-1.7098767e-10	-1.7160749e-10	-1.7227748e-10	-1.7205518e-10	-1.7342092e-10	-1.7347239e-10	-1.7226243e-10	-1.7304505e-10	-1.7229601e-10	-1.7327983e-10	-1.7309729e-10	-1.7282771e-10	-1.7390263e-10	-1.7375636e-10	-1.7337105e-10	-1.734403e-10	-1.7223738e-10	-1.7210715e-10
	153.333333333333	-1.7284252e-10	-1.7364134e-10	-1.7414811e-10	-1.7477667e-10	-1.734678e-10	-1.738267e-10	-1.7391627e-10	-1.7438719e-10	-1.7409986e-10	-1.7366895e-10	-1.7343556e-10	-1.7321121e-10	-1.7341052e-10	-1.7223666e-10	-1.7324221e-10	-1.7298352e-10	-1.7388098e-10	-1.7410197e-10	-1.7438499e-10	-1.7417481e-10	-1.7453493e-10	-1.7484574e-10	-1.7186856e-10	-1.6924735e-10	-1.6946813e-10	-1.7022975e-10	-1.7070341e-10	-1.7033651e-10	-1.7151473e-10	-1.7150051e-10	-1.7304848e-10	-1.724777e-10	-1.7310783e-10	-1.7267583e-10	-1.7211897e-10	-1.7247441e-10	-1.7270856e-10	-1.7267775e-10	-1.732619e-10	-1.7325621e-10	-1.733787e-10	-1.7260846e-10	-1.7285663e-10	-1.7375523e-10	-1.7413979e-10	-1.7520714e-10	-1.7364202e-10	-1.7368544e-10	-1.7423096e-10	-1.736407e-10	-1.7431506e-10
	152.222222222222	-1.746765e-10	-1.7364028e-10	-1.7356354e-10	-1.7354915e-10	-1.7544075e-10	-1.7443813e-10	-1.746122e-10	-1.7395163e-10	-1.7384984e-10	-1.7357615e-10	-1.7375079e-10	-1.7293018e-10	-1.7304333e-10	-1.7487259e-10	-1.7581822e-10	-1.7589885e-10	-1.7546123e-10	-1.756234e-10	-1.7457405e-10	-1.7486894e-10	-1.7569006e-10	-1.7599708e-10	-1.6879223e-10	-1.6862911e-10	-1.6948906e-10	-1.6943695e-10	-1.6959632e-10	-1.7062293e-10	-1.7104804e-10	-1.7236354e-10	-1.7202942e-10	-1.731493e-10	-1.732923e-10	-1.7320459e-10	-1.7324406e-10	-1.7401441e-10	-1.7374939e-10	-1.7330236e-10	-1.744225e-10	-1.7348505e-10	-1.7410585e-10	-1.7404966e-10	-1.7432526e-10	-1.7423239e-10	-1.7395653e-10	-1.7393156e-10	-1.737181e-10	-1.7402681e-10	-1.7352003e-10	-1.7454539e-10	-1.73346e-10
	151.111111111111	-1.7515238e-10	-1.7431603e-10	-1.7486781e-10	-1.7388162e-10	-1.7494554e-10	-1.7512153e-10	-1.7552639e-10	-1.7546914e-10	-1.7519644e-10	-1.7548843e-10	-1.7608046e-10	-1.7555946e-10	-1.7451482e-10	-1.7459771e-10	-1.755442e-10	-1.7533142e-10	-1.7575043e-10	-1.754525e-10	-1.7527793e-10	-1.754209e-10	-1.7660842e-10	-1.758215e-10	-1.7175965e-10	-1.699718e-10	-1.7019905e-10	-1.7135317e-10	-1.7083469e-10	-1.7098802e-10	-1.7096843e-10	-1.711199e-10	-1.6972584e-10	-1.7069882e-10	-1.7115316e-10	-1.7144711e-10	-1.7214312e-10	-1.7236795e-10	-1.730234e-10	-1.7261068e-10	-1.7220314e-10	-1.7218958e-10	-1.7227071e-10	-1.7314124e-10	-1.7395038e-10	-1.7434926e-10	-1.7340931e-10	-1.7362202e-10	-1.7306701e-10	-1.7373128e-10	-1.7399222e-10	-1.7353906e-10	-1.7462347e-10
	150	-1.7416227e-10	-1.743079e-10	-1.7439679e-10	-1.747984e-10	-1.7508447e-10	-1.7308004e-10	-1.7390372e-10	-1.7489858e-10	-1.7463246e-10	-1.7475012e-10	-1.7579992e-10	-1.7526793e-10	-1.7525112e-10	-1.736659e-10	-1.7382637e-10	-1.7582055e-10	-1.759326e-10	-1.7593395e-10	-1.7649296e-10	-1.765134e-10	-1.7570335e-10	-1.7367298e-10	-1.6886567e-10	-1.6843671e-10	-1.6931866e-10	-1.6971009e-10	-1.7004234e-10	-1.7142909e-10	-1.7186366e-10	-1.7146348e-10	-1.7292491e-10	-1.7313409e-10	-1.7346558e-10	-1.7417602e-10	-1.73697e-10	-1.7322575e-10	-1.7436715e-10	-1.7416958e-10	-1.7418242e-10	-1.7441719e-10	-1.749194e-10	-1.7463032e-10	-1.7311684e-10	-1.7460271e-10	-1.7481994e-10	-1.7447553e-10	-1.7349819e-10	-1.7381518e-10	-1.7315838e-10	-1.7314042e-10	-1.7453018e-10
