I1_1825
																																																				
		262.15	262.14	262.13	262.12	262.11	262.1	262.09	262.08	262.07	262.06	262.05	262.04	262.03	262.02	262.01	262	261.99	261.98	261.97	261.96	261.95	261.94	261.93	261.92	261.91	261.9	261.89	261.88	261.87	261.86	261.85	261.84	261.83	261.82	261.81	261.8	261.79	261.78	261.77	261.76	261.75	261.74	261.73	261.72	261.71	261.7	261.69	261.68	261.67	261.66	261.65
	250	-1.6885222e-10	-1.6976626e-10	-1.7007443e-10	-1.6967609e-10	-1.6908301e-10	-1.6961738e-10	-1.6995538e-10	-1.6960706e-10	-1.6889e-10	-1.6938184e-10	-1.6964755e-10	-1.6947796e-10	-1.6996288e-10	-1.6883456e-10	-1.6942957e-10	-1.6839181e-10	-1.6884721e-10	-1.6973484e-10	-1.6912673e-10	-1.6481497e-10	-1.5584965e-10	-1.5485344e-10	-1.5604021e-10	-1.5739107e-10	-1.5848799e-10	-1.5970091e-10	-1.6023222e-10	-1.6113345e-10	-1.6223617e-10	-1.6298791e-10	-1.642798e-10	-1.6506496e-10	-1.6622778e-10	-1.6582262e-10	-1.6651268e-10	-1.6665794e-10	-1.6642053e-10	-1.6665956e-10	-1.6711868e-10	-1.6698601e-10	-1.6695538e-10	-1.6750949e-10	-1.6667982e-10	-1.6675936e-10	-1.6665598e-10	-1.6692221e-10	-1.6734431e-10	-1.6710799e-10	-1.6735391e-10	-1.6727068e-10	-1.6615942e-10
	248.888888888889	-1.6808838e-10	-1.6816426e-10	-1.6851771e-10	-1.6946922e-10	-1.6908512e-10	-1.6806948e-10	-1.6830018e-10	-1.6816758e-10	-1.6875162e-10	-1.6939669e-10	-1.6939397e-10	-1.6932626e-10	-1.6961681e-10	-1.6928969e-10	-1.6903834e-10	-1.691885e-10	-1.7008185e-10	-1.7011677e-10	-1.7053811e-10	-1.7071437e-10	-1.6121653e-10	-1.5639494e-10	-1.5775119e-10	-1.5880287e-10	-1.5908258e-10	-1.597972e-10	-1.6115202e-10	-1.6266331e-10	-1.6345307e-10	-1.6406923e-10	-1.6470039e-10	-1.6556535e-10	-1.666219e-10	-1.674428e-10	-1.6786426e-10	-1.6726721e-10	-1.67603e-10	-1.6738254e-10	-1.6764508e-10	-1.6808913e-10	-1.6833208e-10	-1.681823e-10	-1.6840161e-10	-1.6820388e-10	-1.681013e-10	-1.6761471e-10	-1.6779236e-10	-1.6787774e-10	-1.6817074e-10	-1.687236e-10	-1.6824794e-10
	247.777777777778	-1.68765e-10	-1.6935683e-10	-1.6913171e-10	-1.6966234e-10	-1.6945687e-10	-1.6939182e-10	-1.6984456e-10	-1.6893066e-10	-1.6774529e-10	-1.6883403e-10	-1.6914217e-10	-1.6912446e-10	-1.6901265e-10	-1.6866636e-10	-1.6916461e-10	-1.6925515e-10	-1.6830011e-10	-1.6970558e-10	-1.6893503e-10	-1.6938226e-10	-1.6843497e-10	-1.5751442e-10	-1.5670486e-10	-1.5812611e-10	-1.5838204e-10	-1.6013668e-10	-1.6134533e-10	-1.6173339e-10	-1.6268226e-10	-1.6323655e-10	-1.6382512e-10	-1.6455913e-10	-1.6565831e-10	-1.6604618e-10	-1.6611035e-10	-1.6608791e-10	-1.6690085e-10	-1.6754131e-10	-1.6706354e-10	-1.668238e-10	-1.6771734e-10	-1.6713668e-10	-1.6718274e-10	-1.6757924e-10	-1.6764146e-10	-1.6848939e-10	-1.6771949e-10	-1.6843678e-10	-1.6752301e-10	-1.6846805e-10	-1.6801242e-10
	246.666666666667	-1.6826449e-10	-1.6998676e-10	-1.6918966e-10	-1.6953321e-10	-1.6932648e-10	-1.6938335e-10	-1.6981298e-10	-1.7019446e-10	-1.7084271e-10	-1.7001718e-10	-1.6931417e-10	-1.6920254e-10	-1.6887244e-10	-1.6965392e-10	-1.6921931e-10	-1.6929286e-10	-1.6998668e-10	-1.7021856e-10	-1.6991415e-10	-1.6993328e-10	-1.7008486e-10	-1.5754888e-10	-1.5759667e-10	-1.576419e-10	-1.5785186e-10	-1.5935009e-10	-1.6097026e-10	-1.6124184e-10	-1.6233932e-10	-1.6371338e-10	-1.6496836e-10	-1.6526407e-10	-1.6857665e-10	-1.7053646e-10	-1.6771569e-10	-1.6795683e-10	-1.6704363e-10	-1.6728549e-10	-1.6760232e-10	-1.6845388e-10	-1.6707323e-10	-1.6838191e-10	-1.6883146e-10	-1.6859887e-10	-1.6863473e-10	-1.6775591e-10	-1.6803577e-10	-1.686971e-10	-1.6859254e-10	-1.6885968e-10	-1.6824293e-10
	245.555555555556	-1.6792648e-10	-1.6906941e-10	-1.6944067e-10	-1.6958134e-10	-1.693394e-10	-1.6954116e-10	-1.6955407e-10	-1.6923161e-10	-1.686954e-10	-1.6861793e-10	-1.6966638e-10	-1.7055303e-10	-1.7071539e-10	-1.6982372e-10	-1.7002434e-10	-1.7089981e-10	-1.6962137e-10	-1.7080114e-10	-1.708049e-10	-1.7048689e-10	-1.6832211e-10	-1.5777228e-10	-1.5758703e-10	-1.5821608e-10	-1.5864109e-10	-1.5949803e-10	-1.6118772e-10	-1.614814e-10	-1.6202883e-10	-1.6488463e-10	-1.6465736e-10	-1.6596731e-10	-1.6650037e-10	-1.6677713e-10	-1.6653483e-10	-1.673352e-10	-1.6657212e-10	-1.6746517e-10	-1.6825594e-10	-1.6816988e-10	-1.6742829e-10	-1.6654846e-10	-1.6711789e-10	-1.6744389e-10	-1.6773441e-10	-1.6791213e-10	-1.6841871e-10	-1.6829925e-10	-1.6809919e-10	-1.670257e-10	-1.6708784e-10
	244.444444444444	-1.6868844e-10	-1.6909815e-10	-1.6812905e-10	-1.6975879e-10	-1.6998428e-10	-1.6997283e-10	-1.7032563e-10	-1.7037859e-10	-1.699996e-10	-1.7017973e-10	-1.7039564e-10	-1.6999432e-10	-1.697672e-10	-1.6978678e-10	-1.7021536e-10	-1.6993486e-10	-1.7016252e-10	-1.6921617e-10	-1.6976576e-10	-1.692483e-10	-1.6085092e-10	-1.5626581e-10	-1.5727079e-10	-1.5821058e-10	-1.5854189e-10	-1.5933035e-10	-1.5992913e-10	-1.6091234e-10	-1.6281772e-10	-1.6446701e-10	-1.6519561e-10	-1.6601526e-10	-1.6695474e-10	-1.6693419e-10	-1.6682541e-10	-1.6793386e-10	-1.6789273e-10	-1.6793995e-10	-1.6744769e-10	-1.6689242e-10	-1.6644267e-10	-1.6701249e-10	-1.6780238e-10	-1.684274e-10	-1.6747281e-10	-1.6752712e-10	-1.6814984e-10	-1.6785387e-10	-1.6723788e-10	-1.678397e-10	-1.6820487e-10
	243.333333333333	-1.6856483e-10	-1.6858751e-10	-1.6864557e-10	-1.6830719e-10	-1.6841779e-10	-1.6760865e-10	-1.6880597e-10	-1.6960509e-10	-1.6924698e-10	-1.6981826e-10	-1.6957087e-10	-1.6945551e-10	-1.6998228e-10	-1.697345e-10	-1.7043876e-10	-1.7093461e-10	-1.7057182e-10	-1.7101784e-10	-1.7021087e-10	-1.7063317e-10	-1.6187925e-10	-1.5705687e-10	-1.5566176e-10	-1.5727422e-10	-1.5862496e-10	-1.5917026e-10	-1.5948326e-10	-1.6101286e-10	-1.6314831e-10	-1.6379884e-10	-1.6464433e-10	-1.6543822e-10	-1.6545233e-10	-1.6603137e-10	-1.664142e-10	-1.6679164e-10	-1.6688315e-10	-1.675499e-10	-1.6777843e-10	-1.6818683e-10	-1.6769189e-10	-1.6766484e-10	-1.6755861e-10	-1.678951e-10	-1.6808334e-10	-1.6898388e-10	-1.6893895e-10	-1.6852687e-10	-1.6921474e-10	-1.6920883e-10	-1.6800718e-10
	242.222222222222	-1.6883238e-10	-1.6967662e-10	-1.694624e-10	-1.6977314e-10	-1.6949502e-10	-1.7025704e-10	-1.6962992e-10	-1.6913367e-10	-1.691404e-10	-1.6974663e-10	-1.6952063e-10	-1.697313e-10	-1.6970246e-10	-1.6990864e-10	-1.7053156e-10	-1.7006087e-10	-1.7029965e-10	-1.6986994e-10	-1.7039953e-10	-1.71175e-10	-1.7184999e-10	-1.6300712e-10	-1.5761208e-10	-1.5788561e-10	-1.5906583e-10	-1.5990864e-10	-1.6084557e-10	-1.6220822e-10	-1.6164933e-10	-1.6285764e-10	-1.6440253e-10	-1.6541007e-10	-1.6681954e-10	-1.6669857e-10	-1.6749341e-10	-1.6674355e-10	-1.6731663e-10	-1.6740258e-10	-1.6756817e-10	-1.6778683e-10	-1.6802552e-10	-1.6762937e-10	-1.6781165e-10	-1.6774845e-10	-1.6720997e-10	-1.6762508e-10	-1.6815817e-10	-1.678112e-10	-1.6839027e-10	-1.6731679e-10	-1.6767313e-10
	241.111111111111	-1.6814299e-10	-1.685692e-10	-1.6883159e-10	-1.6852646e-10	-1.6857823e-10	-1.6921821e-10	-1.6873675e-10	-1.6937755e-10	-1.694966e-10	-1.6858411e-10	-1.6962107e-10	-1.6935382e-10	-1.6925963e-10	-1.6927787e-10	-1.6911642e-10	-1.689997e-10	-1.6886724e-10	-1.6914767e-10	-1.7006603e-10	-1.7063581e-10	-1.6319972e-10	-1.5678089e-10	-1.5661127e-10	-1.5799866e-10	-1.5894147e-10	-1.5976132e-10	-1.6042279e-10	-1.6135286e-10	-1.6385292e-10	-1.6375733e-10	-1.6428925e-10	-1.6397651e-10	-1.6595417e-10	-1.6661271e-10	-1.6747767e-10	-1.6757412e-10	-1.6682387e-10	-1.6712697e-10	-1.6744701e-10	-1.6817997e-10	-1.6751521e-10	-1.6760968e-10	-1.6751571e-10	-1.6704708e-10	-1.6603838e-10	-1.659347e-10	-1.6748189e-10	-1.6782291e-10	-1.6743722e-10	-1.6764541e-10	-1.67726e-10
	240	-1.6896314e-10	-1.6875867e-10	-1.6864082e-10	-1.7026416e-10	-1.7061859e-10	-1.6968693e-10	-1.6922197e-10	-1.6978918e-10	-1.699958e-10	-1.7098967e-10	-1.7048121e-10	-1.6862572e-10	-1.68702e-10	-1.6881603e-10	-1.6926317e-10	-1.6945732e-10	-1.6811542e-10	-1.6843373e-10	-1.6844375e-10	-1.6850277e-10	-1.6670607e-10	-1.564622e-10	-1.5715509e-10	-1.5831385e-10	-1.5805406e-10	-1.5894756e-10	-1.6061701e-10	-1.6245896e-10	-1.6274707e-10	-1.6391924e-10	-1.6465802e-10	-1.6459469e-10	-1.6526464e-10	-1.6666618e-10	-1.6608609e-10	-1.6643291e-10	-1.6689219e-10	-1.6594136e-10	-1.6633971e-10	-1.663574e-10	-1.6676113e-10	-1.670916e-10	-1.6727708e-10	-1.6643295e-10	-1.6691802e-10	-1.6720463e-10	-1.6730213e-10	-1.667318e-10	-1.6674694e-10	-1.6617693e-10	-1.6701847e-10
	238.888888888889	-1.6780746e-10	-1.6822592e-10	-1.678887e-10	-1.6780867e-10	-1.6878812e-10	-1.6829202e-10	-1.6842981e-10	-1.6856626e-10	-1.6871754e-10	-1.6891771e-10	-1.6912718e-10	-1.6858467e-10	-1.6886258e-10	-1.6870139e-10	-1.6960687e-10	-1.699109e-10	-1.6937379e-10	-1.695996e-10	-1.6779685e-10	-1.6770499e-10	-1.6172515e-10	-1.5574175e-10	-1.5706915e-10	-1.5684921e-10	-1.5702531e-10	-1.5864729e-10	-1.5983351e-10	-1.6071086e-10	-1.6178167e-10	-1.6232236e-10	-1.6361636e-10	-1.6533913e-10	-1.6602165e-10	-1.6607057e-10	-1.6601036e-10	-1.669697e-10	-1.665578e-10	-1.664922e-10	-1.6637028e-10	-1.6613509e-10	-1.6756568e-10	-1.6707218e-10	-1.6706174e-10	-1.6700537e-10	-1.6703704e-10	-1.6936026e-10	-1.6733825e-10	-1.6793322e-10	-1.678037e-10	-1.6810879e-10	-1.6854811e-10
	237.777777777778	-1.6960221e-10	-1.6877212e-10	-1.6763629e-10	-1.6832136e-10	-1.687024e-10	-1.6871785e-10	-1.6946893e-10	-1.6898234e-10	-1.6912982e-10	-1.6892253e-10	-1.6816755e-10	-1.6851158e-10	-1.6867897e-10	-1.6875351e-10	-1.6907031e-10	-1.6856634e-10	-1.5954092e-10	-1.5356419e-10	-1.5350793e-10	-1.5449725e-10	-1.5567468e-10	-1.5617085e-10	-1.5631126e-10	-1.5760006e-10	-1.5849774e-10	-1.5933499e-10	-1.5986348e-10	-1.6032502e-10	-1.6216517e-10	-1.6327388e-10	-1.6348395e-10	-1.6504789e-10	-1.6539216e-10	-1.6550152e-10	-1.65117e-10	-1.6636614e-10	-1.6705579e-10	-1.6624811e-10	-1.6590702e-10	-1.6739195e-10	-1.6612289e-10	-1.6626174e-10	-1.6618933e-10	-1.6619942e-10	-1.6627688e-10	-1.6652021e-10	-1.6613283e-10	-1.6583358e-10	-1.6657452e-10	-1.6712595e-10	-1.6781899e-10
	236.666666666667	-1.6852299e-10	-1.6831062e-10	-1.6913554e-10	-1.6897105e-10	-1.6910112e-10	-1.6870007e-10	-1.6826644e-10	-1.6906339e-10	-1.6843855e-10	-1.6789191e-10	-1.684286e-10	-1.6824862e-10	-1.693156e-10	-1.6887756e-10	-1.6924408e-10	-1.6971602e-10	-1.7007482e-10	-1.7047612e-10	-1.7109091e-10	-1.70956e-10	-1.6208707e-10	-1.5637927e-10	-1.5748884e-10	-1.5819208e-10	-1.5938857e-10	-1.6061327e-10	-1.6049909e-10	-1.6162391e-10	-1.6272891e-10	-1.6351671e-10	-1.6480348e-10	-1.6567107e-10	-1.6663869e-10	-1.6700227e-10	-1.6738586e-10	-1.6801746e-10	-1.676102e-10	-1.6801117e-10	-1.6671134e-10	-1.6761664e-10	-1.6777971e-10	-1.6782128e-10	-1.6780076e-10	-1.6871213e-10	-1.6811531e-10	-1.6721111e-10	-1.675905e-10	-1.6736325e-10	-1.677706e-10	-1.6822359e-10	-1.6736867e-10
	235.555555555556	-1.681541e-10	-1.689579e-10	-1.684355e-10	-1.682032e-10	-1.6928299e-10	-1.6979797e-10	-1.7016177e-10	-1.6961305e-10	-1.6933714e-10	-1.6873611e-10	-1.6856916e-10	-1.6927403e-10	-1.6895729e-10	-1.6966378e-10	-1.6977612e-10	-1.6928114e-10	-1.6975198e-10	-1.6932521e-10	-1.6963406e-10	-1.6976626e-10	-1.6073405e-10	-1.5562542e-10	-1.5578691e-10	-1.5670387e-10	-1.5764062e-10	-1.5819641e-10	-1.5897333e-10	-1.586752e-10	-1.6051491e-10	-1.6190027e-10	-1.6323987e-10	-1.6430036e-10	-1.649116e-10	-1.6516706e-10	-1.6571661e-10	-1.6555643e-10	-1.6576579e-10	-1.6588476e-10	-1.6623644e-10	-1.666088e-10	-1.6750602e-10	-1.6711017e-10	-1.6690459e-10	-1.6518355e-10	-1.6605262e-10	-1.6738096e-10	-1.6733553e-10	-1.6781636e-10	-1.6734382e-10	-1.6642836e-10	-1.6573939e-10
	234.444444444444	-1.6741135e-10	-1.6800142e-10	-1.6817533e-10	-1.6908233e-10	-1.6878933e-10	-1.6912929e-10	-1.6857507e-10	-1.6843715e-10	-1.6870222e-10	-1.673103e-10	-1.6748965e-10	-1.6687728e-10	-1.6733268e-10	-1.6824271e-10	-1.6900509e-10	-1.6855527e-10	-1.6894185e-10	-1.6869332e-10	-1.6885278e-10	-1.6902832e-10	-1.598317e-10	-1.5653312e-10	-1.5672007e-10	-1.5714817e-10	-1.5674798e-10	-1.5927638e-10	-1.6042064e-10	-1.615551e-10	-1.6197314e-10	-1.6308707e-10	-1.6267773e-10	-1.6242024e-10	-1.6399124e-10	-1.6598256e-10	-1.6612817e-10	-1.6498695e-10	-1.6505659e-10	-1.6562851e-10	-1.6577403e-10	-1.659098e-10	-1.6668103e-10	-1.667966e-10	-1.6709688e-10	-1.6737384e-10	-1.6764563e-10	-1.672926e-10	-1.674217e-10	-1.665746e-10	-1.6694074e-10	-1.6672558e-10	-1.668041e-10
	233.333333333333	-1.6772055e-10	-1.6828181e-10	-1.6856094e-10	-1.682724e-10	-1.6872154e-10	-1.6835439e-10	-1.674617e-10	-1.6716878e-10	-1.6750253e-10	-1.6721551e-10	-1.6843983e-10	-1.6837626e-10	-1.6829473e-10	-1.6776913e-10	-1.6860366e-10	-1.6877738e-10	-1.6912315e-10	-1.6916413e-10	-1.6892901e-10	-1.6868831e-10	-1.6967022e-10	-1.5706388e-10	-1.5715988e-10	-1.5739775e-10	-1.5836721e-10	-1.590665e-10	-1.603951e-10	-1.6058763e-10	-1.6202142e-10	-1.6384395e-10	-1.6402081e-10	-1.6470823e-10	-1.6508393e-10	-1.653314e-10	-1.6578089e-10	-1.6614304e-10	-1.657572e-10	-1.6659241e-10	-1.6698951e-10	-1.6689453e-10	-1.6767532e-10	-1.6711413e-10	-1.6727708e-10	-1.6734736e-10	-1.6726462e-10	-1.673465e-10	-1.6718353e-10	-1.6733079e-10	-1.6756588e-10	-1.6802115e-10	-1.6750204e-10
	232.222222222222	-1.6849358e-10	-1.6843667e-10	-1.6850446e-10	-1.6909668e-10	-1.6993543e-10	-1.7093051e-10	-1.6999568e-10	-1.7004427e-10	-1.7003018e-10	-1.6962069e-10	-1.6982783e-10	-1.6992074e-10	-1.6991306e-10	-1.7004363e-10	-1.7034039e-10	-1.6897538e-10	-1.6932299e-10	-1.7017936e-10	-1.707274e-10	-1.714021e-10	-1.7064383e-10	-1.6070972e-10	-1.5743307e-10	-1.5759841e-10	-1.5883821e-10	-1.5952849e-10	-1.6039364e-10	-1.6129988e-10	-1.6248669e-10	-1.6280718e-10	-1.6466119e-10	-1.6559744e-10	-1.659176e-10	-1.6600701e-10	-1.6670053e-10	-1.6661392e-10	-1.6699463e-10	-1.6724078e-10	-1.6725961e-10	-1.6771264e-10	-1.6656913e-10	-1.6747315e-10	-1.6873347e-10	-1.675461e-10	-1.6786086e-10	-1.6818344e-10	-1.6812751e-10	-1.6798293e-10	-1.681013e-10	-1.6759762e-10	-1.675539e-10
	231.111111111111	-1.681193e-10	-1.6916729e-10	-1.6878074e-10	-1.6917832e-10	-1.6917226e-10	-1.6904862e-10	-1.6882333e-10	-1.6889989e-10	-1.6848119e-10	-1.6965594e-10	-1.6965662e-10	-1.69597e-10	-1.6921659e-10	-1.6922262e-10	-1.7048113e-10	-1.7024089e-10	-1.7092e-10	-1.7091543e-10	-1.688808e-10	-1.6891191e-10	-1.6480517e-10	-1.5588152e-10	-1.5632132e-10	-1.5806464e-10	-1.5832492e-10	-1.5941329e-10	-1.5967085e-10	-1.6071763e-10	-1.6259356e-10	-1.6475252e-10	-1.6625411e-10	-1.6678933e-10	-1.6720636e-10	-1.6776597e-10	-1.67918e-10	-1.6811764e-10	-1.6819553e-10	-1.6802387e-10	-1.6802032e-10	-1.6777391e-10	-1.6780546e-10	-1.6825506e-10	-1.6835039e-10	-1.6791488e-10	-1.6736966e-10	-1.6723739e-10	-1.6743447e-10	-1.6742882e-10	-1.6728055e-10	-1.676024e-10	-1.6717999e-10
	230	-1.6791611e-10	-1.6737063e-10	-1.677581e-10	-1.6565228e-10	-1.6711782e-10	-1.6787981e-10	-1.6773637e-10	-1.6858788e-10	-1.6784084e-10	-1.6794681e-10	-1.6789262e-10	-1.6823333e-10	-1.6802172e-10	-1.6859839e-10	-1.6927508e-10	-1.6873396e-10	-1.6880898e-10	-1.6846029e-10	-1.6800289e-10	-1.6897021e-10	-1.6956962e-10	-1.6200029e-10	-1.5703913e-10	-1.5800522e-10	-1.5910959e-10	-1.6037435e-10	-1.6030709e-10	-1.6138488e-10	-1.623917e-10	-1.6334992e-10	-1.6523811e-10	-1.6445952e-10	-1.6422545e-10	-1.6491973e-10	-1.6557612e-10	-1.6615373e-10	-1.6637484e-10	-1.6649652e-10	-1.6576021e-10	-1.6620427e-10	-1.6695516e-10	-1.6679243e-10	-1.6764688e-10	-1.6688816e-10	-1.6662224e-10	-1.6703915e-10	-1.6675406e-10	-1.6681612e-10	-1.6760519e-10	-1.6715439e-10	-1.6757958e-10
	228.888888888889	-1.6763148e-10	-1.6780076e-10	-1.682644e-10	-1.6798243e-10	-1.6826648e-10	-1.6805743e-10	-1.6746038e-10	-1.6779018e-10	-1.6799757e-10	-1.6833793e-10	-1.6840838e-10	-1.6920217e-10	-1.6900034e-10	-1.6795178e-10	-1.6794874e-10	-1.6821981e-10	-1.6821658e-10	-1.6891673e-10	-1.6887244e-10	-1.6884627e-10	-1.5968678e-10	-1.5396502e-10	-1.5474765e-10	-1.5678417e-10	-1.58176e-10	-1.5916073e-10	-1.5769552e-10	-1.5937332e-10	-1.6074818e-10	-1.6294972e-10	-1.6383103e-10	-1.6451408e-10	-1.6483044e-10	-1.646813e-10	-1.6549757e-10	-1.6562761e-10	-1.6590863e-10	-1.6621286e-10	-1.6658887e-10	-1.6600794e-10	-1.6583106e-10	-1.6589399e-10	-1.6567769e-10	-1.6651551e-10	-1.668633e-10	-1.668148e-10	-1.6669029e-10	-1.6710806e-10	-1.6693727e-10	-1.6733787e-10	-1.6725483e-10
	227.777777777778	-1.6796557e-10	-1.6835043e-10	-1.6800616e-10	-1.6829209e-10	-1.6747108e-10	-1.664168e-10	-1.6803106e-10	-1.6800089e-10	-1.6846224e-10	-1.6763547e-10	-1.6866097e-10	-1.6766831e-10	-1.6806055e-10	-1.6842658e-10	-1.6830583e-10	-1.6792347e-10	-1.6898268e-10	-1.6901326e-10	-1.691723e-10	-1.6879136e-10	-1.6660258e-10	-1.5668504e-10	-1.5714424e-10	-1.5716224e-10	-1.5811594e-10	-1.6022571e-10	-1.6134394e-10	-1.6108359e-10	-1.6234075e-10	-1.6298178e-10	-1.642685e-10	-1.6619335e-10	-1.6683642e-10	-1.6738645e-10	-1.6779753e-10	-1.6709589e-10	-1.6635959e-10	-1.6662356e-10	-1.6682609e-10	-1.6676278e-10	-1.6676663e-10	-1.6638836e-10	-1.6615351e-10	-1.666275e-10	-1.6674083e-10	-1.6670731e-10	-1.6620515e-10	-1.6628197e-10	-1.6632483e-10	-1.6697893e-10	-1.6711789e-10
	226.666666666667	-1.6775828e-10	-1.6800063e-10	-1.6703952e-10	-1.6758907e-10	-1.6663132e-10	-1.6751138e-10	-1.6811402e-10	-1.6769776e-10	-1.6731931e-10	-1.6662578e-10	-1.6819338e-10	-1.6833529e-10	-1.6771207e-10	-1.677825e-10	-1.6793653e-10	-1.6700273e-10	-1.582998e-10	-1.5312487e-10	-1.5413962e-10	-1.546141e-10	-1.5413905e-10	-1.5497979e-10	-1.5598406e-10	-1.5738155e-10	-1.5868025e-10	-1.5932497e-10	-1.6007781e-10	-1.6104547e-10	-1.6225259e-10	-1.6245011e-10	-1.6323497e-10	-1.6440363e-10	-1.6530195e-10	-1.6634012e-10	-1.66387e-10	-1.6604425e-10	-1.6642429e-10	-1.6690228e-10	-1.6719581e-10	-1.6724734e-10	-1.6752483e-10	-1.6651604e-10	-1.6601491e-10	-1.664241e-10	-1.6658212e-10	-1.6723042e-10	-1.6640776e-10	-1.6706374e-10	-1.6723957e-10	-1.6745624e-10	-1.6716406e-10
	225.555555555556	-1.6655193e-10	-1.6709308e-10	-1.6749864e-10	-1.67641e-10	-1.6771863e-10	-1.6704879e-10	-1.6641857e-10	-1.6661576e-10	-1.6675676e-10	-1.6654861e-10	-1.6705708e-10	-1.6728692e-10	-1.6706062e-10	-1.6751837e-10	-1.6736905e-10	-1.6692055e-10	-1.683107e-10	-1.6861491e-10	-1.6812333e-10	-1.682304e-10	-1.6360714e-10	-1.5557823e-10	-1.5604842e-10	-1.5783454e-10	-1.5763836e-10	-1.5856068e-10	-1.5938804e-10	-1.6013728e-10	-1.6085061e-10	-1.6306775e-10	-1.6410931e-10	-1.6431408e-10	-1.6433395e-10	-1.6448852e-10	-1.641426e-10	-1.6409085e-10	-1.6301402e-10	-1.6448591e-10	-1.6525119e-10	-1.6456742e-10	-1.6458893e-10	-1.6468725e-10	-1.6516891e-10	-1.6579144e-10	-1.6617979e-10	-1.6631371e-10	-1.6521959e-10	-1.6531088e-10	-1.655884e-10	-1.6617087e-10	-1.6601148e-10
	224.444444444444	-1.6652782e-10	-1.6677473e-10	-1.6761201e-10	-1.671774e-10	-1.670431e-10	-1.6787796e-10	-1.6716643e-10	-1.6720346e-10	-1.6663165e-10	-1.6634882e-10	-1.6674973e-10	-1.6780084e-10	-1.675496e-10	-1.666718e-10	-1.6644158e-10	-1.6775063e-10	-1.6815914e-10	-1.6831736e-10	-1.6791532e-10	-1.680906e-10	-1.5810693e-10	-1.5405763e-10	-1.5528831e-10	-1.5610059e-10	-1.5714793e-10	-1.584942e-10	-1.5862515e-10	-1.5999213e-10	-1.6185571e-10	-1.632465e-10	-1.6370713e-10	-1.6414935e-10	-1.6417269e-10	-1.6539047e-10	-1.656255e-10	-1.6660084e-10	-1.6655946e-10	-1.664914e-10	-1.6563736e-10	-1.6542888e-10	-1.6681465e-10	-1.6569261e-10	-1.6461701e-10	-1.6571175e-10	-1.6566848e-10	-1.6527824e-10	-1.6519161e-10	-1.6525536e-10	-1.6600792e-10	-1.6618933e-10	-1.6613076e-10
	223.333333333333	-1.6646345e-10	-1.6599676e-10	-1.6730771e-10	-1.6707455e-10	-1.663376e-10	-1.6625587e-10	-1.6697256e-10	-1.6701368e-10	-1.6675258e-10	-1.6703862e-10	-1.6745214e-10	-1.6770718e-10	-1.6745952e-10	-1.6748573e-10	-1.6671683e-10	-1.6682963e-10	-1.6697591e-10	-1.6743851e-10	-1.6789868e-10	-1.6721867e-10	-1.6469663e-10	-1.5524022e-10	-1.5581496e-10	-1.567879e-10	-1.5694239e-10	-1.5835139e-10	-1.5893838e-10	-1.5954514e-10	-1.6055471e-10	-1.6175192e-10	-1.62374e-10	-1.6401304e-10	-1.6408791e-10	-1.6377676e-10	-1.6354432e-10	-1.6423e-10	-1.6462538e-10	-1.6365639e-10	-1.6449936e-10	-1.6459735e-10	-1.6406114e-10	-1.6486958e-10	-1.6498071e-10	-1.6551116e-10	-1.6581177e-10	-1.6540361e-10	-1.659196e-10	-1.6555982e-10	-1.6479097e-10	-1.6461472e-10	-1.663359e-10
	222.222222222222	-1.6715428e-10	-1.6702513e-10	-1.675392e-10	-1.6708648e-10	-1.6706961e-10	-1.669038e-10	-1.6665816e-10	-1.6696709e-10	-1.6680553e-10	-1.6687796e-10	-1.6674863e-10	-1.6704559e-10	-1.6731516e-10	-1.674649e-10	-1.669427e-10	-1.6639073e-10	-1.6673175e-10	-1.6676682e-10	-1.6768235e-10	-1.6726376e-10	-1.6731701e-10	-1.5627281e-10	-1.552966e-10	-1.5658964e-10	-1.5794055e-10	-1.5866058e-10	-1.5932317e-10	-1.5968682e-10	-1.603179e-10	-1.6136996e-10	-1.620195e-10	-1.6272315e-10	-1.6374102e-10	-1.6437357e-10	-1.6457009e-10	-1.6450848e-10	-1.6456463e-10	-1.6424628e-10	-1.6415115e-10	-1.6417032e-10	-1.6413111e-10	-1.6471222e-10	-1.6428914e-10	-1.6412942e-10	-1.6406242e-10	-1.6474001e-10	-1.6432142e-10	-1.6443504e-10	-1.6421352e-10	-1.6455386e-10	-1.6416581e-10
	221.111111111111	-1.6515429e-10	-1.654015e-10	-1.6539803e-10	-1.6608628e-10	-1.6602844e-10	-1.6543231e-10	-1.6608406e-10	-1.6554351e-10	-1.6573261e-10	-1.6555074e-10	-1.6547455e-10	-1.6555349e-10	-1.649383e-10	-1.6516638e-10	-1.6521552e-10	-1.6607356e-10	-1.6594505e-10	-1.6577291e-10	-1.6583027e-10	-1.6612779e-10	-1.5490725e-10	-1.5450369e-10	-1.5523156e-10	-1.554426e-10	-1.5565728e-10	-1.5712884e-10	-1.5691866e-10	-1.5884939e-10	-1.5893879e-10	-1.6073172e-10	-1.6140567e-10	-1.6148845e-10	-1.6224753e-10	-1.6295192e-10	-1.6307325e-10	-1.634258e-10	-1.6361712e-10	-1.6343266e-10	-1.6287942e-10	-1.6368912e-10	-1.6289388e-10	-1.6389626e-10	-1.635555e-10	-1.6325817e-10	-1.6302323e-10	-1.6301563e-10	-1.6268437e-10	-1.6287573e-10	-1.6330705e-10	-1.6340268e-10	-1.6311309e-10
	220	-1.6401741e-10	-1.6369255e-10	-1.6440393e-10	-1.6400943e-10	-1.6401767e-10	-1.6400668e-10	-1.631085e-10	-1.6318187e-10	-1.6269076e-10	-1.641641e-10	-1.6397923e-10	-1.6399218e-10	-1.6388048e-10	-1.6369696e-10	-1.6374858e-10	-1.6361305e-10	-1.6372867e-10	-1.6423785e-10	-1.6396265e-10	-1.6405688e-10	-1.5538412e-10	-1.533049e-10	-1.5397816e-10	-1.5477078e-10	-1.5524933e-10	-1.55768e-10	-1.5578878e-10	-1.575084e-10	-1.5828273e-10	-1.5880777e-10	-1.5967601e-10	-1.5928414e-10	-1.5916404e-10	-1.5918582e-10	-1.5989166e-10	-1.6022868e-10	-1.6057534e-10	-1.6172157e-10	-1.6154686e-10	-1.6113477e-10	-1.5981565e-10	-1.609444e-10	-1.6122975e-10	-1.6187368e-10	-1.6170786e-10	-1.6206522e-10	-1.6185168e-10	-1.6143149e-10	-1.612636e-10	-1.6163197e-10	-1.6235122e-10
	218.888888888889	-1.6353419e-10	-1.6374083e-10	-1.6400849e-10	-1.6428989e-10	-1.6397128e-10	-1.6467222e-10	-1.6394887e-10	-1.6321192e-10	-1.6375827e-10	-1.6255293e-10	-1.6295108e-10	-1.6404016e-10	-1.6384376e-10	-1.6343789e-10	-1.6363044e-10	-1.6393234e-10	-1.6409527e-10	-1.6401316e-10	-1.6369843e-10	-1.6405635e-10	-1.5738753e-10	-1.5348846e-10	-1.5336997e-10	-1.538213e-10	-1.5603438e-10	-1.5703687e-10	-1.574751e-10	-1.5816863e-10	-1.5922555e-10	-1.6005582e-10	-1.6015987e-10	-1.6162752e-10	-1.6043258e-10	-1.6133411e-10	-1.6051825e-10	-1.6153161e-10	-1.6132183e-10	-1.6220279e-10	-1.6233039e-10	-1.6202929e-10	-1.6194467e-10	-1.624674e-10	-1.6142769e-10	-1.6173399e-10	-1.6204237e-10	-1.6181846e-10	-1.6253583e-10	-1.6251166e-10	-1.6217915e-10	-1.6183312e-10	-1.6234421e-10
	217.777777777778	-1.6157556e-10	-1.6353095e-10	-1.6328687e-10	-1.6245388e-10	-1.6182698e-10	-1.6218991e-10	-1.6172726e-10	-1.6293975e-10	-1.6410204e-10	-1.63992e-10	-1.6312093e-10	-1.6383345e-10	-1.6330898e-10	-1.6345848e-10	-1.6395607e-10	-1.6371454e-10	-1.642395e-10	-1.6412403e-10	-1.6442976e-10	-1.642229e-10	-1.581113e-10	-1.5358272e-10	-1.5351843e-10	-1.5445209e-10	-1.5485475e-10	-1.5531343e-10	-1.5659903e-10	-1.5784535e-10	-1.5813613e-10	-1.589873e-10	-1.5921481e-10	-1.6043755e-10	-1.603075e-10	-1.6085581e-10	-1.6059719e-10	-1.6102608e-10	-1.6116776e-10	-1.6081815e-10	-1.6072961e-10	-1.6145202e-10	-1.6126485e-10	-1.6204342e-10	-1.6231126e-10	-1.6275603e-10	-1.6196079e-10	-1.6195724e-10	-1.620654e-10	-1.6297801e-10	-1.6286555e-10	-1.6241576e-10	-1.6229054e-10
	216.666666666667	-1.6274214e-10	-1.6296479e-10	-1.6316726e-10	-1.631152e-10	-1.6367907e-10	-1.6311129e-10	-1.6263446e-10	-1.6291847e-10	-1.630516e-10	-1.6304215e-10	-1.6269891e-10	-1.6350364e-10	-1.6344229e-10	-1.6326349e-10	-1.6372155e-10	-1.6358284e-10	-1.6364499e-10	-1.6357508e-10	-1.639433e-10	-1.6412399e-10	-1.566466e-10	-1.5348525e-10	-1.5399884e-10	-1.5425888e-10	-1.5487356e-10	-1.5507165e-10	-1.5600669e-10	-1.5612826e-10	-1.5658362e-10	-1.5762548e-10	-1.5827785e-10	-1.5847093e-10	-1.5893789e-10	-1.5900037e-10	-1.593487e-10	-1.5905841e-10	-1.5947388e-10	-1.6091524e-10	-1.611408e-10	-1.6060363e-10	-1.6027828e-10	-1.6087713e-10	-1.6087773e-10	-1.6073398e-10	-1.6021448e-10	-1.610132e-10	-1.611344e-10	-1.6119951e-10	-1.614797e-10	-1.6113266e-10	-1.6095057e-10
	215.555555555556	-1.6174706e-10	-1.6128029e-10	-1.6141723e-10	-1.6122004e-10	-1.6105595e-10	-1.6186474e-10	-1.6262641e-10	-1.6529454e-10	-1.6555021e-10	-1.6526196e-10	-1.6549975e-10	-1.624987e-10	-1.6284857e-10	-1.6268971e-10	-1.6190234e-10	-1.6073311e-10	-1.6143158e-10	-1.6182077e-10	-1.6321519e-10	-1.6294374e-10	-1.6198895e-10	-1.5634927e-10	-1.5297431e-10	-1.5323141e-10	-1.54527e-10	-1.5445741e-10	-1.5569908e-10	-1.5499535e-10	-1.5640052e-10	-1.5744354e-10	-1.5765418e-10	-1.6126463e-10	-1.6247463e-10	-1.5929258e-10	-1.5959266e-10	-1.6019339e-10	-1.6026946e-10	-1.5949803e-10	-1.5917112e-10	-1.5887518e-10	-1.5817446e-10	-1.594555e-10	-1.6007627e-10	-1.5984612e-10	-1.5898384e-10	-1.5893974e-10	-1.5914529e-10	-1.6049174e-10	-1.5974207e-10	-1.6024206e-10	-1.6076712e-10
	214.444444444444	-1.6059505e-10	-1.6022156e-10	-1.5978963e-10	-1.6016244e-10	-1.6051709e-10	-1.6009144e-10	-1.5990544e-10	-1.602083e-10	-1.6065527e-10	-1.605213e-10	-1.6058477e-10	-1.6065911e-10	-1.5990065e-10	-1.6022951e-10	-1.6050127e-10	-1.6055321e-10	-1.5917802e-10	-1.5954317e-10	-1.6007307e-10	-1.6010157e-10	-1.5494835e-10	-1.5095339e-10	-1.5040116e-10	-1.515488e-10	-1.5237003e-10	-1.542993e-10	-1.5457727e-10	-1.5381434e-10	-1.5556663e-10	-1.5544713e-10	-1.5713765e-10	-1.5750007e-10	-1.5798085e-10	-1.5837907e-10	-1.5871622e-10	-1.5895424e-10	-1.5826034e-10	-1.5894211e-10	-1.5860907e-10	-1.5806069e-10	-1.5836744e-10	-1.5839863e-10	-1.5937844e-10	-1.5934715e-10	-1.5891623e-10	-1.5990077e-10	-1.5894941e-10	-1.5845902e-10	-1.5946006e-10	-1.5951018e-10	-1.6002034e-10
	213.333333333333	-1.6046768e-10	-1.6051581e-10	-1.6046459e-10	-1.5997688e-10	-1.5941716e-10	-1.6016846e-10	-1.6020002e-10	-1.5914767e-10	-1.5989023e-10	-1.6029889e-10	-1.5972697e-10	-1.6003977e-10	-1.6044911e-10	-1.6147424e-10	-1.6113315e-10	-1.6038837e-10	-1.6007759e-10	-1.5969152e-10	-1.5973328e-10	-1.5923476e-10	-1.5404317e-10	-1.5103996e-10	-1.505492e-10	-1.5166619e-10	-1.5244984e-10	-1.5273366e-10	-1.5374217e-10	-1.5490417e-10	-1.5526383e-10	-1.5568745e-10	-1.5667148e-10	-1.5753167e-10	-1.5830959e-10	-1.580152e-10	-1.5895552e-10	-1.5908345e-10	-1.5861001e-10	-1.5836323e-10	-1.5867946e-10	-1.5742629e-10	-1.5811651e-10	-1.5805561e-10	-1.5820903e-10	-1.5817721e-10	-1.5796066e-10	-1.5715253e-10	-1.575096e-10	-1.5692073e-10	-1.5776072e-10	-1.585618e-10	-1.5760947e-10
	212.222222222222	-1.5848645e-10	-1.5854437e-10	-1.5878446e-10	-1.5925515e-10	-1.594686e-10	-1.5859419e-10	-1.5905957e-10	-1.5843621e-10	-1.5974723e-10	-1.5957342e-10	-1.5893035e-10	-1.5857626e-10	-1.5772396e-10	-1.5701793e-10	-1.580764e-10	-1.5750459e-10	-1.5830161e-10	-1.5814158e-10	-1.5796639e-10	-1.5784447e-10	-1.5841067e-10	-1.5400139e-10	-1.5096419e-10	-1.5160477e-10	-1.5111992e-10	-1.5174829e-10	-1.5217864e-10	-1.5288562e-10	-1.5466976e-10	-1.5455377e-10	-1.5553905e-10	-1.566524e-10	-1.5662709e-10	-1.5710752e-10	-1.5670523e-10	-1.5723267e-10	-1.5708056e-10	-1.5710225e-10	-1.5612465e-10	-1.5695044e-10	-1.5609196e-10	-1.5595604e-10	-1.5686664e-10	-1.5693857e-10	-1.5718417e-10	-1.5578491e-10	-1.5553285e-10	-1.5671638e-10	-1.5663952e-10	-1.5718055e-10	-1.5666607e-10
	211.111111111111	-1.5670998e-10	-1.561262e-10	-1.5651079e-10	-1.5656397e-10	-1.5670121e-10	-1.5620465e-10	-1.5689003e-10	-1.5727128e-10	-1.564219e-10	-1.5659465e-10	-1.5646695e-10	-1.5649e-10	-1.5728356e-10	-1.56546e-10	-1.5668776e-10	-1.5613855e-10	-1.5653712e-10	-1.5729475e-10	-1.5812046e-10	-1.5739289e-10	-1.5693971e-10	-1.5170942e-10	-1.4921461e-10	-1.501175e-10	-1.5102912e-10	-1.515575e-10	-1.5123088e-10	-1.5159438e-10	-1.5209135e-10	-1.5287602e-10	-1.5355256e-10	-1.545523e-10	-1.5549873e-10	-1.5460586e-10	-1.5489005e-10	-1.5479634e-10	-1.5461135e-10	-1.5450101e-10	-1.5415916e-10	-1.5504212e-10	-1.5428604e-10	-1.5420627e-10	-1.5494327e-10	-1.5451336e-10	-1.5468675e-10	-1.5458476e-10	-1.5355903e-10	-1.5362429e-10	-1.546164e-10	-1.5470732e-10	-1.5479133e-10
	210	-1.5249881e-10	-1.5328852e-10	-1.5373006e-10	-1.5409624e-10	-1.5443108e-10	-1.5435922e-10	-1.5512459e-10	-1.5450279e-10	-1.5421464e-10	-1.5506224e-10	-1.5485051e-10	-1.5488734e-10	-1.5425866e-10	-1.5459935e-10	-1.539724e-10	-1.5347246e-10	-1.5412654e-10	-1.5448952e-10	-1.5482489e-10	-1.541865e-10	-1.5370422e-10	-1.4931283e-10	-1.4842343e-10	-1.4842604e-10	-1.4881947e-10	-1.5021119e-10	-1.5071988e-10	-1.5039438e-10	-1.5073788e-10	-1.5208404e-10	-1.529501e-10	-1.5332995e-10	-1.5330606e-10	-1.5385362e-10	-1.5314344e-10	-1.5397755e-10	-1.5456032e-10	-1.5486805e-10	-1.5395979e-10	-1.5387677e-10	-1.537325e-10	-1.534978e-10	-1.5341629e-10	-1.5325213e-10	-1.5400953e-10	-1.5391116e-10	-1.5399944e-10	-1.5419882e-10	-1.5374056e-10	-1.5339273e-10	-1.5398724e-10
	208.888888888889	-1.5448041e-10	-1.541102e-10	-1.540664e-10	-1.5413235e-10	-1.5414241e-10	-1.5438968e-10	-1.5416168e-10	-1.5500948e-10	-1.5396313e-10	-1.5306123e-10	-1.5455039e-10	-1.535161e-10	-1.5363605e-10	-1.5351034e-10	-1.5333905e-10	-1.5327048e-10	-1.5232364e-10	-1.5306229e-10	-1.5294595e-10	-1.5346782e-10	-1.5391546e-10	-1.4974585e-10	-1.4769601e-10	-1.4745408e-10	-1.4816022e-10	-1.4903848e-10	-1.496803e-10	-1.4975192e-10	-1.4949267e-10	-1.49028e-10	-1.4956689e-10	-1.5053572e-10	-1.5051801e-10	-1.5086597e-10	-1.5159664e-10	-1.5131922e-10	-1.5146516e-10	-1.517635e-10	-1.5195434e-10	-1.5218486e-10	-1.5159833e-10	-1.5206141e-10	-1.5175131e-10	-1.5152421e-10	-1.5153573e-10	-1.5249613e-10	-1.528155e-10	-1.5175669e-10	-1.5183103e-10	-1.5211579e-10	-1.5094084e-10
	207.777777777778	-1.5207918e-10	-1.5308171e-10	-1.5163833e-10	-1.5201214e-10	-1.519766e-10	-1.5161712e-10	-1.5145969e-10	-1.5162314e-10	-1.5167417e-10	-1.5166046e-10	-1.5105465e-10	-1.5113344e-10	-1.5063496e-10	-1.5073834e-10	-1.5189811e-10	-1.5155988e-10	-1.5004978e-10	-1.5093601e-10	-1.5147156e-10	-1.511998e-10	-1.4892086e-10	-1.462043e-10	-1.4698587e-10	-1.4732264e-10	-1.4602025e-10	-1.4709407e-10	-1.4741529e-10	-1.4816398e-10	-1.4835093e-10	-1.4863516e-10	-1.4889788e-10	-1.4961714e-10	-1.4952987e-10	-1.4965294e-10	-1.5014273e-10	-1.4998745e-10	-1.4946742e-10	-1.4866439e-10	-1.4997469e-10	-1.5065367e-10	-1.5009652e-10	-1.5011276e-10	-1.5075891e-10	-1.4975576e-10	-1.5024954e-10	-1.4995009e-10	-1.4990557e-10	-1.5001479e-10	-1.4956596e-10	-1.4940299e-10	-1.492992e-10
	206.666666666667	-1.4962885e-10	-1.5030742e-10	-1.5011674e-10	-1.5029371e-10	-1.4950788e-10	-1.4974605e-10	-1.5009911e-10	-1.504146e-10	-1.5011935e-10	-1.4945953e-10	-1.5031529e-10	-1.4977844e-10	-1.5048827e-10	-1.5007742e-10	-1.4978593e-10	-1.4931339e-10	-1.498669e-10	-1.4999921e-10	-1.4947771e-10	-1.4939545e-10	-1.4998165e-10	-1.4455934e-10	-1.4513958e-10	-1.4465805e-10	-1.4489945e-10	-1.460065e-10	-1.4644992e-10	-1.4680412e-10	-1.4689756e-10	-1.4740854e-10	-1.4705166e-10	-1.4745412e-10	-1.4748032e-10	-1.4816101e-10	-1.4809592e-10	-1.4842019e-10	-1.4816207e-10	-1.4817765e-10	-1.4836449e-10	-1.477922e-10	-1.4765718e-10	-1.4826364e-10	-1.4792036e-10	-1.4756178e-10	-1.4769827e-10	-1.4742538e-10	-1.4727293e-10	-1.4728919e-10	-1.4718186e-10	-1.4713455e-10	-1.4706827e-10
	205.555555555556	-1.4731032e-10	-1.4760415e-10	-1.4799567e-10	-1.5013324e-10	-1.5176715e-10	-1.4705984e-10	-1.4693846e-10	-1.4772546e-10	-1.4790988e-10	-1.4817268e-10	-1.4821294e-10	-1.4771462e-10	-1.4786225e-10	-1.4811766e-10	-1.4790462e-10	-1.4812508e-10	-1.4846667e-10	-1.4819679e-10	-1.4831752e-10	-1.4846305e-10	-1.4837798e-10	-1.4511183e-10	-1.4378285e-10	-1.4311857e-10	-1.4394418e-10	-1.4387708e-10	-1.4439133e-10	-1.4525144e-10	-1.4580144e-10	-1.4663544e-10	-1.464901e-10	-1.4608506e-10	-1.4629167e-10	-1.4602891e-10	-1.4643937e-10	-1.460367e-10	-1.4669189e-10	-1.4659413e-10	-1.4747757e-10	-1.4707768e-10	-1.4601584e-10	-1.4619483e-10	-1.4647583e-10	-1.461393e-10	-1.4602616e-10	-1.4606039e-10	-1.4669603e-10	-1.4622155e-10	-1.4596356e-10	-1.4621458e-10	-1.4575804e-10
	204.444444444444	-1.4633574e-10	-1.4668601e-10	-1.4675761e-10	-1.4607526e-10	-1.4614369e-10	-1.4660426e-10	-1.4617665e-10	-1.4640804e-10	-1.4633061e-10	-1.455267e-10	-1.4517683e-10	-1.46213e-10	-1.461834e-10	-1.4610822e-10	-1.4660531e-10	-1.4636055e-10	-1.4507857e-10	-1.4450172e-10	-1.449233e-10	-1.4499692e-10	-1.4421836e-10	-1.4171024e-10	-1.4203073e-10	-1.4178463e-10	-1.4210406e-10	-1.4258911e-10	-1.4355736e-10	-1.4380028e-10	-1.4409088e-10	-1.4415061e-10	-1.4445678e-10	-1.4482331e-10	-1.452123e-10	-1.452674e-10	-1.4486669e-10	-1.4533323e-10	-1.4484858e-10	-1.4516068e-10	-1.4490537e-10	-1.4494611e-10	-1.4496837e-10	-1.4533606e-10	-1.4527023e-10	-1.451087e-10	-1.4471156e-10	-1.446205e-10	-1.4525331e-10	-1.4484816e-10	-1.4439566e-10	-1.4489844e-10	-1.4411347e-10
	203.333333333333	-1.4504177e-10	-1.4543285e-10	-1.4530363e-10	-1.4508739e-10	-1.4487636e-10	-1.4463372e-10	-1.4522766e-10	-1.4545454e-10	-1.4627091e-10	-1.453889e-10	-1.4553514e-10	-1.4526311e-10	-1.4546245e-10	-1.4519186e-10	-1.4458597e-10	-1.447574e-10	-1.446599e-10	-1.4449855e-10	-1.4352855e-10	-1.4460957e-10	-1.4404139e-10	-1.4125277e-10	-1.4169857e-10	-1.4164291e-10	-1.4187956e-10	-1.4198313e-10	-1.4305392e-10	-1.425461e-10	-1.4289141e-10	-1.4373942e-10	-1.4405607e-10	-1.4316909e-10	-1.4354889e-10	-1.4322742e-10	-1.4343177e-10	-1.4358577e-10	-1.4403363e-10	-1.4391033e-10	-1.4323073e-10	-1.4376247e-10	-1.4423707e-10	-1.4406847e-10	-1.4431899e-10	-1.4437129e-10	-1.4400267e-10	-1.4388754e-10	-1.4384038e-10	-1.4437261e-10	-1.4434534e-10	-1.4481702e-10	-1.4399065e-10
	202.222222222222	-1.4360346e-10	-1.4405878e-10	-1.4405159e-10	-1.442759e-10	-1.4407554e-10	-1.4393413e-10	-1.4431176e-10	-1.4351771e-10	-1.4337342e-10	-1.4386392e-10	-1.4352652e-10	-1.4368552e-10	-1.4396588e-10	-1.4363744e-10	-1.432299e-10	-1.4356716e-10	-1.4368519e-10	-1.4341568e-10	-1.4344363e-10	-1.4413644e-10	-1.4363909e-10	-1.4113542e-10	-1.3945609e-10	-1.4044699e-10	-1.4062117e-10	-1.4047806e-10	-1.4136564e-10	-1.4150288e-10	-1.4122807e-10	-1.4209292e-10	-1.4249668e-10	-1.4248222e-10	-1.4311222e-10	-1.4296568e-10	-1.4321122e-10	-1.4296507e-10	-1.429645e-10	-1.4332383e-10	-1.4331204e-10	-1.4306242e-10	-1.4294553e-10	-1.4305508e-10	-1.4261031e-10	-1.4303882e-10	-1.4259517e-10	-1.4655108e-10	-1.4779777e-10	-1.4535767e-10	-1.4318863e-10	-1.4297415e-10	-1.4258665e-10
	201.111111111111	-1.4285152e-10	-1.4329393e-10	-1.4312949e-10	-1.4187734e-10	-1.4235199e-10	-1.438188e-10	-1.4314969e-10	-1.4279639e-10	-1.4329329e-10	-1.4275582e-10	-1.4252112e-10	-1.4224594e-10	-1.4255076e-10	-1.4213265e-10	-1.4255175e-10	-1.4246158e-10	-1.4208011e-10	-1.4212037e-10	-1.4153602e-10	-1.4196942e-10	-1.4243515e-10	-1.3898695e-10	-1.3841348e-10	-1.3877284e-10	-1.3975794e-10	-1.3962831e-10	-1.4030507e-10	-1.4070033e-10	-1.4031885e-10	-1.4182873e-10	-1.416017e-10	-1.4177239e-10	-1.4186993e-10	-1.4256549e-10	-1.4242701e-10	-1.4321845e-10	-1.4300212e-10	-1.4287468e-10	-1.4183577e-10	-1.4222458e-10	-1.4267938e-10	-1.4228405e-10	-1.4247664e-10	-1.4249725e-10	-1.4154522e-10	-1.4221581e-10	-1.4214402e-10	-1.4187919e-10	-1.4220308e-10	-1.4278095e-10	-1.4290978e-10
	200	-1.4300634e-10	-1.423254e-10	-1.4305071e-10	-1.4323948e-10	-1.4310171e-10	-1.42775e-10	-1.4314584e-10	-1.4270646e-10	-1.4246664e-10	-1.4288327e-10	-1.4291909e-10	-1.4352591e-10	-1.437616e-10	-1.4275775e-10	-1.4280487e-10	-1.4273083e-10	-1.4264635e-10	-1.4311734e-10	-1.4301407e-10	-1.4239161e-10	-1.4259423e-10	-1.4055285e-10	-1.3902088e-10	-1.3937493e-10	-1.3979361e-10	-1.4018084e-10	-1.4155775e-10	-1.4122352e-10	-1.4152134e-10	-1.4200324e-10	-1.4182364e-10	-1.4229015e-10	-1.4242069e-10	-1.417957e-10	-1.4245816e-10	-1.4213386e-10	-1.4160818e-10	-1.4207191e-10	-1.4225113e-10	-1.4114786e-10	-1.4180135e-10	-1.4132588e-10	-1.4220179e-10	-1.4196841e-10	-1.415129e-10	-1.4232661e-10	-1.421314e-10	-1.4202337e-10	-1.4259148e-10	-1.4280271e-10	-1.4308268e-10
	198.888888888889	-1.4249123e-10	-1.4269048e-10	-1.4276999e-10	-1.4224033e-10	-1.4188518e-10	-1.4212376e-10	-1.4236808e-10	-1.4199636e-10	-1.4218594e-10	-1.419283e-10	-1.4240915e-10	-1.4236362e-10	-1.4205714e-10	-1.4199456e-10	-1.4153166e-10	-1.4166615e-10	-1.421247e-10	-1.416718e-10	-1.4221704e-10	-1.4260933e-10	-1.4213193e-10	-1.4064387e-10	-1.3870309e-10	-1.3939112e-10	-1.3998849e-10	-1.4021537e-10	-1.4122238e-10	-1.4142218e-10	-1.4137792e-10	-1.419358e-10	-1.4280095e-10	-1.4308378e-10	-1.4309372e-10	-1.4306446e-10	-1.4325337e-10	-1.4324267e-10	-1.4326636e-10	-1.4219984e-10	-1.4252097e-10	-1.4238177e-10	-1.4183796e-10	-1.4252598e-10	-1.4231769e-10	-1.4240324e-10	-1.4217705e-10	-1.4207936e-10	-1.4205284e-10	-1.4261814e-10	-1.4289743e-10	-1.4312988e-10	-1.4234901e-10
	197.777777777778	-1.4205315e-10	-1.4171841e-10	-1.4216481e-10	-1.4196129e-10	-1.4330895e-10	-1.4325766e-10	-1.4320214e-10	-1.4332296e-10	-1.4243631e-10	-1.4310751e-10	-1.4322599e-10	-1.4296597e-10	-1.4383113e-10	-1.4307248e-10	-1.4262774e-10	-1.4261715e-10	-1.4254327e-10	-1.4240328e-10	-1.4219625e-10	-1.4277779e-10	-1.4345466e-10	-1.4166954e-10	-1.3970149e-10	-1.4019827e-10	-1.4028327e-10	-1.4064271e-10	-1.4081587e-10	-1.4131628e-10	-1.4186168e-10	-1.4194314e-10	-1.4224785e-10	-1.4213125e-10	-1.421934e-10	-1.4300311e-10	-1.4231613e-10	-1.4204618e-10	-1.4126064e-10	-1.4264737e-10	-1.4310954e-10	-1.4319503e-10	-1.4325781e-10	-1.4307486e-10	-1.4251028e-10	-1.428609e-10	-1.4245315e-10	-1.4293072e-10	-1.4362436e-10	-1.4346099e-10	-1.4342676e-10	-1.4355379e-10	-1.4307568e-10
	196.666666666667	-1.4339467e-10	-1.4351281e-10	-1.4339399e-10	-1.4447493e-10	-1.4425726e-10	-1.4434105e-10	-1.4393552e-10	-1.4404128e-10	-1.4395894e-10	-1.4430418e-10	-1.4343207e-10	-1.4389576e-10	-1.4315962e-10	-1.4364757e-10	-1.4390532e-10	-1.4347251e-10	-1.4384416e-10	-1.4406888e-10	-1.4359725e-10	-1.4350057e-10	-1.433883e-10	-1.4092603e-10	-1.4062117e-10	-1.4145497e-10	-1.4214085e-10	-1.4212474e-10	-1.4188495e-10	-1.420382e-10	-1.4273384e-10	-1.4309365e-10	-1.4343146e-10	-1.4423183e-10	-1.4429959e-10	-1.4426269e-10	-1.4494525e-10	-1.4436843e-10	-1.4419742e-10	-1.4425895e-10	-1.4367893e-10	-1.4367697e-10	-1.4428328e-10	-1.4377968e-10	-1.4442968e-10	-1.4455327e-10	-1.449794e-10	-1.4507887e-10	-1.448154e-10	-1.4477254e-10	-1.4527449e-10	-1.4524254e-10	-1.4498307e-10
	195.555555555556	-1.4498333e-10	-1.4571636e-10	-1.4575006e-10	-1.4513811e-10	-1.4491301e-10	-1.4486352e-10	-1.4540291e-10	-1.4521581e-10	-1.4522876e-10	-1.4522933e-10	-1.4504704e-10	-1.4438406e-10	-1.4473751e-10	-1.4535613e-10	-1.4495501e-10	-1.4518096e-10	-1.4503417e-10	-1.457295e-10	-1.4638228e-10	-1.4505609e-10	-1.4536136e-10	-1.4379885e-10	-1.4145136e-10	-1.4229218e-10	-1.4210211e-10	-1.4268668e-10	-1.4386313e-10	-1.4416947e-10	-1.4399443e-10	-1.4480755e-10	-1.444526e-10	-1.4484952e-10	-1.4427191e-10	-1.4481302e-10	-1.4417707e-10	-1.4431752e-10	-1.4493833e-10	-1.4473582e-10	-1.4505187e-10	-1.4395778e-10	-1.4527049e-10	-1.4530299e-10	-1.4501843e-10	-1.4636022e-10	-1.4609274e-10	-1.460535e-10	-1.4633562e-10	-1.4641931e-10	-1.4563128e-10	-1.4634172e-10	-1.4593204e-10
	194.444444444444	-1.4621615e-10	-1.4557099e-10	-1.4557788e-10	-1.4583894e-10	-1.4634007e-10	-1.4653244e-10	-1.4628181e-10	-1.4589792e-10	-1.46039e-10	-1.4524003e-10	-1.4536145e-10	-1.4574106e-10	-1.4629728e-10	-1.4602707e-10	-1.4651345e-10	-1.464065e-10	-1.4604566e-10	-1.4568484e-10	-1.4634974e-10	-1.4629539e-10	-1.4422788e-10	-1.426375e-10	-1.4321819e-10	-1.4301305e-10	-1.4354301e-10	-1.4392015e-10	-1.4383207e-10	-1.4508633e-10	-1.4539854e-10	-1.4523076e-10	-1.4538727e-10	-1.4621265e-10	-1.4617013e-10	-1.4669875e-10	-1.4662241e-10	-1.4617747e-10	-1.4583529e-10	-1.4477333e-10	-1.4525212e-10	-1.4525056e-10	-1.4604454e-10	-1.4586761e-10	-1.4614283e-10	-1.4616558e-10	-1.46669e-10	-1.4678973e-10	-1.4685443e-10	-1.4678909e-10	-1.47257e-10	-1.46683e-10	-1.4634101e-10
	193.333333333333	-1.4708489e-10	-1.4714913e-10	-1.4734391e-10	-1.4723478e-10	-1.4721153e-10	-1.4704052e-10	-1.4722942e-10	-1.4733029e-10	-1.4748854e-10	-1.4706544e-10	-1.4747478e-10	-1.469098e-10	-1.4608051e-10	-1.4662715e-10	-1.4723756e-10	-1.4652513e-10	-1.4566578e-10	-1.4593189e-10	-1.4533862e-10	-1.4535316e-10	-1.4336782e-10	-1.4334745e-10	-1.4403562e-10	-1.4432965e-10	-1.4542226e-10	-1.4515864e-10	-1.4572148e-10	-1.4603203e-10	-1.4598661e-10	-1.4650972e-10	-1.47492e-10	-1.4632139e-10	-1.4700086e-10	-1.4793317e-10	-1.4751964e-10	-1.4769198e-10	-1.4771653e-10	-1.4725696e-10	-1.4769344e-10	-1.4692519e-10	-1.4715196e-10	-1.4670955e-10	-1.475662e-10	-1.4779863e-10	-1.4757233e-10	-1.4763304e-10	-1.4780048e-10	-1.4799501e-10	-1.4810007e-10	-1.4762819e-10	-1.4828265e-10
	192.222222222222	-1.4849175e-10	-1.4909865e-10	-1.49079e-10	-1.4891348e-10	-1.4862707e-10	-1.4701397e-10	-1.4750939e-10	-1.4793651e-10	-1.4834495e-10	-1.4784764e-10	-1.4857167e-10	-1.4880881e-10	-1.4817095e-10	-1.4895113e-10	-1.4917989e-10	-1.4914069e-10	-1.4909572e-10	-1.4900296e-10	-1.4886482e-10	-1.4943824e-10	-1.474479e-10	-1.4537006e-10	-1.4540004e-10	-1.4615202e-10	-1.4642657e-10	-1.4557916e-10	-1.4585917e-10	-1.4658821e-10	-1.4593578e-10	-1.4737525e-10	-1.4782338e-10	-1.489415e-10	-1.493192e-10	-1.4991236e-10	-1.4892911e-10	-1.4937449e-10	-1.4964843e-10	-1.4962617e-10	-1.4963318e-10	-1.4907926e-10	-1.5340387e-10	-1.5017787e-10	-1.4871858e-10	-1.482839e-10	-1.4901362e-10	-1.4961231e-10	-1.4919657e-10	-1.4900514e-10	-1.4925815e-10	-1.4984762e-10	-1.4949816e-10
	191.111111111111	-1.5036952e-10	-1.4996011e-10	-1.5027619e-10	-1.5010627e-10	-1.5037985e-10	-1.5018578e-10	-1.5009645e-10	-1.5036207e-10	-1.5075058e-10	-1.5031691e-10	-1.505953e-10	-1.50941e-10	-1.497938e-10	-1.5022686e-10	-1.5075073e-10	-1.5048127e-10	-1.4940175e-10	-1.5037675e-10	-1.504955e-10	-1.5069274e-10	-1.5072986e-10	-1.4737066e-10	-1.475324e-10	-1.479608e-10	-1.477455e-10	-1.4772671e-10	-1.4815721e-10	-1.4878365e-10	-1.4909489e-10	-1.4929886e-10	-1.4899121e-10	-1.4799624e-10	-1.4760081e-10	-1.4840787e-10	-1.4882877e-10	-1.4935946e-10	-1.4943136e-10	-1.4987085e-10	-1.4865252e-10	-1.4878068e-10	-1.4854959e-10	-1.4895306e-10	-1.5023767e-10	-1.4957066e-10	-1.4997706e-10	-1.5023259e-10	-1.5021828e-10	-1.500424e-10	-1.5046846e-10	-1.502594e-10	-1.4915458e-10
	190	-1.5080134e-10	-1.5093576e-10	-1.5114895e-10	-1.5211228e-10	-1.5214223e-10	-1.5076075e-10	-1.5059839e-10	-1.5144784e-10	-1.5067918e-10	-1.5109239e-10	-1.5145785e-10	-1.5174008e-10	-1.5154311e-10	-1.5172122e-10	-1.5210698e-10	-1.520358e-10	-1.5155834e-10	-1.521185e-10	-1.5231028e-10	-1.5228097e-10	-1.5341144e-10	-1.4917688e-10	-1.4723733e-10	-1.4708737e-10	-1.4824048e-10	-1.4868314e-10	-1.4900375e-10	-1.4929313e-10	-1.4939686e-10	-1.4924798e-10	-1.4983026e-10	-1.5087406e-10	-1.5168672e-10	-1.51608e-10	-1.5142712e-10	-1.5131583e-10	-1.508676e-10	-1.5162593e-10	-1.520593e-10	-1.5269615e-10	-1.5254832e-10	-1.5243817e-10	-1.5244092e-10	-1.5190806e-10	-1.5210358e-10	-1.5219605e-10	-1.5314924e-10	-1.5345618e-10	-1.5337687e-10	-1.5284973e-10	-1.5317267e-10
	188.888888888889	-1.5233874e-10	-1.5298365e-10	-1.5361383e-10	-1.5284837e-10	-1.5308262e-10	-1.5224433e-10	-1.5219326e-10	-1.5185209e-10	-1.5130243e-10	-1.5177827e-10	-1.5275173e-10	-1.5331815e-10	-1.535968e-10	-1.5409984e-10	-1.527848e-10	-1.5349248e-10	-1.5351775e-10	-1.5342891e-10	-1.5370813e-10	-1.5400535e-10	-1.5394032e-10	-1.5102185e-10	-1.4866781e-10	-1.4876908e-10	-1.5028938e-10	-1.5111296e-10	-1.5132592e-10	-1.5104742e-10	-1.5176339e-10	-1.514745e-10	-1.5156865e-10	-1.5174438e-10	-1.5191397e-10	-1.5300508e-10	-1.5332365e-10	-1.5278612e-10	-1.5242461e-10	-1.5325508e-10	-1.5383385e-10	-1.5366362e-10	-1.5347523e-10	-1.5346323e-10	-1.5368323e-10	-1.5411239e-10	-1.5421867e-10	-1.538723e-10	-1.5451634e-10	-1.5522832e-10	-1.5408418e-10	-1.5345532e-10	-1.5324671e-10
	187.777777777778	-1.543234e-10	-1.5389019e-10	-1.5372338e-10	-1.5412147e-10	-1.5363574e-10	-1.5433516e-10	-1.549755e-10	-1.5488978e-10	-1.5549526e-10	-1.5447438e-10	-1.5336689e-10	-1.5407325e-10	-1.537018e-10	-1.5430163e-10	-1.5306277e-10	-1.5377163e-10	-1.5375388e-10	-1.5444143e-10	-1.5386183e-10	-1.529525e-10	-1.5432321e-10	-1.5296354e-10	-1.5038357e-10	-1.5106694e-10	-1.5115897e-10	-1.5095049e-10	-1.5224934e-10	-1.5176306e-10	-1.5148617e-10	-1.5289925e-10	-1.532591e-10	-1.5318194e-10	-1.5274959e-10	-1.5194594e-10	-1.5135891e-10	-1.520807e-10	-1.5298519e-10	-1.5332399e-10	-1.5291469e-10	-1.5321827e-10	-1.5311516e-10	-1.5390152e-10	-1.5473617e-10	-1.5435041e-10	-1.5457377e-10	-1.5265554e-10	-1.5357715e-10	-1.5407627e-10	-1.5348672e-10	-1.5390966e-10	-1.5395267e-10
	186.666666666667	-1.5415924e-10	-1.5428932e-10	-1.5533415e-10	-1.5494914e-10	-1.5507974e-10	-1.5583926e-10	-1.5522561e-10	-1.5498713e-10	-1.5410558e-10	-1.5407503e-10	-1.5491886e-10	-1.5585594e-10	-1.5605012e-10	-1.5536333e-10	-1.5572628e-10	-1.5510219e-10	-1.5537775e-10	-1.5490108e-10	-1.5405179e-10	-1.538831e-10	-1.529421e-10	-1.518351e-10	-1.514229e-10	-1.520845e-10	-1.5190914e-10	-1.5159625e-10	-1.5234548e-10	-1.5305246e-10	-1.5409984e-10	-1.5490002e-10	-1.5481898e-10	-1.5519612e-10	-1.5480697e-10	-1.555605e-10	-1.568204e-10	-1.5693334e-10	-1.5696769e-10	-1.5649558e-10	-1.5616269e-10	-1.5597092e-10	-1.5582755e-10	-1.5609418e-10	-1.5642847e-10	-1.5655142e-10	-1.5620265e-10	-1.5611031e-10	-1.5490477e-10	-1.5566225e-10	-1.5500159e-10	-1.561727e-10	-1.569547e-10
	185.555555555556	-1.5692055e-10	-1.5800834e-10	-1.5712391e-10	-1.5725594e-10	-1.5797685e-10	-1.5779691e-10	-1.5742117e-10	-1.5629383e-10	-1.5539377e-10	-1.5586787e-10	-1.5459339e-10	-1.5579379e-10	-1.5694276e-10	-1.5717803e-10	-1.5807654e-10	-1.5755314e-10	-1.5824832e-10	-1.5757169e-10	-1.582081e-10	-1.5835942e-10	-1.5425855e-10	-1.5200288e-10	-1.5261167e-10	-1.5338628e-10	-1.5330855e-10	-1.5284152e-10	-1.5290524e-10	-1.5398577e-10	-1.5361229e-10	-1.5362218e-10	-1.5461889e-10	-1.5476841e-10	-1.5533709e-10	-1.5580495e-10	-1.5581274e-10	-1.5590655e-10	-1.5626223e-10	-1.5685166e-10	-1.5697331e-10	-1.5760929e-10	-1.5707172e-10	-1.5751407e-10	-1.5685414e-10	-1.5672116e-10	-1.5682786e-10	-1.5669299e-10	-1.5585135e-10	-1.5711475e-10	-1.5650638e-10	-1.5546972e-10	-1.5596241e-10
	184.444444444444	-1.5651727e-10	-1.5678846e-10	-1.5666976e-10	-1.5594655e-10	-1.5684684e-10	-1.5635672e-10	-1.5684579e-10	-1.5697824e-10	-1.5592881e-10	-1.5696859e-10	-1.5644462e-10	-1.5691108e-10	-1.5691617e-10	-1.5597597e-10	-1.5700584e-10	-1.5757189e-10	-1.581667e-10	-1.5837776e-10	-1.5730921e-10	-1.570928e-10	-1.5315783e-10	-1.50628e-10	-1.5094023e-10	-1.5208995e-10	-1.5291232e-10	-1.5379961e-10	-1.534091e-10	-1.5394043e-10	-1.5430909e-10	-1.5463313e-10	-1.5665032e-10	-1.5687851e-10	-1.5686857e-10	-1.5668877e-10	-1.5694009e-10	-1.5705062e-10	-1.5736125e-10	-1.5693026e-10	-1.5756907e-10	-1.5746802e-10	-1.5666045e-10	-1.5722051e-10	-1.576811e-10	-1.5751013e-10	-1.5827818e-10	-1.577109e-10	-1.5635002e-10	-1.5594678e-10	-1.5607994e-10	-1.5723113e-10	-1.583015e-10
	183.333333333333	-1.5848374e-10	-1.5892007e-10	-1.5865449e-10	-1.58017e-10	-1.5811266e-10	-1.5803968e-10	-1.5842529e-10	-1.5929906e-10	-1.5859555e-10	-1.582252e-10	-1.5792496e-10	-1.5933292e-10	-1.5858316e-10	-1.5779744e-10	-1.5865546e-10	-1.5828071e-10	-1.5873659e-10	-1.5810633e-10	-1.5598874e-10	-1.5693007e-10	-1.5404143e-10	-1.5145706e-10	-1.5198164e-10	-1.5255432e-10	-1.5346187e-10	-1.5402388e-10	-1.5420062e-10	-1.5518328e-10	-1.5594011e-10	-1.5659964e-10	-1.5594863e-10	-1.560975e-10	-1.561602e-10	-1.5607757e-10	-1.5733941e-10	-1.5791923e-10	-1.5848227e-10	-1.5811458e-10	-1.5780023e-10	-1.5740184e-10	-1.5702713e-10	-1.5785168e-10	-1.578058e-10	-1.5852411e-10	-1.5881281e-10	-1.576884e-10	-1.5837587e-10	-1.5820271e-10	-1.5798751e-10	-1.5748576e-10	-1.5753743e-10
	182.222222222222	-1.5769339e-10	-1.5750919e-10	-1.5776878e-10	-1.5838006e-10	-1.5819206e-10	-1.5640865e-10	-1.5753664e-10	-1.5805535e-10	-1.5865836e-10	-1.5823808e-10	-1.5890478e-10	-1.5749484e-10	-1.5660381e-10	-1.5781525e-10	-1.5745946e-10	-1.5774385e-10	-1.580735e-10	-1.5935171e-10	-1.5986887e-10	-1.5949961e-10	-1.5916057e-10	-1.5554931e-10	-1.5307031e-10	-1.5410798e-10	-1.5449483e-10	-1.5480504e-10	-1.5594338e-10	-1.5620528e-10	-1.5667304e-10	-1.5700302e-10	-1.5796149e-10	-1.5904922e-10	-1.579914e-10	-1.5902496e-10	-1.5894745e-10	-1.5843665e-10	-1.5877501e-10	-1.5876668e-10	-1.5846754e-10	-1.5886317e-10	-1.5915787e-10	-1.5853178e-10	-1.5859525e-10	-1.5872503e-10	-1.5928682e-10	-1.5909915e-10	-1.5947878e-10	-1.5985403e-10	-1.5909396e-10	-1.590172e-10	-1.5834808e-10
	181.111111111111	-1.5904116e-10	-1.5911095e-10	-1.595013e-10	-1.6002019e-10	-1.6040784e-10	-1.597026e-10	-1.5910111e-10	-1.5885052e-10	-1.5832277e-10	-1.5871203e-10	-1.5829844e-10	-1.5882679e-10	-1.5913651e-10	-1.5904052e-10	-1.5999127e-10	-1.6037183e-10	-1.6062533e-10	-1.5947298e-10	-1.6009687e-10	-1.6028023e-10	-1.5640109e-10	-1.5440019e-10	-1.5452835e-10	-1.5553883e-10	-1.5624023e-10	-1.5634105e-10	-1.5688605e-10	-1.5720333e-10	-1.5723527e-10	-1.5827337e-10	-1.5859808e-10	-1.5925575e-10	-1.5965118e-10	-1.597862e-10	-1.5976948e-10	-1.6052368e-10	-1.6013042e-10	-1.6032344e-10	-1.6006682e-10	-1.6089961e-10	-1.6068924e-10	-1.5992016e-10	-1.6025561e-10	-1.5908996e-10	-1.5895736e-10	-1.6052511e-10	-1.6045032e-10	-1.6005924e-10	-1.6047344e-10	-1.6143112e-10	-1.6037774e-10
	180	-1.594633e-10	-1.5982472e-10	-1.5872563e-10	-1.5942006e-10	-1.5994837e-10	-1.5967201e-10	-1.5981316e-10	-1.5989339e-10	-1.6029478e-10	-1.6085114e-10	-1.6115236e-10	-1.6157352e-10	-1.6136446e-10	-1.6100325e-10	-1.6111676e-10	-1.6079758e-10	-1.6187839e-10	-1.6105101e-10	-1.5968742e-10	-1.5914646e-10	-1.6035101e-10	-1.5697688e-10	-1.5419682e-10	-1.5552765e-10	-1.556319e-10	-1.55904e-10	-1.5682981e-10	-1.573594e-10	-1.5818417e-10	-1.5867671e-10	-1.5880589e-10	-1.5967228e-10	-1.5982443e-10	-1.598042e-10	-1.5997989e-10	-1.6063113e-10	-1.5965669e-10	-1.5965922e-10	-1.5975159e-10	-1.600948e-10	-1.5951832e-10	-1.5980157e-10	-1.6020037e-10	-1.6071403e-10	-1.6061621e-10	-1.6022428e-10	-1.6112783e-10	-1.6093121e-10	-1.6067135e-10	-1.6059204e-10	-1.6080191e-10
	178.888888888889	-1.6100574e-10	-1.6040923e-10	-1.6029075e-10	-1.6049159e-10	-1.6100077e-10	-1.6096453e-10	-1.6130515e-10	-1.6112091e-10	-1.6023843e-10	-1.5997657e-10	-1.6116253e-10	-1.6146637e-10	-1.6175029e-10	-1.6138077e-10	-1.6205268e-10	-1.6225175e-10	-1.6225522e-10	-1.6172713e-10	-1.6147542e-10	-1.6287e-10	-1.5863566e-10	-1.5519777e-10	-1.5512468e-10	-1.5527227e-10	-1.5518527e-10	-1.5615441e-10	-1.5632738e-10	-1.5741149e-10	-1.5756733e-10	-1.5815266e-10	-1.5865324e-10	-1.5868085e-10	-1.5902955e-10	-1.5938975e-10	-1.6049614e-10	-1.6092176e-10	-1.6112332e-10	-1.6151544e-10	-1.6133471e-10	-1.6103598e-10	-1.6130085e-10	-1.6169621e-10	-1.6175214e-10	-1.6195506e-10	-1.6232904e-10	-1.619995e-10	-1.6192998e-10	-1.6075873e-10	-1.6023045e-10	-1.6072871e-10	-1.6071405e-10
	177.777777777778	-1.6071816e-10	-1.612827e-10	-1.6174954e-10	-1.6029247e-10	-1.6038418e-10	-1.6084142e-10	-1.6169935e-10	-1.6156301e-10	-1.6158802e-10	-1.6110535e-10	-1.6168172e-10	-1.6123039e-10	-1.6152019e-10	-1.6134032e-10	-1.6139132e-10	-1.6135734e-10	-1.6071323e-10	-1.6082373e-10	-1.6194605e-10	-1.6256618e-10	-1.6307125e-10	-1.5810418e-10	-1.5576412e-10	-1.5548637e-10	-1.5567536e-10	-1.5742392e-10	-1.5816919e-10	-1.5841425e-10	-1.580063e-10	-1.5892783e-10	-1.5905272e-10	-1.5994607e-10	-1.5963292e-10	-1.5981008e-10	-1.608548e-10	-1.6069564e-10	-1.6100635e-10	-1.6124647e-10	-1.6144894e-10	-1.5984616e-10	-1.6077684e-10	-1.6176981e-10	-1.6149221e-10	-1.6217161e-10	-1.6178675e-10	-1.6121413e-10	-1.6149122e-10	-1.6275864e-10	-1.6288615e-10	-1.6262117e-10	-1.6105531e-10
	176.666666666667	-1.6181119e-10	-1.6221108e-10	-1.6217741e-10	-1.612482e-10	-1.6163498e-10	-1.6159969e-10	-1.6166074e-10	-1.6212326e-10	-1.6074667e-10	-1.6214438e-10	-1.6186949e-10	-1.6150502e-10	-1.6119266e-10	-1.6116226e-10	-1.6189759e-10	-1.6207403e-10	-1.6266968e-10	-1.6313645e-10	-1.6319945e-10	-1.6345013e-10	-1.6299857e-10	-1.5758729e-10	-1.5681555e-10	-1.567621e-10	-1.5772468e-10	-1.5777202e-10	-1.5866319e-10	-1.5931921e-10	-1.5964038e-10	-1.6031858e-10	-1.6042995e-10	-1.6071809e-10	-1.6135478e-10	-1.618652e-10	-1.6151502e-10	-1.6182791e-10	-1.618353e-10	-1.6254928e-10	-1.6230606e-10	-1.6181892e-10	-1.6192843e-10	-1.618156e-10	-1.6208812e-10	-1.6150926e-10	-1.6159818e-10	-1.6217598e-10	-1.6125397e-10	-1.6190553e-10	-1.6134853e-10	-1.6154851e-10	-1.6176736e-10
	175.555555555556	-1.6411907e-10	-1.6455777e-10	-1.6377458e-10	-1.6323787e-10	-1.6257071e-10	-1.6292739e-10	-1.6303785e-10	-1.6365376e-10	-1.6325169e-10	-1.6381121e-10	-1.6393871e-10	-1.6317622e-10	-1.6276266e-10	-1.6299288e-10	-1.6260009e-10	-1.6239415e-10	-1.6233902e-10	-1.6132484e-10	-1.6173508e-10	-1.6243644e-10	-1.6348188e-10	-1.5674764e-10	-1.5567626e-10	-1.5630448e-10	-1.5719689e-10	-1.5780931e-10	-1.5808337e-10	-1.5926592e-10	-1.6046749e-10	-1.6049966e-10	-1.6107768e-10	-1.6183896e-10	-1.6220969e-10	-1.6178374e-10	-1.6120448e-10	-1.615424e-10	-1.6138543e-10	-1.6112781e-10	-1.6184305e-10	-1.6240605e-10	-1.6200565e-10	-1.6249267e-10	-1.6200798e-10	-1.6185635e-10	-1.6216348e-10	-1.6176736e-10	-1.621117e-10	-1.6262516e-10	-1.6196987e-10	-1.6169742e-10	-1.6240428e-10
	174.444444444444	-1.6277897e-10	-1.6322349e-10	-1.6313031e-10	-1.6332118e-10	-1.6240752e-10	-1.6257906e-10	-1.6231792e-10	-1.6327648e-10	-1.6343103e-10	-1.6337902e-10	-1.6391136e-10	-1.6337368e-10	-1.634714e-10	-1.629806e-10	-1.6284525e-10	-1.6303167e-10	-1.6390835e-10	-1.6386079e-10	-1.636529e-10	-1.6302312e-10	-1.5776298e-10	-1.5661056e-10	-1.5676349e-10	-1.5700471e-10	-1.5689516e-10	-1.571554e-10	-1.5835459e-10	-1.5929137e-10	-1.599109e-10	-1.6076426e-10	-1.5943265e-10	-1.6010866e-10	-1.5991354e-10	-1.6068261e-10	-1.6113205e-10	-1.6149533e-10	-1.6160176e-10	-1.623804e-10	-1.6183085e-10	-1.6223239e-10	-1.6244002e-10	-1.6271318e-10	-1.6306896e-10	-1.6264023e-10	-1.6306441e-10	-1.6260536e-10	-1.619099e-10	-1.6211098e-10	-1.6187687e-10	-1.6198745e-10	-1.6221971e-10
	173.333333333333	-1.631778e-10	-1.6355302e-10	-1.6312711e-10	-1.6332588e-10	-1.6356759e-10	-1.6333861e-10	-1.6401422e-10	-1.6377939e-10	-1.6457669e-10	-1.6419133e-10	-1.6297771e-10	-1.6322936e-10	-1.6292359e-10	-1.6335827e-10	-1.6354627e-10	-1.6286446e-10	-1.6299409e-10	-1.6327441e-10	-1.6333918e-10	-1.6468789e-10	-1.6027234e-10	-1.5641893e-10	-1.5636718e-10	-1.5749257e-10	-1.5809207e-10	-1.5782151e-10	-1.5816083e-10	-1.5962437e-10	-1.5976477e-10	-1.6051502e-10	-1.6076132e-10	-1.60921e-10	-1.6213832e-10	-1.626e-10	-1.6147812e-10	-1.6203716e-10	-1.6365105e-10	-1.6359207e-10	-1.6304749e-10	-1.6305397e-10	-1.6406189e-10	-1.6367523e-10	-1.6375609e-10	-1.6409217e-10	-1.6393667e-10	-1.6364307e-10	-1.6322883e-10	-1.6344402e-10	-1.6368307e-10	-1.6391566e-10	-1.6409733e-10
	172.222222222222	-1.6373089e-10	-1.6366619e-10	-1.6404129e-10	-1.6408305e-10	-1.6377827e-10	-1.6327749e-10	-1.6357467e-10	-1.6310742e-10	-1.6376708e-10	-1.6425411e-10	-1.6366584e-10	-1.6466688e-10	-1.648498e-10	-1.6510951e-10	-1.6547982e-10	-1.6562098e-10	-1.5866959e-10	-1.5554652e-10	-1.5613927e-10	-1.5635687e-10	-1.573164e-10	-1.5700392e-10	-1.5812818e-10	-1.5863874e-10	-1.5937705e-10	-1.6015216e-10	-1.5956382e-10	-1.6050319e-10	-1.6081325e-10	-1.6068676e-10	-1.6156783e-10	-1.6187823e-10	-1.6099549e-10	-1.6092262e-10	-1.6097328e-10	-1.6146671e-10	-1.6174725e-10	-1.6237708e-10	-1.6238892e-10	-1.6205848e-10	-1.6231634e-10	-1.6155254e-10	-1.6206127e-10	-1.626934e-10	-1.6247986e-10	-1.6225322e-10	-1.6326329e-10	-1.6193642e-10	-1.6313487e-10	-1.6293372e-10	-1.6314308e-10
	171.111111111111	-1.6333243e-10	-1.6323824e-10	-1.6316289e-10	-1.6302908e-10	-1.6350334e-10	-1.6356864e-10	-1.634244e-10	-1.6339913e-10	-1.6418113e-10	-1.6462293e-10	-1.6326202e-10	-1.6388997e-10	-1.6355999e-10	-1.6404494e-10	-1.6463791e-10	-1.6484607e-10	-1.6418866e-10	-1.6392243e-10	-1.6348597e-10	-1.6433768e-10	-1.5976903e-10	-1.5601619e-10	-1.5733402e-10	-1.5798839e-10	-1.5837294e-10	-1.5837892e-10	-1.5859028e-10	-1.586572e-10	-1.5908254e-10	-1.5943434e-10	-1.6171056e-10	-1.6230972e-10	-1.6308663e-10	-1.6297469e-10	-1.6285406e-10	-1.6270105e-10	-1.6286217e-10	-1.6356216e-10	-1.6327791e-10	-1.6412836e-10	-1.6299323e-10	-1.6273306e-10	-1.6356398e-10	-1.6294585e-10	-1.6318651e-10	-1.6375636e-10	-1.6378279e-10	-1.632082e-10	-1.6305853e-10	-1.6323934e-10	-1.6273152e-10
	170	-1.6338618e-10	-1.6289625e-10	-1.6293036e-10	-1.6363244e-10	-1.6328061e-10	-1.6312533e-10	-1.6349257e-10	-1.6315047e-10	-1.6301092e-10	-1.6224731e-10	-1.6274719e-10	-1.6256005e-10	-1.6326492e-10	-1.6362732e-10	-1.6305231e-10	-1.6381804e-10	-1.6309683e-10	-1.633237e-10	-1.6283798e-10	-1.635099e-10	-1.5943076e-10	-1.5628321e-10	-1.5644198e-10	-1.5634591e-10	-1.5726533e-10	-1.5709185e-10	-1.5736754e-10	-1.5895295e-10	-1.6106731e-10	-1.6147929e-10	-1.6199088e-10	-1.6144938e-10	-1.6281727e-10	-1.6283154e-10	-1.6321049e-10	-1.6198266e-10	-1.6292562e-10	-1.6317769e-10	-1.6270285e-10	-1.6344795e-10	-1.6377974e-10	-1.6374622e-10	-1.6355346e-10	-1.6357889e-10	-1.6369738e-10	-1.6428026e-10	-1.6356427e-10	-1.6371289e-10	-1.6322503e-10	-1.6379088e-10	-1.6382765e-10
	168.888888888889	-1.638783e-10	-1.6421314e-10	-1.6411883e-10	-1.6421031e-10	-1.642758e-10	-1.6447387e-10	-1.6507301e-10	-1.6520577e-10	-1.6462368e-10	-1.6468518e-10	-1.6475218e-10	-1.6421958e-10	-1.6465897e-10	-1.6448404e-10	-1.6460862e-10	-1.6404494e-10	-1.6395381e-10	-1.6418851e-10	-1.6502077e-10	-1.645835e-10	-1.5846612e-10	-1.5715788e-10	-1.5742008e-10	-1.5727711e-10	-1.5708249e-10	-1.5788805e-10	-1.5740448e-10	-1.5932572e-10	-1.6037319e-10	-1.6118132e-10	-1.6125019e-10	-1.6167671e-10	-1.6246171e-10	-1.6274548e-10	-1.6280442e-10	-1.6273555e-10	-1.636489e-10	-1.6397282e-10	-1.6341473e-10	-1.6395858e-10	-1.645554e-10	-1.627261e-10	-1.6359007e-10	-1.6298313e-10	-1.6331157e-10	-1.6320235e-10	-1.6343875e-10	-1.6365184e-10	-1.6309977e-10	-1.6322868e-10	-1.6326834e-10
	167.777777777778	-1.6243415e-10	-1.6343435e-10	-1.6411496e-10	-1.634607e-10	-1.647059e-10	-1.6396438e-10	-1.6439249e-10	-1.6472269e-10	-1.6533415e-10	-1.6533107e-10	-1.6527231e-10	-1.653717e-10	-1.6476465e-10	-1.6372227e-10	-1.6404567e-10	-1.6498221e-10	-1.656589e-10	-1.6541053e-10	-1.6535028e-10	-1.6523326e-10	-1.6129306e-10	-1.5639615e-10	-1.5667122e-10	-1.5866289e-10	-1.5983155e-10	-1.6015769e-10	-1.6120165e-10	-1.6103587e-10	-1.6073097e-10	-1.6209278e-10	-1.6313208e-10	-1.6215959e-10	-1.6353977e-10	-1.6323139e-10	-1.6340743e-10	-1.6342692e-10	-1.6414632e-10	-1.6404382e-10	-1.6429927e-10	-1.64167e-10	-1.6373858e-10	-1.6395069e-10	-1.6432469e-10	-1.6432902e-10	-1.6443666e-10	-1.6541625e-10	-1.6518735e-10	-1.6534019e-10	-1.6547587e-10	-1.6489382e-10	-1.6647073e-10
	166.666666666667	-1.6564136e-10	-1.6603148e-10	-1.6629993e-10	-1.6633835e-10	-1.6633252e-10	-1.6540928e-10	-1.6512193e-10	-1.6554164e-10	-1.6587154e-10	-1.6570305e-10	-1.6632321e-10	-1.6519548e-10	-1.6487642e-10	-1.6479523e-10	-1.6487386e-10	-1.6553157e-10	-1.5777255e-10	-1.5589816e-10	-1.5551567e-10	-1.5632332e-10	-1.5704328e-10	-1.5729169e-10	-1.5796187e-10	-1.5874597e-10	-1.6049258e-10	-1.6069256e-10	-1.6111548e-10	-1.6175486e-10	-1.6237209e-10	-1.6277785e-10	-1.6345758e-10	-1.6349122e-10	-1.635851e-10	-1.6483925e-10	-1.6417405e-10	-1.6414162e-10	-1.6376531e-10	-1.6434487e-10	-1.6424978e-10	-1.6501875e-10	-1.639581e-10	-1.6306474e-10	-1.6313678e-10	-1.641815e-10	-1.6405459e-10	-1.6381427e-10	-1.6291823e-10	-1.6335062e-10	-1.639982e-10	-1.6323015e-10	-1.6435278e-10
	165.555555555556	-1.6456128e-10	-1.6538994e-10	-1.6520919e-10	-1.6546679e-10	-1.6639028e-10	-1.6534166e-10	-1.6630419e-10	-1.6607635e-10	-1.6452716e-10	-1.6440431e-10	-1.6492184e-10	-1.6477666e-10	-1.6588597e-10	-1.6593123e-10	-1.655294e-10	-1.6534493e-10	-1.6557078e-10	-1.6554823e-10	-1.6544296e-10	-1.6551158e-10	-1.6400174e-10	-1.5801825e-10	-1.5841876e-10	-1.5886953e-10	-1.5843929e-10	-1.5981144e-10	-1.6099624e-10	-1.6244051e-10	-1.6289511e-10	-1.6398827e-10	-1.6389608e-10	-1.6434273e-10	-1.6445525e-10	-1.6523481e-10	-1.6536636e-10	-1.6529186e-10	-1.6552296e-10	-1.6568387e-10	-1.6458941e-10	-1.6465011e-10	-1.649226e-10	-1.648313e-10	-1.6553346e-10	-1.6571611e-10	-1.6482053e-10	-1.6515109e-10	-1.6538888e-10	-1.6536959e-10	-1.6500477e-10	-1.658436e-10	-1.6680003e-10
	164.444444444444	-1.6732153e-10	-1.6683649e-10	-1.6652681e-10	-1.6633443e-10	-1.6715962e-10	-1.674831e-10	-1.6766383e-10	-1.6776099e-10	-1.6764658e-10	-1.6705998e-10	-1.6695904e-10	-1.6658687e-10	-1.6702469e-10	-1.6631289e-10	-1.6692749e-10	-1.6650786e-10	-1.6624213e-10	-1.6660842e-10	-1.6652507e-10	-1.6699847e-10	-1.6183933e-10	-1.592516e-10	-1.594915e-10	-1.5965687e-10	-1.6027847e-10	-1.6105967e-10	-1.6177949e-10	-1.6280187e-10	-1.6227775e-10	-1.6312678e-10	-1.6432292e-10	-1.6502857e-10	-1.6491393e-10	-1.6495103e-10	-1.6407327e-10	-1.644504e-10	-1.6493021e-10	-1.6478544e-10	-1.6520132e-10	-1.6601495e-10	-1.6536188e-10	-1.660113e-10	-1.6614232e-10	-1.658947e-10	-1.6641917e-10	-1.6711672e-10	-1.6718907e-10	-1.675601e-10	-1.6666321e-10	-1.6702333e-10	-1.6698815e-10
	163.333333333333	-1.6715773e-10	-1.6744141e-10	-1.6639955e-10	-1.6653894e-10	-1.6698706e-10	-1.6663644e-10	-1.6650217e-10	-1.6595522e-10	-1.6578763e-10	-1.6603631e-10	-1.6670788e-10	-1.6749413e-10	-1.673947e-10	-1.6637933e-10	-1.6677702e-10	-1.6676738e-10	-1.6687716e-10	-1.6793747e-10	-1.6912982e-10	-1.6858806e-10	-1.6664987e-10	-1.5958287e-10	-1.5995549e-10	-1.6090052e-10	-1.6087544e-10	-1.6196398e-10	-1.6237513e-10	-1.6242345e-10	-1.6136266e-10	-1.6319543e-10	-1.6329026e-10	-1.6472525e-10	-1.6565152e-10	-1.6592709e-10	-1.6585835e-10	-1.651819e-10	-1.654227e-10	-1.6632483e-10	-1.6609043e-10	-1.6628446e-10	-1.6498176e-10	-1.645841e-10	-1.6530523e-10	-1.6547719e-10	-1.6631507e-10	-1.666996e-10	-1.6736228e-10	-1.6689057e-10	-1.6642199e-10	-1.6675812e-10	-1.6519337e-10
	162.222222222222	-1.657299e-10	-1.6659071e-10	-1.658544e-10	-1.6518166e-10	-1.663835e-10	-1.6613833e-10	-1.6696992e-10	-1.685567e-10	-1.6784218e-10	-1.6778333e-10	-1.6911683e-10	-1.6852487e-10	-1.6815217e-10	-1.6878865e-10	-1.678324e-10	-1.6752034e-10	-1.6862133e-10	-1.6779805e-10	-1.6875606e-10	-1.6816679e-10	-1.6779256e-10	-1.5962263e-10	-1.5971868e-10	-1.6100597e-10	-1.6163698e-10	-1.6237464e-10	-1.6300923e-10	-1.6336354e-10	-1.647134e-10	-1.6464602e-10	-1.6528331e-10	-1.6615212e-10	-1.6639247e-10	-1.6684266e-10	-1.6570938e-10	-1.6604249e-10	-1.6780076e-10	-1.6851523e-10	-1.688915e-10	-1.6895828e-10	-1.6847305e-10	-1.6785533e-10	-1.6865194e-10	-1.681205e-10	-1.6866196e-10	-1.6725238e-10	-1.6841456e-10	-1.684642e-10	-1.6828877e-10	-1.6833503e-10	-1.6873197e-10
	161.111111111111	-1.6892672e-10	-1.6933609e-10	-1.6891967e-10	-1.6910418e-10	-1.6948477e-10	-1.6955731e-10	-1.6952055e-10	-1.6928306e-10	-1.6941785e-10	-1.6915197e-10	-1.6913354e-10	-1.687607e-10	-1.697017e-10	-1.6898498e-10	-1.694568e-10	-1.6925801e-10	-1.6976158e-10	-1.6817613e-10	-1.6908809e-10	-1.6712279e-10	-1.6005089e-10	-1.6027342e-10	-1.6037104e-10	-1.610416e-10	-1.6217067e-10	-1.6202172e-10	-1.62816e-10	-1.6377842e-10	-1.6494817e-10	-1.6535513e-10	-1.6570742e-10	-1.6703249e-10	-1.6692804e-10	-1.6720418e-10	-1.6666754e-10	-1.6695109e-10	-1.6625767e-10	-1.6638087e-10	-1.6617636e-10	-1.6720594e-10	-1.6712241e-10	-1.6786189e-10	-1.6754625e-10	-1.6765482e-10	-1.6753235e-10	-1.6780836e-10	-1.6683917e-10	-1.6809493e-10	-1.6728642e-10	-1.6746517e-10	-1.6740917e-10
	160	-1.6807471e-10	-1.6815527e-10	-1.6805166e-10	-1.687885e-10	-1.7005097e-10	-1.6956202e-10	-1.692074e-10	-1.6790866e-10	-1.6702627e-10	-1.6868745e-10	-1.6937485e-10	-1.6873219e-10	-1.6851218e-10	-1.6850989e-10	-1.6866979e-10	-1.6917415e-10	-1.6970618e-10	-1.6924284e-10	-1.6923572e-10	-1.677274e-10	-1.6808688e-10	-1.6051728e-10	-1.6058921e-10	-1.606138e-10	-1.6146144e-10	-1.6298532e-10	-1.6344331e-10	-1.6409553e-10	-1.6575043e-10	-1.6511927e-10	-1.6580654e-10	-1.6691934e-10	-1.6691373e-10	-1.67355e-10	-1.6748956e-10	-1.6774887e-10	-1.6782113e-10	-1.6618161e-10	-1.6626939e-10	-1.6683077e-10	-1.6780329e-10	-1.6808382e-10	-1.6776582e-10	-1.6709736e-10	-1.6813907e-10	-1.6750622e-10	-1.6760007e-10	-1.6764198e-10	-1.6848495e-10	-1.6759416e-10	-1.6818494e-10
	158.888888888889	-1.6882225e-10	-1.6900373e-10	-1.6829409e-10	-1.6928038e-10	-1.689069e-10	-1.6867412e-10	-1.7001557e-10	-1.6979404e-10	-1.7061028e-10	-1.7002298e-10	-1.6993211e-10	-1.7011284e-10	-1.6976204e-10	-1.7066774e-10	-1.6936008e-10	-1.6956021e-10	-1.6923685e-10	-1.7056903e-10	-1.7127552e-10	-1.7162843e-10	-1.7186559e-10	-1.6371586e-10	-1.6156625e-10	-1.6191513e-10	-1.624543e-10	-1.6418816e-10	-1.6460044e-10	-1.6452083e-10	-1.6520495e-10	-1.6609608e-10	-1.6671733e-10	-1.6709435e-10	-1.6767046e-10	-1.6796647e-10	-1.6841038e-10	-1.6816208e-10	-1.6815523e-10	-1.6805264e-10	-1.6798481e-10	-1.681132e-10	-1.6800097e-10	-1.6911732e-10	-1.6889787e-10	-1.673042e-10	-1.6784381e-10	-1.6880153e-10	-1.6940847e-10	-1.6948315e-10	-1.6956296e-10	-1.6892626e-10	-1.6895138e-10
	157.777777777778	-1.6961535e-10	-1.7012305e-10	-1.6984873e-10	-1.6881783e-10	-1.6879909e-10	-1.6941748e-10	-1.6971523e-10	-1.6983351e-10	-1.701545e-10	-1.703251e-10	-1.6991226e-10	-1.6970114e-10	-1.7038951e-10	-1.709705e-10	-1.7092527e-10	-1.7118566e-10	-1.7131137e-10	-1.724873e-10	-1.7107282e-10	-1.7148721e-10	-1.6507117e-10	-1.6062834e-10	-1.6117484e-10	-1.6307283e-10	-1.6322277e-10	-1.6374069e-10	-1.6396871e-10	-1.6452087e-10	-1.6381596e-10	-1.6565725e-10	-1.6619087e-10	-1.6617682e-10	-1.6789571e-10	-1.6852351e-10	-1.687018e-10	-1.6901291e-10	-1.6847956e-10	-1.683659e-10	-1.6879004e-10	-1.6918808e-10	-1.6908888e-10	-1.6843528e-10	-1.6877821e-10	-1.6871857e-10	-1.6890633e-10	-1.6881915e-10	-1.6972279e-10	-1.6961678e-10	-1.6844627e-10	-1.6794489e-10	-1.6817267e-10
	156.666666666667	-1.6995402e-10	-1.6936817e-10	-1.7008761e-10	-1.6993396e-10	-1.701073e-10	-1.7040212e-10	-1.7070585e-10	-1.7128339e-10	-1.7080531e-10	-1.7107739e-10	-1.708861e-10	-1.7035191e-10	-1.7111686e-10	-1.7070891e-10	-1.7109053e-10	-1.7116453e-10	-1.7126373e-10	-1.7108183e-10	-1.7101001e-10	-1.7094345e-10	-1.6545053e-10	-1.6112053e-10	-1.6113849e-10	-1.6187872e-10	-1.6287934e-10	-1.632291e-10	-1.6391916e-10	-1.6476126e-10	-1.652507e-10	-1.6689132e-10	-1.6733127e-10	-1.6789826e-10	-1.674864e-10	-1.6766598e-10	-1.6819715e-10	-1.6889455e-10	-1.6811176e-10	-1.6891685e-10	-1.6835898e-10	-1.6823933e-10	-1.6756406e-10	-1.6869901e-10	-1.6940019e-10	-1.6893424e-10	-1.699073e-10	-1.7037041e-10	-1.6974784e-10	-1.6979815e-10	-1.6947001e-10	-1.6970234e-10	-1.6918736e-10
	155.555555555556	-1.7018188e-10	-1.7157044e-10	-1.7099962e-10	-1.707019e-10	-1.6962781e-10	-1.6995512e-10	-1.6910165e-10	-1.7053751e-10	-1.7139253e-10	-1.7116174e-10	-1.7143083e-10	-1.7082599e-10	-1.7015578e-10	-1.7100597e-10	-1.7089913e-10	-1.7172933e-10	-1.7157993e-10	-1.7159714e-10	-1.7137958e-10	-1.7140105e-10	-1.6893903e-10	-1.6083619e-10	-1.6141598e-10	-1.6152855e-10	-1.6177606e-10	-1.6266286e-10	-1.6447894e-10	-1.6521692e-10	-1.667684e-10	-1.6738028e-10	-1.6788178e-10	-1.6813576e-10	-1.6864829e-10	-1.6846823e-10	-1.6771998e-10	-1.6772815e-10	-1.6913448e-10	-1.6966464e-10	-1.6992925e-10	-1.6997365e-10	-1.6994209e-10	-1.7010547e-10	-1.7033264e-10	-1.7046467e-10	-1.7090396e-10	-1.7024029e-10	-1.6983623e-10	-1.6968585e-10	-1.6997791e-10	-1.7033011e-10	-1.700132e-10
	154.444444444444	-1.7040012e-10	-1.7115609e-10	-1.7203265e-10	-1.7166656e-10	-1.7168722e-10	-1.7238098e-10	-1.7222186e-10	-1.71403e-10	-1.7111022e-10	-1.7127277e-10	-1.7056154e-10	-1.709389e-10	-1.7136643e-10	-1.7220646e-10	-1.7155929e-10	-1.7128689e-10	-1.7104397e-10	-1.715089e-10	-1.7204722e-10	-1.7217286e-10	-1.6194286e-10	-1.6081336e-10	-1.6433208e-10	-1.6606418e-10	-1.6369647e-10	-1.6376847e-10	-1.6497095e-10	-1.6575528e-10	-1.6530674e-10	-1.6603122e-10	-1.6738454e-10	-1.6840884e-10	-1.6930347e-10	-1.6971985e-10	-1.6999127e-10	-1.7016206e-10	-1.7038355e-10	-1.7004111e-10	-1.7042781e-10	-1.7083845e-10	-1.7108955e-10	-1.6988642e-10	-1.7173427e-10	-1.7149455e-10	-1.7131958e-10	-1.7204063e-10	-1.7193831e-10	-1.7187878e-10	-1.7166753e-10	-1.7151482e-10	-1.7179863e-10
	153.333333333333	-1.7152732e-10	-1.7183298e-10	-1.7224619e-10	-1.7168267e-10	-1.7197156e-10	-1.7085647e-10	-1.7053846e-10	-1.7096538e-10	-1.7099769e-10	-1.7154871e-10	-1.719829e-10	-1.7203929e-10	-1.606512e-10	-1.565434e-10	-1.5667187e-10	-1.5783296e-10	-1.5885135e-10	-1.5933145e-10	-1.6115055e-10	-1.6130047e-10	-1.6150577e-10	-1.6173753e-10	-1.6251041e-10	-1.6383002e-10	-1.6419295e-10	-1.6543369e-10	-1.6602689e-10	-1.6627158e-10	-1.6759212e-10	-1.6831608e-10	-1.6868308e-10	-1.6985464e-10	-1.7114359e-10	-1.7048493e-10	-1.7076845e-10	-1.7138617e-10	-1.7113214e-10	-1.7146781e-10	-1.7150054e-10	-1.7125552e-10	-1.7157292e-10	-1.7159762e-10	-1.7135701e-10	-1.7200791e-10	-1.7238611e-10	-1.719493e-10	-1.7217242e-10	-1.7195921e-10	-1.7239586e-10	-1.725413e-10	-1.7209728e-10
	152.222222222222	-1.7242753e-10	-1.7186981e-10	-1.7284861e-10	-1.7266348e-10	-1.7206588e-10	-1.721102e-10	-1.7266623e-10	-1.7299349e-10	-1.7339477e-10	-1.7321661e-10	-1.729645e-10	-1.733199e-10	-1.7362138e-10	-1.7391175e-10	-1.7340092e-10	-1.739012e-10	-1.7411557e-10	-1.7401727e-10	-1.728783e-10	-1.745039e-10	-1.6801324e-10	-1.636674e-10	-1.6404883e-10	-1.639973e-10	-1.6525695e-10	-1.6530158e-10	-1.667002e-10	-1.6749409e-10	-1.6838959e-10	-1.6870576e-10	-1.7001127e-10	-1.6986609e-10	-1.7022225e-10	-1.7115451e-10	-1.7160832e-10	-1.7128403e-10	-1.7093989e-10	-1.7127104e-10	-1.7176718e-10	-1.7151033e-10	-1.7017943e-10	-1.7212895e-10	-1.7235519e-10	-1.7239883e-10	-1.7237468e-10	-1.720563e-10	-1.7176789e-10	-1.7204248e-10	-1.7306039e-10	-1.7189199e-10	-1.7179633e-10
	151.111111111111	-1.7207363e-10	-1.7282689e-10	-1.7265861e-10	-1.7324386e-10	-1.7268999e-10	-1.7276391e-10	-1.7382237e-10	-1.7374879e-10	-1.7426775e-10	-1.7441824e-10	-1.7377538e-10	-1.7321675e-10	-1.6337917e-10	-1.5816587e-10	-1.5851134e-10	-1.5861204e-10	-1.6841098e-10	-1.734661e-10	-1.746427e-10	-1.7517227e-10	-1.6683242e-10	-1.6303492e-10	-1.6303518e-10	-1.634316e-10	-1.6427415e-10	-1.6428206e-10	-1.6479339e-10	-1.6476891e-10	-1.6737504e-10	-1.6890329e-10	-1.6896505e-10	-1.6880627e-10	-1.6984759e-10	-1.7055156e-10	-1.7159116e-10	-1.7219008e-10	-1.7175016e-10	-1.7164603e-10	-1.7163469e-10	-1.7182973e-10	-1.7196004e-10	-1.7162648e-10	-1.7189319e-10	-1.7208232e-10	-1.7265184e-10	-1.7161349e-10	-1.7233862e-10	-1.7233522e-10	-1.7165616e-10	-1.7292609e-10	-1.7223263e-10
	150	-1.7333923e-10	-1.7358855e-10	-1.7305032e-10	-1.7419308e-10	-1.7472403e-10	-1.7281039e-10	-1.7374258e-10	-1.7368529e-10	-1.7453526e-10	-1.7485527e-10	-1.7504885e-10	-1.7529507e-10	-1.7573439e-10	-1.7561395e-10	-1.7534528e-10	-1.754198e-10	-1.6412727e-10	-1.6151476e-10	-1.6160086e-10	-1.6230772e-10	-1.6232331e-10	-1.635065e-10	-1.6365026e-10	-1.6495819e-10	-1.6498214e-10	-1.6557029e-10	-1.6565993e-10	-1.6683548e-10	-1.6812619e-10	-1.6843633e-10	-1.6926732e-10	-1.7093292e-10	-1.7102537e-10	-1.7133991e-10	-1.7183023e-10	-1.7236099e-10	-1.7350399e-10	-1.7240731e-10	-1.7277751e-10	-1.7341217e-10	-1.7332699e-10	-1.7283502e-10	-1.7384701e-10	-1.736178e-10	-1.7329425e-10	-1.7427766e-10	-1.7441536e-10	-1.7367049e-10	-1.7377651e-10	-1.7362017e-10	-1.7374084e-10
