I1_2989
																																																				
		509.5	509.53	509.56	509.59	509.62	509.65	509.68	509.71	509.74	509.77	509.8	509.83	509.86	509.89	509.92	509.95	509.98	510.01	510.04	510.07	510.1	510.13	510.16	510.19	510.22	510.25	510.28	510.31	510.34	510.37	510.4	510.43	510.46	510.49	510.52	510.55	510.58	510.61	510.64	510.67	510.7	510.73	510.76	510.79	510.82	510.85	510.88	510.91	510.94	510.97	511
	0	-4.8412035e-11	-4.9080479e-11	-4.8758327e-11	-4.8731665e-11	-4.8472743e-11	-4.8509502e-11	-4.8611788e-11	-4.868779e-11	-4.8684022e-11	-4.832873e-11	-4.8394448e-11	-4.8610168e-11	-4.9029149e-11	-4.8968815e-11	-4.8818512e-11	-4.8805855e-11	-4.941024e-11	-4.9202652e-11	-4.9131813e-11	-4.9226755e-11	-4.9383012e-11	-4.9178963e-11	-4.8980753e-11	-4.8919216e-11	-4.870097e-11	-4.9178474e-11	-4.9466733e-11	-4.9991875e-11	-5.0697755e-11	-4.9605247e-11	-4.9314278e-11	-4.9487105e-11	-4.9423608e-11	-4.9364783e-11	-4.9330699e-11	-4.8973974e-11	-4.9246829e-11	-4.9024666e-11	-4.919979e-11	-4.9101872e-11	-4.8803898e-11	-4.885263e-11	-4.9377249e-11	-4.9159905e-11	-4.8869766e-11	-4.9155464e-11	-4.9363992e-11	-4.9387567e-11	-4.9115732e-11	-4.906308e-11	-4.925579e-11
	0.555555555555556	-4.9138856e-11	-4.9071063e-11	-4.8917332e-11	-4.8956728e-11	-4.8706733e-11	-4.8977666e-11	-4.8779304e-11	-4.8755579e-11	-4.8990922e-11	-4.8511233e-11	-4.9297295e-11	-4.9071101e-11	-4.8714904e-11	-4.8684473e-11	-4.9318046e-11	-4.8966293e-11	-4.9444435e-11	-4.8890142e-11	-4.873095e-11	-4.8931907e-11	-4.9133884e-11	-4.9341094e-11	-4.8774974e-11	-4.9138967e-11	-4.9290891e-11	-4.9973498e-11	-4.9769525e-11	-5.0388447e-11	-5.0372592e-11	-5.010245e-11	-5.0411873e-11	-4.9560318e-11	-4.8635967e-11	-4.8931532e-11	-4.9176253e-11	-4.9460668e-11	-4.9521266e-11	-4.8844196e-11	-4.9127633e-11	-4.9512113e-11	-4.9439654e-11	-4.949656e-11	-4.918883e-11	-4.885892e-11	-4.9143863e-11	-4.9350246e-11	-4.9318535e-11	-4.9051065e-11	-4.8961397e-11	-4.8973298e-11	-4.9415586e-11
	1.11111111111111	-4.9366289e-11	-4.9182467e-11	-4.9152075e-11	-4.8892741e-11	-4.9081687e-11	-4.9520436e-11	-4.8946368e-11	-4.8495832e-11	-4.9033895e-11	-4.9285281e-11	-4.9109591e-11	-4.8842687e-11	-4.9240199e-11	-4.9009602e-11	-4.9263739e-11	-4.9034648e-11	-4.8715733e-11	-4.9247242e-11	-4.9192296e-11	-4.9537648e-11	-4.8908783e-11	-4.8981885e-11	-4.9242797e-11	-4.9271007e-11	-4.8956162e-11	-4.9104509e-11	-4.9397132e-11	-5.013397e-11	-5.0538036e-11	-5.0611435e-11	-5.0477966e-11	-4.9521602e-11	-4.958943e-11	-4.9488538e-11	-4.9541978e-11	-4.9047977e-11	-4.9300983e-11	-4.931703e-11	-4.9243928e-11	-4.9332396e-11	-4.8969984e-11	-4.867973e-11	-4.9242159e-11	-4.9455169e-11	-4.9216926e-11	-4.9047641e-11	-4.8847208e-11	-4.8968701e-11	-4.9523222e-11	-4.9800258e-11	-4.8597629e-11
	1.66666666666667	-4.909129e-11	-4.9087786e-11	-4.8711816e-11	-4.8743488e-11	-4.8768382e-11	-4.8608739e-11	-4.9209317e-11	-4.8911646e-11	-4.9092983e-11	-4.9002219e-11	-4.8661804e-11	-4.9213387e-11	-4.9174182e-11	-4.9493961e-11	-4.8874738e-11	-4.898644e-11	-4.9240802e-11	-4.9386138e-11	-4.9528871e-11	-4.9449746e-11	-4.9466316e-11	-4.956224e-11	-4.9883826e-11	-4.9352768e-11	-4.941924e-11	-4.9212745e-11	-5.0230684e-11	-5.0055109e-11	-5.0496194e-11	-5.0071794e-11	-4.9617338e-11	-4.959233e-11	-4.9793853e-11	-4.9104318e-11	-4.9031935e-11	-4.9764141e-11	-4.9378529e-11	-4.9799127e-11	-4.9492153e-11	-4.9453285e-11	-4.9076451e-11	-4.9071063e-11	-4.9072347e-11	-4.9309872e-11	-4.9150378e-11	-4.9576211e-11	-4.9663548e-11	-4.9263323e-11	-4.9313224e-11	-4.9011937e-11	-4.8961321e-11
	2.22222222222222	-4.9862434e-11	-4.9638654e-11	-4.9492681e-11	-4.9448088e-11	-4.8980341e-11	-4.9688743e-11	-4.9088577e-11	-4.9242384e-11	-4.9275414e-11	-4.9133132e-11	-4.9586529e-11	-4.9203291e-11	-4.9629991e-11	-4.9312096e-11	-4.9681925e-11	-4.9902204e-11	-4.9543373e-11	-4.982598e-11	-4.9067261e-11	-4.9186911e-11	-4.9365876e-11	-4.9485447e-11	-4.9421765e-11	-4.9007305e-11	-4.9610333e-11	-4.9725161e-11	-5.0641151e-11	-5.0655875e-11	-5.044181e-11	-5.0538299e-11	-5.0336058e-11	-5.0451001e-11	-4.9902846e-11	-4.9753972e-11	-4.9890002e-11	-5.0261604e-11	-5.0439514e-11	-5.0056313e-11	-4.9913088e-11	-4.9612855e-11	-5.0265406e-11	-5.0416466e-11	-5.008825e-11	-4.9651495e-11	-4.9655488e-11	-5.0081734e-11	-4.9810048e-11	-4.9654999e-11	-4.9798072e-11	-4.935145e-11	-5.0006676e-11
	2.77777777777778	-4.9785606e-11	-4.9831968e-11	-5.0131562e-11	-4.9779316e-11	-4.9958395e-11	-5.0039931e-11	-4.9476524e-11	-4.9224309e-11	-4.9730282e-11	-5.0030442e-11	-4.9432534e-11	-4.9393181e-11	-4.945724e-11	-4.9987094e-11	-4.9932822e-11	-4.9359284e-11	-4.9145032e-11	-4.9398867e-11	-5.0023475e-11	-4.9840781e-11	-4.9410091e-11	-4.9121228e-11	-4.925033e-11	-4.9556362e-11	-5.0502671e-11	-4.9903862e-11	-5.0110319e-11	-5.0423169e-11	-5.1219209e-11	-5.0586806e-11	-5.0252e-11	-4.9751186e-11	-4.9982459e-11	-5.0410065e-11	-4.9692209e-11	-4.9622612e-11	-5.0099397e-11	-4.9952972e-11	-5.0260549e-11	-4.9892489e-11	-4.9840743e-11	-4.9740566e-11	-4.9632024e-11	-5.0134459e-11	-4.9809445e-11	-4.9360037e-11	-4.9678799e-11	-4.9947397e-11	-4.9336726e-11	-4.9781502e-11	-4.991595e-11
	3.33333333333333	-4.9559641e-11	-5.0152011e-11	-5.0341595e-11	-4.980779e-11	-4.9962087e-11	-5.0025092e-11	-4.9718871e-11	-5.0204171e-11	-4.9821799e-11	-4.9532902e-11	-4.9593687e-11	-4.9648934e-11	-4.9151395e-11	-4.9626112e-11	-4.9129666e-11	-4.9427452e-11	-4.9001091e-11	-4.9893166e-11	-4.9808015e-11	-4.9285995e-11	-4.9826469e-11	-4.9648296e-11	-4.9448202e-11	-4.9971915e-11	-5.0194907e-11	-5.020967e-11	-5.0704985e-11	-5.0287288e-11	-5.0676664e-11	-5.0767654e-11	-4.9997072e-11	-5.0270531e-11	-5.0043358e-11	-4.9671042e-11	-4.9807977e-11	-4.9847446e-11	-5.0055824e-11	-4.9914746e-11	-4.9608751e-11	-4.9958093e-11	-4.9798637e-11	-4.9978129e-11	-4.9631799e-11	-4.9761879e-11	-4.9857576e-11	-4.9666785e-11	-4.9973085e-11	-5.0236409e-11	-4.9596775e-11	-4.9948941e-11	-4.9908154e-11
	3.88888888888889	-4.9733898e-11	-4.9859197e-11	-4.9152148e-11	-4.9579525e-11	-4.9413178e-11	-4.9999522e-11	-5.0200819e-11	-4.9432573e-11	-4.9578057e-11	-4.9747078e-11	-5.051284e-11	-5.0220893e-11	-4.9842665e-11	-4.9997562e-11	-4.9694165e-11	-4.9879156e-11	-5.0337002e-11	-4.9476034e-11	-4.9516218e-11	-4.9737967e-11	-5.0063884e-11	-5.0447535e-11	-5.0019218e-11	-5.0109077e-11	-5.0140111e-11	-5.0738806e-11	-5.0721594e-11	-5.1037761e-11	-5.0982059e-11	-5.1247756e-11	-5.0507078e-11	-5.0568352e-11	-4.9933991e-11	-5.0037974e-11	-5.0076953e-11	-5.024221e-11	-5.0578822e-11	-4.9628145e-11	-4.9683847e-11	-5.0095934e-11	-4.9722223e-11	-5.0003175e-11	-4.956156e-11	-4.93896e-11	-5.0040722e-11	-5.005104e-11	-4.9962087e-11	-4.9686484e-11	-4.9427754e-11	-5.0143799e-11	-5.0266687e-11
	4.44444444444444	-5.0078948e-11	-4.979973e-11	-4.9699286e-11	-4.9898516e-11	-5.0012588e-11	-4.9850044e-11	-4.964822e-11	-4.9831968e-11	-4.9768585e-11	-5.0070888e-11	-5.0214943e-11	-4.9936815e-11	-4.9851286e-11	-4.9589281e-11	-4.943905e-11	-5.0241002e-11	-4.954951e-11	-4.9327199e-11	-4.9551956e-11	-4.9752879e-11	-4.9753219e-11	-5.0076047e-11	-4.9620651e-11	-4.9888947e-11	-5.0148771e-11	-5.0253357e-11	-5.0426108e-11	-5.0324724e-11	-5.0574114e-11	-5.0276255e-11	-5.054037e-11	-4.9796001e-11	-4.96965e-11	-4.9713147e-11	-4.9548757e-11	-4.9917345e-11	-5.0311092e-11	-4.9699213e-11	-4.9210525e-11	-4.9745763e-11	-4.9729453e-11	-4.965274e-11	-4.9622008e-11	-4.9333222e-11	-4.9483605e-11	-4.9220013e-11	-4.9771937e-11	-5.0067915e-11	-4.9489517e-11	-4.970294e-11	-4.9873508e-11
	5	-5.0232943e-11	-4.9960619e-11	-4.9406246e-11	-4.9047752e-11	-4.9452911e-11	-4.9782744e-11	-4.9410125e-11	-4.901593e-11	-4.9586418e-11	-5.0016734e-11	-4.9809334e-11	-4.9610257e-11	-4.9423535e-11	-5.0147754e-11	-5.04249e-11	-5.0012213e-11	-4.9363014e-11	-4.9495654e-11	-5.0017976e-11	-4.9914784e-11	-4.9793853e-11	-4.9557834e-11	-4.9972745e-11	-4.9669085e-11	-5.0136759e-11	-5.0389238e-11	-5.0658512e-11	-5.0465462e-11	-5.0785355e-11	-5.0913929e-11	-5.0588051e-11	-5.0134386e-11	-4.9430123e-11	-4.9523035e-11	-4.9418674e-11	-4.9275563e-11	-4.9189545e-11	-4.9653191e-11	-4.9440028e-11	-4.9223441e-11	-4.9392275e-11	-4.9257938e-11	-4.937465e-11	-4.9571239e-11	-4.9169321e-11	-4.9041916e-11	-4.9374838e-11	-4.9422629e-11	-4.9946155e-11	-4.9304449e-11	-4.9249087e-11
	5.55555555555556	-4.9615229e-11	-4.9890418e-11	-5.0132766e-11	-5.0186359e-11	-4.9783386e-11	-4.9638842e-11	-4.9600653e-11	-4.9960917e-11	-4.9808241e-11	-4.9690588e-11	-4.8953109e-11	-4.9602763e-11	-4.9615756e-11	-4.9596247e-11	-4.9119007e-11	-4.9129589e-11	-4.9627167e-11	-4.9734578e-11	-4.9897045e-11	-4.9831025e-11	-4.9268107e-11	-4.9449066e-11	-4.9181523e-11	-4.9864054e-11	-4.9545253e-11	-4.9961483e-11	-5.0052171e-11	-5.0285068e-11	-5.0393606e-11	-5.0262846e-11	-5.011646e-11	-4.9837051e-11	-4.9655752e-11	-4.9441687e-11	-4.9532451e-11	-5.0007203e-11	-4.9997787e-11	-4.9755741e-11	-4.9199866e-11	-4.944839e-11	-4.9296428e-11	-4.9656241e-11	-4.9685204e-11	-4.9741353e-11	-4.9279743e-11	-4.9421651e-11	-4.9705764e-11	-4.9672474e-11	-4.9816224e-11	-4.933454e-11	-4.9567097e-11
	6.11111111111111	-4.974934e-11	-5.0134008e-11	-4.9548796e-11	-4.9380375e-11	-4.9798072e-11	-4.9359586e-11	-4.9709532e-11	-4.9713032e-11	-4.9361733e-11	-4.9560318e-11	-4.9869102e-11	-4.9637034e-11	-4.986786e-11	-4.9268672e-11	-4.9282193e-11	-4.9474678e-11	-4.9598659e-11	-5.008181e-11	-4.9868987e-11	-4.9781578e-11	-4.9655526e-11	-4.9824887e-11	-4.9868422e-11	-4.9785759e-11	-4.9928568e-11	-5.0182289e-11	-5.0552611e-11	-5.0694029e-11	-5.0433414e-11	-4.9625096e-11	-5.0097704e-11	-5.0015943e-11	-4.9649122e-11	-5.0134535e-11	-4.9534973e-11	-4.9878063e-11	-4.9955495e-11	-4.9962499e-11	-4.9573349e-11	-4.9485485e-11	-4.9452005e-11	-4.9492792e-11	-4.9741881e-11	-4.8952169e-11	-4.9466167e-11	-4.9278314e-11	-4.8710952e-11	-4.9492192e-11	-4.9547099e-11	-4.9756758e-11	-4.9880589e-11
	6.66666666666667	-4.9880287e-11	-4.9516141e-11	-4.9890831e-11	-5.0046862e-11	-4.9967697e-11	-5.0180821e-11	-4.9526574e-11	-4.9568339e-11	-4.9847335e-11	-4.9894446e-11	-5.0353798e-11	-4.9677144e-11	-4.9604119e-11	-4.9946193e-11	-5.0139847e-11	-5.0321296e-11	-4.9972141e-11	-4.9955647e-11	-4.9854901e-11	-5.0042793e-11	-5.0035941e-11	-5.0142973e-11	-5.0251397e-11	-5.0413191e-11	-5.0265708e-11	-5.0655612e-11	-5.1518238e-11	-5.1110633e-11	-5.1050941e-11	-5.1367254e-11	-5.0701748e-11	-5.0554269e-11	-5.0085613e-11	-5.0206395e-11	-5.0569934e-11	-5.0489866e-11	-5.086162e-11	-5.0116872e-11	-5.024349e-11	-5.0709166e-11	-5.0527943e-11	-5.0416577e-11	-5.0419779e-11	-5.0734174e-11	-5.0490282e-11	-5.0570197e-11	-5.02955e-11	-4.9987885e-11	-5.0311581e-11	-5.0715907e-11	-5.032751e-11
	7.22222222222222	-5.0551105e-11	-5.0609364e-11	-5.0060647e-11	-5.0462752e-11	-5.0311918e-11	-5.0533102e-11	-5.0637574e-11	-4.9550791e-11	-4.9837239e-11	-5.0208351e-11	-4.9981519e-11	-5.0503539e-11	-4.9815811e-11	-4.9981293e-11	-5.0399143e-11	-5.0829153e-11	-5.0584772e-11	-5.0203341e-11	-5.09041e-11	-5.0674218e-11	-5.0746189e-11	-5.0042227e-11	-5.0375454e-11	-5.0649852e-11	-5.0120713e-11	-5.1021753e-11	-5.0923495e-11	-5.1370418e-11	-5.1337955e-11	-5.0992377e-11	-5.0989778e-11	-5.0932345e-11	-5.0380047e-11	-5.048998e-11	-5.0856985e-11	-5.0597918e-11	-5.0663748e-11	-5.0199615e-11	-5.0622471e-11	-5.0821587e-11	-5.1303645e-11	-5.0771269e-11	-4.9912751e-11	-5.032702e-11	-5.0529147e-11	-5.0520071e-11	-5.0015905e-11	-5.0037523e-11	-5.0188204e-11	-5.0734625e-11	-5.0946809e-11
	7.77777777777778	-5.0040798e-11	-5.068386e-11	-4.9948302e-11	-5.0153066e-11	-5.0785279e-11	-5.078897e-11	-5.0272675e-11	-5.0024564e-11	-5.0462599e-11	-5.0338848e-11	-5.0512049e-11	-4.9945666e-11	-5.0186584e-11	-5.0285404e-11	-4.9711527e-11	-4.9582085e-11	-4.9993797e-11	-4.994638e-11	-4.9926837e-11	-5.0332256e-11	-5.0328942e-11	-5.0285744e-11	-5.0283899e-11	-5.0229178e-11	-5.0824674e-11	-5.0641602e-11	-5.1289823e-11	-5.1242597e-11	-5.1022055e-11	-5.1109693e-11	-5.0382646e-11	-5.0914759e-11	-5.0304649e-11	-5.0122559e-11	-5.0506137e-11	-5.0593772e-11	-5.0656517e-11	-5.086467e-11	-5.0285595e-11	-5.0686497e-11	-5.1140422e-11	-5.050222e-11	-5.0141464e-11	-5.019728e-11	-5.0821059e-11	-5.0975394e-11	-5.0895701e-11	-5.0702425e-11	-5.0393155e-11	-5.0466291e-11	-5.0946018e-11
	8.33333333333333	-5.0456726e-11	-5.0419214e-11	-5.0279832e-11	-5.0237085e-11	-5.0790629e-11	-5.0726378e-11	-5.0439514e-11	-5.0577917e-11	-5.0277008e-11	-5.0671922e-11	-5.0831454e-11	-5.0479811e-11	-5.0319075e-11	-5.0857023e-11	-5.1123213e-11	-5.0945904e-11	-5.1090521e-11	-5.0688603e-11	-5.103501e-11	-5.1537406e-11	-5.1267716e-11	-5.1247718e-11	-5.129909e-11	-5.1505661e-11	-5.1404277e-11	-5.1836362e-11	-5.1713776e-11	-5.1658563e-11	-5.1262255e-11	-5.105949e-11	-5.0880335e-11	-5.1061638e-11	-5.072958e-11	-5.0637158e-11	-5.1199628e-11	-5.1061485e-11	-5.1398663e-11	-5.093502e-11	-5.0693953e-11	-5.0886888e-11	-5.0512126e-11	-5.1016066e-11	-5.0538525e-11	-5.0592381e-11	-5.0841321e-11	-5.100699e-11	-5.1019456e-11	-5.0881202e-11	-5.1057381e-11	-5.0886514e-11	-5.0814391e-11
	8.88888888888889	-5.108736e-11	-5.0895437e-11	-5.0767165e-11	-5.1286361e-11	-5.1007254e-11	-5.1078999e-11	-5.0556e-11	-5.072005e-11	-5.1190059e-11	-5.1338558e-11	-5.1049998e-11	-5.1065818e-11	-5.1367972e-11	-5.12165e-11	-5.1242559e-11	-5.1037532e-11	-5.0841695e-11	-5.1113645e-11	-5.1321308e-11	-5.1266661e-11	-5.126749e-11	-5.1634082e-11	-5.1420319e-11	-5.1903849e-11	-5.1142229e-11	-5.1484907e-11	-5.2036868e-11	-5.2602311e-11	-5.1997739e-11	-5.182476e-11	-5.1234274e-11	-5.122644e-11	-5.1085438e-11	-5.1603881e-11	-5.1012489e-11	-5.118185e-11	-5.113835e-11	-5.1118242e-11	-5.135415e-11	-5.0881126e-11	-5.0555057e-11	-5.0895326e-11	-5.1179741e-11	-5.1132928e-11	-5.080155e-11	-5.1632164e-11	-5.0643673e-11	-5.1078319e-11	-5.0875328e-11	-5.043831e-11	-5.0732481e-11
	9.44444444444444	-5.0663071e-11	-5.1063445e-11	-5.1023599e-11	-5.0638441e-11	-5.0976862e-11	-5.1349255e-11	-5.1154695e-11	-5.1217138e-11	-5.0747545e-11	-5.1089279e-11	-5.1113495e-11	-5.1436438e-11	-5.099441e-11	-5.0984206e-11	-5.0922818e-11	-5.1076022e-11	-5.1211001e-11	-5.0791756e-11	-5.0856045e-11	-5.0797973e-11	-5.0878229e-11	-5.1433462e-11	-5.1358782e-11	-5.1335432e-11	-5.1567271e-11	-5.1693285e-11	-5.1648207e-11	-5.2401954e-11	-5.2458898e-11	-5.16206e-11	-5.1365787e-11	-5.1237438e-11	-5.1258112e-11	-5.0698997e-11	-5.0818159e-11	-5.0420647e-11	-5.1158914e-11	-5.0709166e-11	-5.0597918e-11	-5.0562027e-11	-5.0536228e-11	-5.0756357e-11	-5.0368185e-11	-5.0765583e-11	-5.0444673e-11	-5.0699112e-11	-5.1358254e-11	-5.0938559e-11	-5.1333774e-11	-5.0649172e-11	-5.1078773e-11
	10	-5.0656632e-11	-5.0646237e-11	-5.1032411e-11	-5.0606127e-11	-5.0983488e-11	-5.0954376e-11	-5.1343416e-11	-5.0601457e-11	-5.0411945e-11	-5.0642282e-11	-5.0988422e-11	-5.0843465e-11	-5.1155864e-11	-5.0741706e-11	-5.1322929e-11	-5.0808028e-11	-5.1228511e-11	-5.135076e-11	-5.1277923e-11	-5.1169045e-11	-5.1348651e-11	-5.170063e-11	-5.1568704e-11	-5.1306469e-11	-5.1488751e-11	-5.1755124e-11	-5.1995592e-11	-5.2182127e-11	-5.1871271e-11	-5.1478204e-11	-5.1208249e-11	-5.1546031e-11	-5.1401189e-11	-5.1043635e-11	-5.0981795e-11	-5.1039756e-11	-5.1457567e-11	-5.1572281e-11	-5.1157897e-11	-5.1310046e-11	-5.1085702e-11	-5.1458244e-11	-5.1251448e-11	-5.1073087e-11	-5.1307073e-11	-5.1315435e-11	-5.1826869e-11	-5.1567046e-11	-5.1931983e-11	-5.1708728e-11	-5.1817529e-11
	10.5555555555556	-5.2149174e-11	-5.2005684e-11	-5.2030841e-11	-5.1942114e-11	-5.1903173e-11	-5.1823743e-11	-5.1893868e-11	-5.1794784e-11	-5.16206e-11	-5.1675133e-11	-5.1997136e-11	-5.2216585e-11	-5.1944147e-11	-5.1482235e-11	-5.1309557e-11	-5.1824271e-11	-5.1416441e-11	-5.1533489e-11	-5.1370269e-11	-5.1341684e-11	-5.1154622e-11	-5.1724847e-11	-5.2239258e-11	-5.1771244e-11	-5.1842648e-11	-5.2519454e-11	-5.2366212e-11	-5.2742033e-11	-5.2179303e-11	-5.2490269e-11	-5.2366101e-11	-5.1822689e-11	-5.2063041e-11	-5.1684247e-11	-5.1656492e-11	-5.1535262e-11	-5.1680181e-11	-5.2244719e-11	-5.1557932e-11	-5.1777194e-11	-5.1354903e-11	-5.2096747e-11	-5.2214854e-11	-5.1842763e-11	-5.1604179e-11	-5.1674342e-11	-5.1934203e-11	-5.1773089e-11	-5.167133e-11	-5.1573676e-11	-5.1453723e-11
	11.1111111111111	-5.2000865e-11	-5.1742322e-11	-5.1675886e-11	-5.1246399e-11	-5.1611486e-11	-5.2043571e-11	-5.2004553e-11	-5.2208678e-11	-5.223745e-11	-5.1654722e-11	-5.1627567e-11	-5.2026133e-11	-5.1943169e-11	-5.193428e-11	-5.1578346e-11	-5.2074341e-11	-5.1986401e-11	-5.2039088e-11	-5.2075205e-11	-5.1442541e-11	-5.1487845e-11	-5.2043685e-11	-5.0752513e-11	-5.0759782e-11	-5.0579652e-11	-5.1329219e-11	-5.1830446e-11	-5.1597514e-11	-5.1326693e-11	-5.0896079e-11	-5.1342285e-11	-5.0731162e-11	-5.0493446e-11	-5.0279343e-11	-5.0692294e-11	-5.1106831e-11	-5.0673427e-11	-5.091905e-11	-5.019777e-11	-5.0457291e-11	-5.0560896e-11	-5.0556264e-11	-5.1023449e-11	-5.0543573e-11	-5.1154431e-11	-5.0770176e-11	-5.1025972e-11	-5.0705815e-11	-5.0694216e-11	-5.0851941e-11	-5.1011737e-11
	11.6666666666667	-5.1124643e-11	-5.1157106e-11	-5.1160721e-11	-5.0754623e-11	-5.0799552e-11	-5.1045782e-11	-5.0461999e-11	-5.0637158e-11	-5.1198535e-11	-5.0995843e-11	-5.1362546e-11	-5.0610346e-11	-5.0227333e-11	-5.0346154e-11	-5.0380426e-11	-5.0803358e-11	-5.1180681e-11	-5.1008121e-11	-5.059449e-11	-5.097027e-11	-5.0814918e-11	-5.1366276e-11	-5.0820268e-11	-5.1184335e-11	-5.1568028e-11	-5.2036681e-11	-5.2108085e-11	-5.1753015e-11	-5.2179715e-11	-5.1832292e-11	-5.1589417e-11	-5.1559177e-11	-5.104013e-11	-5.0908996e-11	-5.1492741e-11	-5.1440279e-11	-5.1284289e-11	-5.0973659e-11	-5.1000513e-11	-5.1033767e-11	-5.090493e-11	-5.0773604e-11	-5.0939013e-11	-5.1166897e-11	-5.133061e-11	-5.116995e-11	-5.0992755e-11	-5.1274346e-11	-5.1619924e-11	-5.1273968e-11	-5.1875077e-11
	12.2222222222222	-5.1437153e-11	-5.1314529e-11	-5.1619434e-11	-5.1710799e-11	-5.1301876e-11	-5.111549e-11	-5.10126e-11	-5.1061374e-11	-5.1432972e-11	-5.1463628e-11	-5.1302591e-11	-5.1619396e-11	-5.1680785e-11	-5.1878578e-11	-5.1408041e-11	-5.0682729e-11	-5.1470522e-11	-5.1377649e-11	-5.1122873e-11	-5.1445515e-11	-5.131227e-11	-5.1273027e-11	-5.1264517e-11	-5.1944674e-11	-5.2004481e-11	-5.2069897e-11	-5.2371035e-11	-5.2432798e-11	-5.2505444e-11	-5.1611864e-11	-5.1589642e-11	-5.1747519e-11	-5.1746954e-11	-5.1319917e-11	-5.1416253e-11	-5.1198008e-11	-5.1051618e-11	-5.1513228e-11	-5.1404915e-11	-5.1357953e-11	-5.1065704e-11	-5.1503062e-11	-5.1192547e-11	-5.157394e-11	-5.1479446e-11	-5.1405179e-11	-5.1503926e-11	-5.1525732e-11	-5.1599735e-11	-5.1574803e-11	-5.0782344e-11
	12.7777777777778	-5.1165128e-11	-5.1497751e-11	-5.1475983e-11	-5.1862157e-11	-5.2206305e-11	-5.1189195e-11	-5.1740664e-11	-5.1846794e-11	-5.1390003e-11	-5.1659805e-11	-5.1711854e-11	-5.2092719e-11	-5.1610622e-11	-5.1418626e-11	-5.1686582e-11	-5.1919139e-11	-5.1479938e-11	-5.1638152e-11	-5.1685302e-11	-5.1684247e-11	-5.1769287e-11	-5.1500235e-11	-5.1989153e-11	-5.1785253e-11	-5.2419426e-11	-5.2032198e-11	-5.258732e-11	-5.2866503e-11	-5.2557042e-11	-5.2553878e-11	-5.2377325e-11	-5.2117838e-11	-5.2043158e-11	-5.1399419e-11	-5.1639845e-11	-5.1982335e-11	-5.2014684e-11	-5.1727483e-11	-5.1435346e-11	-5.1596196e-11	-5.1533527e-11	-5.1739911e-11	-5.1857414e-11	-5.1409398e-11	-5.160836e-11	-5.1552245e-11	-5.1773089e-11	-5.1710157e-11	-5.1388081e-11	-5.1656679e-11	-5.1911343e-11
	13.3333333333333	-5.2313376e-11	-5.1635213e-11	-5.1806233e-11	-5.1589229e-11	-5.2012766e-11	-5.2163635e-11	-5.1970133e-11	-5.1457002e-11	-5.1869918e-11	-5.2135539e-11	-5.2192181e-11	-5.224679e-11	-5.2224607e-11	-5.2482171e-11	-5.2429259e-11	-5.2262986e-11	-5.2380073e-11	-5.2267992e-11	-5.225308e-11	-5.2033856e-11	-5.1273517e-11	-5.2064887e-11	-5.203344e-11	-5.181252e-11	-5.2503637e-11	-5.2469782e-11	-5.2680908e-11	-5.2773629e-11	-5.293414e-11	-5.2641402e-11	-5.2431105e-11	-5.2154333e-11	-5.1737312e-11	-5.1839262e-11	-5.2029259e-11	-5.2352692e-11	-5.1825665e-11	-5.152901e-11	-5.1998867e-11	-5.1817002e-11	-5.2519718e-11	-5.1928292e-11	-5.1875716e-11	-5.2012613e-11	-5.2135501e-11	-5.2092719e-11	-5.236802e-11	-5.1652727e-11	-5.1729666e-11	-5.1826154e-11	-5.2450575e-11
	13.8888888888889	-5.2128687e-11	-5.1929946e-11	-5.1758212e-11	-5.2122057e-11	-5.3092506e-11	-5.2890869e-11	-5.258265e-11	-5.2848764e-11	-5.3100791e-11	-5.2982799e-11	-5.2486727e-11	-5.2605097e-11	-5.2606454e-11	-5.2549208e-11	-5.2788392e-11	-5.2356234e-11	-5.2237714e-11	-5.2211839e-11	-5.2747078e-11	-5.2664338e-11	-5.2538626e-11	-5.2433176e-11	-5.2786057e-11	-5.274561e-11	-5.2914669e-11	-5.3209593e-11	-5.284349e-11	-5.3373531e-11	-5.3590798e-11	-5.3248874e-11	-5.3002911e-11	-5.2600389e-11	-5.2542467e-11	-5.2804587e-11	-5.2687573e-11	-5.2841984e-11	-5.1956724e-11	-5.2575382e-11	-5.2413893e-11	-5.2784287e-11	-5.2746967e-11	-5.257203e-11	-5.247347e-11	-5.2280309e-11	-5.247287e-11	-5.2616168e-11	-5.2296466e-11	-5.2738831e-11	-5.2814982e-11	-5.289584e-11	-5.262615e-11
	14.4444444444444	-5.3150088e-11	-5.2863415e-11	-5.2881529e-11	-5.2606339e-11	-5.2254812e-11	-5.2472266e-11	-5.258672e-11	-5.2625623e-11	-5.2293905e-11	-5.1921814e-11	-5.2336687e-11	-5.2704598e-11	-5.2901791e-11	-5.2232441e-11	-5.202527e-11	-5.2108311e-11	-5.2750807e-11	-5.2798977e-11	-5.2669234e-11	-5.2471513e-11	-5.2855279e-11	-5.3031832e-11	-5.283611e-11	-5.2987618e-11	-5.263142e-11	-5.3275388e-11	-5.3247969e-11	-5.3543309e-11	-5.3284915e-11	-5.3075822e-11	-5.2713032e-11	-5.326552e-11	-5.2912109e-11	-5.2185589e-11	-5.2453548e-11	-5.2268256e-11	-5.2794154e-11	-5.3213548e-11	-5.2498027e-11	-5.2461608e-11	-5.2829217e-11	-5.2907779e-11	-5.2919717e-11	-5.2473623e-11	-5.2486918e-11	-5.2784211e-11	-5.2580502e-11	-5.2864844e-11	-5.2881529e-11	-5.2473508e-11	-5.2294922e-11
	15	-5.2387907e-11	-5.2582199e-11	-5.2758339e-11	-5.2422063e-11	-5.26292e-11	-5.2862922e-11	-5.303771e-11	-5.2952257e-11	-5.254416e-11	-5.255768e-11	-5.2932596e-11	-5.2910187e-11	-5.2972179e-11	-5.2489627e-11	-5.2848011e-11	-5.2543483e-11	-5.2728849e-11	-5.3289699e-11	-5.2816487e-11	-5.279939e-11	-5.2419805e-11	-5.3216372e-11	-5.3243941e-11	-5.3614752e-11	-5.3184925e-11	-5.347996e-11	-5.3583114e-11	-5.4160759e-11	-5.3915625e-11	-5.311834e-11	-5.2855654e-11	-5.2882657e-11	-5.2927288e-11	-5.2927475e-11	-5.2673942e-11	-5.3069306e-11	-5.3436727e-11	-5.3304725e-11	-5.3183041e-11	-5.2895049e-11	-5.2788881e-11	-5.3705665e-11	-5.3058533e-11	-5.2975003e-11	-5.3086216e-11	-5.3389085e-11	-5.3333157e-11	-5.3879054e-11	-5.345183e-11	-5.3154984e-11	-5.3341331e-11
	15.5555555555556	-5.3369274e-11	-5.389186e-11	-5.3720955e-11	-5.3070211e-11	-5.2939188e-11	-5.3318322e-11	-5.3170728e-11	-5.3223113e-11	-5.2873657e-11	-5.3185265e-11	-5.3203039e-11	-5.3629327e-11	-5.3324723e-11	-5.3128772e-11	-5.308742e-11	-5.3429421e-11	-5.3539766e-11	-5.3382722e-11	-5.2842248e-11	-5.3090095e-11	-5.3142369e-11	-5.3528092e-11	-5.3529525e-11	-5.3505572e-11	-5.3475065e-11	-5.385303e-11	-5.4193035e-11	-5.3979873e-11	-5.3448402e-11	-5.3209742e-11	-5.3375904e-11	-5.3411758e-11	-5.3056916e-11	-5.3129941e-11	-5.3320053e-11	-5.3341106e-11	-5.3715307e-11	-5.3104066e-11	-5.3279832e-11	-5.3566356e-11	-5.3384453e-11	-5.3848287e-11	-5.2758752e-11	-5.3463279e-11	-5.319822e-11	-5.3666609e-11	-5.3238029e-11	-5.3307473e-11	-5.3278326e-11	-5.3849265e-11	-5.3108851e-11
	16.1111111111111	-5.3257121e-11	-5.3455407e-11	-5.3289546e-11	-5.3936525e-11	-5.3563078e-11	-5.3073827e-11	-5.3344721e-11	-5.3382118e-11	-5.3455858e-11	-5.3614224e-11	-5.3237838e-11	-5.3378729e-11	-5.3743173e-11	-5.370604e-11	-5.4166897e-11	-5.3850809e-11	-5.3171103e-11	-5.3188128e-11	-5.3357901e-11	-5.4013242e-11	-5.4245573e-11	-5.3474048e-11	-5.3820379e-11	-5.3335041e-11	-5.3652111e-11	-5.4749174e-11	-5.4449997e-11	-5.4544261e-11	-5.445587e-11	-5.4277281e-11	-5.4138312e-11	-5.3466856e-11	-5.3314554e-11	-5.3375339e-11	-5.3339937e-11	-5.3342761e-11	-5.3409686e-11	-5.377029e-11	-5.3435596e-11	-5.3782905e-11	-5.3657873e-11	-5.3193852e-11	-5.3562137e-11	-5.3502106e-11	-5.4088112e-11	-5.4268697e-11	-5.3616334e-11	-5.3138677e-11	-5.3756357e-11	-5.3872691e-11	-5.4217929e-11
	16.6666666666667	-5.4031505e-11	-5.4004766e-11	-5.4090371e-11	-5.3854688e-11	-5.3907566e-11	-5.3677833e-11	-5.342814e-11	-5.3170576e-11	-5.335828e-11	-5.3412396e-11	-5.3450022e-11	-5.3555774e-11	-5.3952155e-11	-5.367173e-11	-5.3695721e-11	-5.3701484e-11	-5.3535738e-11	-5.3984844e-11	-5.4019983e-11	-5.3926696e-11	-5.3888883e-11	-5.3768823e-11	-5.4279203e-11	-5.4153793e-11	-5.4007292e-11	-5.3806293e-11	-5.420004e-11	-5.422339e-11	-5.4233257e-11	-5.442205e-11	-5.4094628e-11	-5.3992075e-11	-5.3632751e-11	-5.3641227e-11	-5.3952908e-11	-5.3778915e-11	-5.3841882e-11	-5.3709089e-11	-5.3605748e-11	-5.3658814e-11	-5.4058962e-11	-5.3632789e-11	-5.368141e-11	-5.3730256e-11	-5.3712066e-11	-5.3857249e-11	-5.4072032e-11	-5.3863951e-11	-5.3645671e-11	-5.409297e-11	-5.4098843e-11
	17.2222222222222	-5.4308315e-11	-5.3965336e-11	-5.4221922e-11	-5.3816576e-11	-5.4095606e-11	-5.4251898e-11	-5.4138541e-11	-5.4287602e-11	-5.4190926e-11	-5.4375615e-11	-5.4639768e-11	-5.4287977e-11	-5.3996897e-11	-5.4078658e-11	-5.426188e-11	-5.4231033e-11	-5.4305227e-11	-5.3682614e-11	-5.4517973e-11	-5.4513831e-11	-5.4475945e-11	-5.4264176e-11	-5.4553865e-11	-5.4436778e-11	-5.4728198e-11	-5.501476e-11	-5.4624104e-11	-5.475893e-11	-5.4929609e-11	-5.4809057e-11	-5.3979158e-11	-5.3947107e-11	-5.4425627e-11	-5.4011396e-11	-5.4664436e-11	-5.3900332e-11	-5.3785844e-11	-5.4250882e-11	-5.4240674e-11	-5.4336449e-11	-5.4147881e-11	-5.3895211e-11	-5.4378741e-11	-5.4230356e-11	-5.465103e-11	-5.448924e-11	-5.4052748e-11	-5.3947371e-11	-5.4460617e-11	-5.4533e-11	-5.4416589e-11
	17.7777777777778	-5.4156468e-11	-5.4116243e-11	-5.4383373e-11	-5.4524264e-11	-5.4480576e-11	-5.405704e-11	-5.445203e-11	-5.4213072e-11	-5.4355392e-11	-5.4057567e-11	-5.4236757e-11	-5.4510969e-11	-5.4077753e-11	-5.4420204e-11	-5.4224219e-11	-5.3806973e-11	-5.4221357e-11	-5.4301723e-11	-5.4704432e-11	-5.439486e-11	-5.437072e-11	-5.449869e-11	-5.4565463e-11	-5.4849091e-11	-5.4863551e-11	-5.471739e-11	-5.5178924e-11	-5.4474439e-11	-5.4761942e-11	-5.4912019e-11	-5.4107056e-11	-5.3967709e-11	-5.3981115e-11	-5.3934003e-11	-5.3987103e-11	-5.3957127e-11	-5.3946018e-11	-5.4055573e-11	-5.42551e-11	-5.3738316e-11	-5.3548468e-11	-5.4207083e-11	-5.4356783e-11	-5.4350306e-11	-5.379281e-11	-5.4018252e-11	-5.4455343e-11	-5.4872627e-11	-5.4221166e-11	-5.4943165e-11	-5.3816614e-11
	18.3333333333333	-5.4452519e-11	-5.3918522e-11	-5.4405442e-11	-5.4592955e-11	-5.3812583e-11	-5.4270012e-11	-5.4515111e-11	-5.4160908e-11	-5.458806e-11	-5.404386e-11	-5.4054067e-11	-5.4325901e-11	-5.4419868e-11	-5.4253931e-11	-5.4551003e-11	-5.4406271e-11	-5.4358969e-11	-5.460904e-11	-5.4857185e-11	-5.4244553e-11	-5.4510854e-11	-5.4453761e-11	-5.455526e-11	-5.4794218e-11	-5.4563055e-11	-5.4732038e-11	-5.5251196e-11	-5.526242e-11	-5.4923996e-11	-5.4270276e-11	-5.4576274e-11	-5.4657431e-11	-5.4269863e-11	-5.4285004e-11	-5.4032147e-11	-5.4103062e-11	-5.4464044e-11	-5.3986916e-11	-5.4270505e-11	-5.3947447e-11	-5.3710862e-11	-5.4486943e-11	-5.4540834e-11	-5.4610618e-11	-5.4160908e-11	-5.4295964e-11	-5.4251222e-11	-5.429001e-11	-5.4021867e-11	-5.4129538e-11	-5.4023747e-11
	18.8888888888889	-5.4682214e-11	-5.4602295e-11	-5.4268319e-11	-5.4297695e-11	-5.3673729e-11	-5.4110445e-11	-5.4660595e-11	-5.4744202e-11	-5.4283571e-11	-5.4332681e-11	-5.441109e-11	-5.4391321e-11	-5.4178009e-11	-5.4608058e-11	-5.4301535e-11	-5.4438884e-11	-5.4161512e-11	-5.4448338e-11	-5.4392185e-11	-5.4696487e-11	-5.4622896e-11	-5.4177895e-11	-5.4730231e-11	-5.505596e-11	-5.4907464e-11	-5.4993669e-11	-5.4760436e-11	-5.5296802e-11	-5.5081457e-11	-5.5109514e-11	-5.4481027e-11	-5.4391058e-11	-5.4653667e-11	-5.5019354e-11	-5.4528028e-11	-5.4192921e-11	-5.4245497e-11	-5.4356183e-11	-5.4099673e-11	-5.4729291e-11	-5.4559964e-11	-5.4332042e-11	-5.4039755e-11	-5.4168742e-11	-5.4638186e-11	-5.4409623e-11	-5.4271369e-11	-5.3924965e-11	-5.3999947e-11	-5.4166071e-11	-5.4460617e-11
	19.4444444444444	-5.4537406e-11	-5.4401716e-11	-5.4575896e-11	-5.4749288e-11	-5.4654305e-11	-5.4468412e-11	-5.4148106e-11	-5.4320253e-11	-5.4881027e-11	-5.4712342e-11	-5.4675622e-11	-5.4371171e-11	-5.4585652e-11	-5.4997965e-11	-5.490769e-11	-5.4593333e-11	-5.4721231e-11	-5.4478654e-11	-5.4654233e-11	-5.475825e-11	-5.4687109e-11	-5.4610882e-11	-5.4988659e-11	-5.5024325e-11	-5.4795911e-11	-5.539073e-11	-5.5794116e-11	-5.5624717e-11	-5.5428995e-11	-5.4468489e-11	-5.4388421e-11	-5.5258124e-11	-5.4692119e-11	-5.4693399e-11	-5.4429055e-11	-5.465815e-11	-5.5060217e-11	-5.4185014e-11	-5.4596421e-11	-5.4559326e-11	-5.4481593e-11	-5.4733055e-11	-5.4862458e-11	-5.4943883e-11	-5.4652196e-11	-5.4825852e-11	-5.4869425e-11	-5.4618116e-11	-5.5385984e-11	-5.4751169e-11	-5.438695e-11
	20	-5.5081308e-11	-5.4922868e-11	-5.5185589e-11	-5.5238918e-11	-5.4831879e-11	-5.507483e-11	-5.5282001e-11	-5.4660221e-11	-5.50479e-11	-5.4519216e-11	-5.4906597e-11	-5.5371974e-11	-5.5097916e-11	-5.510974e-11	-5.4858167e-11	-5.5204834e-11	-5.5096257e-11	-5.4831389e-11	-5.5232176e-11	-5.4372375e-11	-5.5300153e-11	-5.5509663e-11	-5.5883072e-11	-5.5631534e-11	-5.5199637e-11	-5.5347983e-11	-5.5668668e-11	-5.5580578e-11	-5.5028242e-11	-5.4425291e-11	-5.474006e-11	-5.4949344e-11	-5.4948702e-11	-5.4622369e-11	-5.4488032e-11	-5.4670726e-11	-5.4852289e-11	-5.4737988e-11	-5.4824346e-11	-5.4205876e-11	-5.4560266e-11	-5.5321771e-11	-5.5290477e-11	-5.5215606e-11	-5.5017321e-11	-5.4986252e-11	-5.5520359e-11	-5.4711777e-11	-5.4711551e-11	-5.4833006e-11	-5.4832219e-11
	20.5555555555556	-5.4868183e-11	-5.5032347e-11	-5.4631109e-11	-5.4704585e-11	-5.5355741e-11	-5.5290175e-11	-5.560585e-11	-5.5186231e-11	-5.4860387e-11	-5.5238088e-11	-5.5324523e-11	-5.5389939e-11	-5.4944937e-11	-5.4970171e-11	-5.4899366e-11	-5.5062437e-11	-5.4987907e-11	-5.5359321e-11	-5.4991747e-11	-5.5089933e-11	-5.5647691e-11	-5.5241329e-11	-5.5261327e-11	-5.516013e-11	-5.5049635e-11	-5.5371371e-11	-5.5452681e-11	-5.5627843e-11	-5.5382709e-11	-5.5419124e-11	-5.552676e-11	-5.5886611e-11	-5.5437769e-11	-5.4777082e-11	-5.5092493e-11	-5.4976759e-11	-5.512793e-11	-5.5321546e-11	-5.4661612e-11	-5.4908893e-11	-5.5022931e-11	-5.519335e-11	-5.510379e-11	-5.5328363e-11	-5.4587834e-11	-5.5427034e-11	-5.5378941e-11	-5.5447182e-11	-5.5341995e-11	-5.4921963e-11	-5.5213233e-11
	21.1111111111111	-5.5498214e-11	-5.5617976e-11	-5.5871096e-11	-5.5386511e-11	-5.5082813e-11	-5.537382e-11	-5.5537869e-11	-5.5528644e-11	-5.5834452e-11	-5.5158662e-11	-5.5367381e-11	-5.5589467e-11	-5.6345661e-11	-5.555011e-11	-5.5467898e-11	-5.5786094e-11	-5.5791705e-11	-5.5264227e-11	-5.5151658e-11	-5.5798709e-11	-5.5820289e-11	-5.5875315e-11	-5.5432908e-11	-5.5881567e-11	-5.5754082e-11	-5.6217839e-11	-5.6293914e-11	-5.597248e-11	-5.5699247e-11	-5.5500472e-11	-5.5578958e-11	-5.5289197e-11	-5.5294956e-11	-5.523372e-11	-5.5368925e-11	-5.5564421e-11	-5.5201899e-11	-5.5768355e-11	-5.5717927e-11	-5.579133e-11	-5.5949655e-11	-5.5371596e-11	-5.5632964e-11	-5.590288e-11	-5.5664261e-11	-5.550296e-11	-5.5747566e-11	-5.5538133e-11	-5.5723089e-11	-5.5788617e-11	-5.5875315e-11
	21.6666666666667	-5.5814794e-11	-5.6014245e-11	-5.5984078e-11	-5.5733182e-11	-5.5959334e-11	-5.5601707e-11	-5.5817882e-11	-5.5905593e-11	-5.6005242e-11	-5.6051302e-11	-5.5559449e-11	-5.617257e-11	-5.6288869e-11	-5.6533628e-11	-5.6489226e-11	-5.6124327e-11	-5.6026937e-11	-5.67556e-11	-5.6377937e-11	-5.6613582e-11	-5.63544e-11	-5.6567483e-11	-5.6278437e-11	-5.6850621e-11	-5.681906e-11	-5.7061633e-11	-5.5739469e-11	-5.5882771e-11	-5.610979e-11	-5.603876e-11	-5.6106664e-11	-5.5464321e-11	-5.5512147e-11	-5.579389e-11	-5.6088852e-11	-5.6001329e-11	-5.5731975e-11	-5.588081e-11	-5.5903258e-11	-5.6319262e-11	-5.6363775e-11	-5.6227068e-11	-5.5533616e-11	-5.5809031e-11	-5.6214866e-11	-5.6323252e-11	-5.5975266e-11	-5.5409032e-11	-5.6227894e-11	-5.6485722e-11	-5.654854e-11
	22.2222222222222	-5.6746299e-11	-5.6084446e-11	-5.6072882e-11	-5.6392436e-11	-5.6308829e-11	-5.6521125e-11	-5.6413148e-11	-5.5679211e-11	-5.6196901e-11	-5.652135e-11	-5.7238037e-11	-5.6497963e-11	-5.6143309e-11	-5.6343853e-11	-5.6282728e-11	-5.643876e-11	-5.6336474e-11	-5.6057742e-11	-5.6085574e-11	-5.682874e-11	-5.6880372e-11	-5.6946618e-11	-5.6638815e-11	-5.6682048e-11	-5.7069356e-11	-5.6911104e-11	-5.7276905e-11	-5.6499017e-11	-5.6240172e-11	-5.6134309e-11	-5.6352253e-11	-5.6552006e-11	-5.6353231e-11	-5.5821306e-11	-5.5755251e-11	-5.6119658e-11	-5.6058307e-11	-5.5977563e-11	-5.5904763e-11	-5.5648819e-11	-5.6000687e-11	-5.5654016e-11	-5.5505746e-11	-5.5389224e-11	-5.5588562e-11	-5.5940391e-11	-5.5992967e-11	-5.611691e-11	-5.5761087e-11	-5.5875051e-11	-5.5676578e-11
	22.7777777777778	-5.6017972e-11	-5.6147791e-11	-5.558649e-11	-5.5839198e-11	-5.5695032e-11	-5.6018124e-11	-5.5519003e-11	-5.5645093e-11	-5.6072959e-11	-5.5785567e-11	-5.596713e-11	-5.5396868e-11	-5.5167853e-11	-5.5860889e-11	-5.5852829e-11	-5.5893505e-11	-5.5767453e-11	-5.5711488e-11	-5.6006186e-11	-5.603315e-11	-5.6152347e-11	-5.6066707e-11	-5.6186392e-11	-5.6386409e-11	-5.6500676e-11	-5.6853518e-11	-5.6237612e-11	-5.6264538e-11	-5.5958318e-11	-5.5997748e-11	-5.5797131e-11	-5.5562503e-11	-5.5678271e-11	-5.5694577e-11	-5.5800933e-11	-5.6397897e-11	-5.5782629e-11	-5.5551917e-11	-5.569405e-11	-5.5872865e-11	-5.6173361e-11	-5.6006789e-11	-5.5862884e-11	-5.6101093e-11	-5.6095215e-11	-5.6324195e-11	-5.5837539e-11	-5.5580957e-11	-5.5554669e-11	-5.5948149e-11	-5.5612931e-11
	23.3333333333333	-5.5713031e-11	-5.5278462e-11	-5.5054454e-11	-5.6017409e-11	-5.5994209e-11	-5.604784e-11	-5.5402818e-11	-5.5671755e-11	-5.5837425e-11	-5.5787073e-11	-5.6098792e-11	-5.5764893e-11	-5.6227894e-11	-5.6212642e-11	-5.6333761e-11	-5.6182666e-11	-5.6142934e-11	-5.6603038e-11	-5.6779931e-11	-5.6885458e-11	-5.5671117e-11	-5.6620136e-11	-5.6856381e-11	-5.6777295e-11	-5.6655122e-11	-5.6790173e-11	-5.7057907e-11	-5.6852391e-11	-5.6769048e-11	-5.6227707e-11	-5.6165152e-11	-5.6598254e-11	-5.6373718e-11	-5.6387991e-11	-5.6184547e-11	-5.6184661e-11	-5.6364229e-11	-5.623008e-11	-5.6369992e-11	-5.6530614e-11	-5.6568993e-11	-5.6203753e-11	-5.6404451e-11	-5.6117361e-11	-5.5888457e-11	-5.6188727e-11	-5.636246e-11	-5.614037e-11	-5.6595843e-11	-5.6451264e-11	-5.5779579e-11
	23.8888888888889	-5.6584321e-11	-5.6571251e-11	-5.6400044e-11	-5.6464066e-11	-5.6340238e-11	-5.5660646e-11	-5.6434767e-11	-5.6817329e-11	-5.6758764e-11	-5.6194941e-11	-5.6648644e-11	-5.6436047e-11	-5.6859621e-11	-5.6001967e-11	-5.6608988e-11	-5.6453033e-11	-5.6367355e-11	-5.750404e-11	-5.718279e-11	-5.6514984e-11	-5.6597612e-11	-5.661023e-11	-5.6907225e-11	-5.6960551e-11	-5.6787273e-11	-5.696266e-11	-5.6950875e-11	-5.7322737e-11	-5.6450171e-11	-5.6733118e-11	-5.6543568e-11	-5.6478568e-11	-5.6875626e-11	-5.6185414e-11	-5.6382194e-11	-5.6471789e-11	-5.6933323e-11	-5.6739519e-11	-5.6565641e-11	-5.6611098e-11	-5.6914154e-11	-5.6875851e-11	-5.6851374e-11	-5.6914456e-11	-5.6610192e-11	-5.6481091e-11	-5.7159628e-11	-5.6828663e-11	-5.6711313e-11	-5.7109616e-11	-5.6840865e-11
	24.4444444444444	-5.696334e-11	-5.7051957e-11	-5.7419829e-11	-5.6813713e-11	-5.6810889e-11	-5.7019719e-11	-5.7204446e-11	-5.7095981e-11	-5.7216572e-11	-5.6839134e-11	-5.7228586e-11	-5.6785954e-11	-5.7510892e-11	-5.7221318e-11	-5.6646611e-11	-5.6668264e-11	-5.6927296e-11	-5.7209567e-11	-5.7050184e-11	-5.7250205e-11	-5.6796463e-11	-5.7452969e-11	-5.7672121e-11	-5.7799827e-11	-5.7469241e-11	-5.776371e-11	-5.7434668e-11	-5.7041826e-11	-5.7492327e-11	-5.7140837e-11	-5.6809005e-11	-5.6730971e-11	-5.6925114e-11	-5.6877888e-11	-5.6900484e-11	-5.6797404e-11	-5.6781701e-11	-5.6905116e-11	-5.6707659e-11	-5.7147349e-11	-5.6852127e-11	-5.6835821e-11	-5.6465877e-11	-5.6907527e-11	-5.7325263e-11	-5.6787991e-11	-5.6304874e-11	-5.671583e-11	-5.681183e-11	-5.6828174e-11	-5.6476157e-11
	25	-5.6494271e-11	-5.6650112e-11	-5.6939502e-11	-5.6833108e-11	-5.6802337e-11	-5.6420681e-11	-5.6893931e-11	-5.7053726e-11	-5.7648129e-11	-5.7321647e-11	-5.6661752e-11	-5.7101931e-11	-5.7121967e-11	-5.681533e-11	-5.6642507e-11	-5.7543619e-11	-5.7469956e-11	-5.7352716e-11	-5.7149573e-11	-5.6834652e-11	-5.7299502e-11	-5.7826719e-11	-5.6590458e-11	-5.6958781e-11	-5.7551981e-11	-5.7903359e-11	-5.7739192e-11	-5.6828552e-11	-5.6116157e-11	-5.6949216e-11	-5.7094211e-11	-5.6895853e-11	-5.6509186e-11	-5.6167637e-11	-5.6714251e-11	-5.6856873e-11	-5.660989e-11	-5.6330295e-11	-5.6759215e-11	-5.6869828e-11	-5.6834766e-11	-5.6965675e-11	-5.6420382e-11	-5.6756846e-11	-5.704337e-11	-5.6532837e-11	-5.7067923e-11	-5.665177e-11	-5.6889601e-11	-5.7087883e-11	-5.7168856e-11
	25.5555555555556	-5.7264214e-11	-5.6875664e-11	-5.7005973e-11	-5.7191037e-11	-5.7269148e-11	-5.7080691e-11	-5.7306205e-11	-5.7306354e-11	-5.7004502e-11	-5.7397798e-11	-5.7626889e-11	-5.7341982e-11	-5.7346843e-11	-5.7090218e-11	-5.7562941e-11	-5.7113571e-11	-5.7289899e-11	-5.7175559e-11	-5.706962e-11	-5.730353e-11	-5.7788076e-11	-5.8139982e-11	-5.7493382e-11	-5.7617661e-11	-5.7635476e-11	-5.8234771e-11	-5.7786911e-11	-5.7498013e-11	-5.7103777e-11	-5.7013505e-11	-5.7260974e-11	-5.7414858e-11	-5.683691e-11	-5.6393567e-11	-5.6481729e-11	-5.6484255e-11	-5.67991e-11	-5.6609703e-11	-5.6910501e-11	-5.6649848e-11	-5.7029697e-11	-5.702985e-11	-5.7198156e-11	-5.6987519e-11	-5.6752891e-11	-5.7125357e-11	-5.747022e-11	-5.7311138e-11	-5.6559916e-11	-5.7197743e-11	-5.702111e-11
	26.1111111111111	-5.6924097e-11	-5.7390113e-11	-5.6717187e-11	-5.6716961e-11	-5.7026044e-11	-5.7001678e-11	-5.7590207e-11	-5.7289447e-11	-5.731984e-11	-5.7407436e-11	-5.7045969e-11	-5.7004314e-11	-5.6904287e-11	-5.734458e-11	-5.7044348e-11	-5.6973246e-11	-5.7731285e-11	-5.7526522e-11	-5.7160006e-11	-5.7059035e-11	-5.7439525e-11	-5.6946205e-11	-5.7671215e-11	-5.7585499e-11	-5.7432708e-11	-5.7689818e-11	-5.7762392e-11	-5.7501403e-11	-5.7076021e-11	-5.7055683e-11	-5.6747277e-11	-5.6996442e-11	-5.6439815e-11	-5.7277807e-11	-5.7108408e-11	-5.6998403e-11	-5.7578796e-11	-5.7401788e-11	-5.7344317e-11	-5.6659115e-11	-5.6920028e-11	-5.7199512e-11	-5.7108523e-11	-5.7281423e-11	-5.6493331e-11	-5.6697189e-11	-5.6834953e-11	-5.7448261e-11	-5.7582862e-11	-5.729001e-11	-5.7138502e-11
	26.6666666666667	-5.7471236e-11	-5.6954753e-11	-5.7679802e-11	-5.7952733e-11	-5.8476071e-11	-5.8156101e-11	-5.7961129e-11	-5.7990279e-11	-5.7701871e-11	-5.788995e-11	-5.7281273e-11	-5.7235817e-11	-5.8002481e-11	-5.7832742e-11	-5.8430538e-11	-5.7804195e-11	-5.7721078e-11	-5.7962034e-11	-5.8425077e-11	-5.8197905e-11	-5.7545541e-11	-5.772172e-11	-5.8122392e-11	-5.8354613e-11	-5.8171051e-11	-5.8311377e-11	-5.8300607e-11	-5.8393443e-11	-5.8013854e-11	-5.7380059e-11	-5.7256491e-11	-5.7417644e-11	-5.7554881e-11	-5.7792108e-11	-5.7123136e-11	-5.7181471e-11	-5.7177631e-11	-5.7077978e-11	-5.7142343e-11	-5.7104755e-11	-5.6675949e-11	-5.7015989e-11	-5.7004238e-11	-5.7308654e-11	-5.6870016e-11	-5.7080125e-11	-5.703674e-11	-5.7222636e-11	-5.7356557e-11	-5.7693624e-11	-5.7868595e-11
	27.2222222222222	-5.7759717e-11	-5.8195043e-11	-5.776405e-11	-5.747534e-11	-5.7539855e-11	-5.7424648e-11	-5.8048278e-11	-5.7826605e-11	-5.7460089e-11	-5.7534394e-11	-5.7852213e-11	-5.8075506e-11	-5.7792257e-11	-5.7698558e-11	-5.7496431e-11	-5.7648015e-11	-5.7953899e-11	-5.8135313e-11	-5.7815797e-11	-5.7870517e-11	-5.7905201e-11	-5.83023e-11	-5.8066354e-11	-5.8218132e-11	-5.840918e-11	-5.8349832e-11	-5.8043945e-11	-5.7640746e-11	-5.720471e-11	-5.6861918e-11	-5.7128746e-11	-5.6737712e-11	-5.6839623e-11	-5.7206063e-11	-5.7169984e-11	-5.7501854e-11	-5.7782504e-11	-5.7371698e-11	-5.7239921e-11	-5.7252161e-11	-5.7244404e-11	-5.7372752e-11	-5.7716935e-11	-5.7388455e-11	-5.7414067e-11	-5.7661161e-11	-5.7679615e-11	-5.7638751e-11	-5.7210209e-11	-5.7513605e-11	-5.7354073e-11
	27.7777777777778	-5.7849388e-11	-5.8003838e-11	-5.7903696e-11	-5.8057465e-11	-5.8443417e-11	-5.8304826e-11	-5.840696e-11	-5.8267655e-11	-5.797544e-11	-5.7427021e-11	-5.7827281e-11	-5.7577026e-11	-5.7703831e-11	-5.7798322e-11	-5.779463e-11	-5.7818694e-11	-5.7861178e-11	-5.7737422e-11	-5.7738102e-11	-5.8225584e-11	-5.8451209e-11	-5.8319176e-11	-5.7749625e-11	-5.8212518e-11	-5.8039049e-11	-5.8701509e-11	-5.8742219e-11	-5.8079611e-11	-5.7206028e-11	-5.7062539e-11	-5.6693612e-11	-5.73952e-11	-5.7754485e-11	-5.7363111e-11	-5.7327181e-11	-5.7703266e-11	-5.7969112e-11	-5.7674077e-11	-5.7782126e-11	-5.766888e-11	-5.76795e-11	-5.773863e-11	-5.797544e-11	-5.7850332e-11	-5.713752e-11	-5.7672232e-11	-5.7551717e-11	-5.7506826e-11	-5.7613744e-11	-5.7306809e-11	-5.7316863e-11
	28.3333333333333	-5.8152146e-11	-5.8314804e-11	-5.8148267e-11	-5.7665078e-11	-5.7266171e-11	-5.8058596e-11	-5.8013441e-11	-5.8094488e-11	-5.8039504e-11	-5.8007151e-11	-5.834689e-11	-5.8406772e-11	-5.8278458e-11	-5.7873945e-11	-5.7567423e-11	-5.8598841e-11	-5.8686521e-11	-5.7894658e-11	-5.7821709e-11	-5.8321806e-11	-5.841351e-11	-5.9197841e-11	-5.8744704e-11	-5.8423343e-11	-5.8668854e-11	-5.8973722e-11	-5.9062491e-11	-5.818028e-11	-5.7624364e-11	-5.7676752e-11	-5.764007e-11	-5.7371396e-11	-5.7885505e-11	-5.7331851e-11	-5.7499745e-11	-5.7944032e-11	-5.7591789e-11	-5.7557029e-11	-5.7743636e-11	-5.7515787e-11	-5.7419902e-11	-5.7603238e-11	-5.7985873e-11	-5.7945801e-11	-5.7582487e-11	-5.7553223e-11	-5.7778209e-11	-5.7745256e-11	-5.8641134e-11	-5.8734684e-11	-5.8905665e-11
	28.8888888888889	-5.8565854e-11	-5.8587919e-11	-5.8962162e-11	-5.881954e-11	-5.8852527e-11	-5.8336232e-11	-5.8266073e-11	-5.862396e-11	-5.866746e-11	-5.7728385e-11	-5.8234549e-11	-5.8513694e-11	-5.8457614e-11	-5.8538098e-11	-5.8639517e-11	-5.8317816e-11	-5.8631155e-11	-5.8606599e-11	-5.8494334e-11	-5.8731409e-11	-5.8731221e-11	-5.9154195e-11	-5.8872712e-11	-5.9486929e-11	-5.8984456e-11	-5.8771404e-11	-5.8867064e-11	-5.8350692e-11	-5.8249044e-11	-5.6753945e-11	-5.7633405e-11	-5.8420629e-11	-5.8843486e-11	-5.8690809e-11	-5.8237033e-11	-5.8334615e-11	-5.830697e-11	-5.8837955e-11	-5.8888193e-11	-5.8153388e-11	-5.8431142e-11	-5.8722971e-11	-5.8419276e-11	-5.8641023e-11	-5.9043354e-11	-5.849219e-11	-5.8887138e-11	-5.8751143e-11	-5.8460625e-11	-5.8867328e-11	-5.8548603e-11
	29.4444444444444	-5.8395212e-11	-5.8728286e-11	-5.901598e-11	-5.8999104e-11	-5.9116191e-11	-5.9360572e-11	-5.9117509e-11	-5.9367428e-11	-5.9469492e-11	-5.9407236e-11	-5.9352592e-11	-5.9083655e-11	-5.9191138e-11	-5.9365284e-11	-5.8943933e-11	-5.902611e-11	-5.9446892e-11	-5.9334135e-11	-5.9492501e-11	-5.9220365e-11	-5.9078943e-11	-5.9548089e-11	-5.93747e-11	-5.9181229e-11	-5.9307885e-11	-5.8781723e-11	-5.8300156e-11	-5.8642716e-11	-5.7999015e-11	-5.7700063e-11	-5.7769584e-11	-5.8364778e-11	-5.8337661e-11	-5.8048653e-11	-5.8364175e-11	-5.7891494e-11	-5.8493016e-11	-5.8239143e-11	-5.8352878e-11	-5.8480436e-11	-5.799913e-11	-5.8127364e-11	-5.8727419e-11	-5.8511807e-11	-5.8608104e-11	-5.8373972e-11	-5.8495611e-11	-5.8415585e-11	-5.8969128e-11	-5.875133e-11	-5.8691677e-11
	30	-5.8580731e-11	-5.8762481e-11	-5.8810651e-11	-5.9061922e-11	-5.8811553e-11	-5.8343316e-11	-5.8783534e-11	-5.8662866e-11	-5.9200665e-11	-5.892796e-11	-5.8868875e-11	-5.8984269e-11	-5.9115775e-11	-5.8912861e-11	-5.8945175e-11	-5.8623738e-11	-5.870919e-11	-5.8571425e-11	-5.8918169e-11	-5.9103389e-11	-5.8799805e-11	-5.8519564e-11	-5.9459396e-11	-5.9395711e-11	-5.9096832e-11	-5.9040946e-11	-5.8981028e-11	-5.8595268e-11	-5.8324748e-11	-5.8205361e-11	-5.8241439e-11	-5.7918084e-11	-5.8010392e-11	-5.8118628e-11	-5.8532373e-11	-5.8825715e-11	-5.8380634e-11	-5.8444583e-11	-5.8664414e-11	-5.843144e-11	-5.8608368e-11	-5.8069178e-11	-5.8384818e-11	-5.8513541e-11	-5.882398e-11	-5.8675821e-11	-5.8354876e-11	-5.8200993e-11	-5.8437463e-11	-5.8631419e-11	-5.8710543e-11
	30.5555555555556	-5.9485798e-11	-5.911853e-11	-5.9203566e-11	-5.9317488e-11	-5.9403246e-11	-5.8949769e-11	-5.8270097e-11	-5.8980126e-11	-5.8630517e-11	-5.9135738e-11	-5.9093744e-11	-5.8895347e-11	-5.9048703e-11	-5.9275911e-11	-5.9088665e-11	-5.9708939e-11	-5.9082336e-11	-5.9064031e-11	-5.8899038e-11	-5.9172833e-11	-5.9385469e-11	-5.9703777e-11	-5.90826e-11	-5.9532421e-11	-5.9985031e-11	-5.9790853e-11	-5.9270755e-11	-5.8949394e-11	-5.8954931e-11	-5.9260735e-11	-5.908482e-11	-5.878982e-11	-5.8459307e-11	-5.8807521e-11	-5.9586731e-11	-5.9627366e-11	-5.8632585e-11	-5.8477348e-11	-5.8508004e-11	-5.9011532e-11	-5.8873358e-11	-5.9103805e-11	-5.8794677e-11	-5.9082489e-11	-5.9045199e-11	-5.927004e-11	-5.9285701e-11	-5.8872372e-11	-5.8918773e-11	-5.9305963e-11	-5.9357373e-11
	31.1111111111111	-5.9538111e-11	-5.9198479e-11	-5.9223487e-11	-5.9014169e-11	-5.8858252e-11	-5.9245671e-11	-5.8832827e-11	-5.9173999e-11	-5.8611081e-11	-5.9688185e-11	-5.9919764e-11	-5.9855551e-11	-5.9199576e-11	-5.9283259e-11	-5.9310751e-11	-5.9525794e-11	-5.9334176e-11	-5.8959483e-11	-5.902407e-11	-5.9283072e-11	-5.8653679e-11	-5.863398e-11	-5.8935003e-11	-5.9421246e-11	-5.9843235e-11	-5.970837e-11	-5.9257647e-11	-5.9220136e-11	-5.8677181e-11	-5.8788426e-11	-5.8341693e-11	-5.7229339e-11	-5.8180957e-11	-5.8403046e-11	-5.8337515e-11	-5.8500739e-11	-5.8064997e-11	-5.8464428e-11	-5.8691489e-11	-5.817655e-11	-5.8628408e-11	-5.8587017e-11	-5.8214322e-11	-5.871955e-11	-5.9039176e-11	-5.8956097e-11	-5.8584082e-11	-5.8351525e-11	-5.879261e-11	-5.914199e-11	-5.8669007e-11
	31.6666666666667	-5.8645352e-11	-5.8509211e-11	-5.8780106e-11	-5.8813621e-11	-5.9077514e-11	-5.8750733e-11	-5.8696534e-11	-5.8872449e-11	-5.8999444e-11	-5.9296887e-11	-5.884835e-11	-5.8300871e-11	-5.9037143e-11	-5.887283e-11	-5.8998952e-11	-5.8752385e-11	-5.8843e-11	-5.9586731e-11	-5.9576524e-11	-5.9524399e-11	-5.9543717e-11	-5.8776491e-11	-6.0081592e-11	-6.0314788e-11	-6.0384912e-11	-6.0245309e-11	-5.9307885e-11	-5.8946757e-11	-5.8700829e-11	-5.8370239e-11	-5.8215793e-11	-5.8005795e-11	-5.8667272e-11	-5.8637518e-11	-5.8521937e-11	-5.8557041e-11	-5.8577226e-11	-5.8908906e-11	-5.8893015e-11	-5.8750053e-11	-5.9074315e-11	-5.9265141e-11	-5.890842e-11	-5.8701696e-11	-5.8573306e-11	-5.8444957e-11	-5.9288643e-11	-5.8911542e-11	-5.8952405e-11	-5.8928223e-11	-5.9174415e-11
	32.2222222222222	-5.9439176e-11	-5.9387391e-11	-5.9258889e-11	-5.9144328e-11	-5.8941969e-11	-5.9318057e-11	-5.8922728e-11	-5.9041438e-11	-5.9295832e-11	-5.9367657e-11	-5.9195468e-11	-5.8765603e-11	-5.8886347e-11	-5.9392435e-11	-5.9518453e-11	-5.8844846e-11	-5.9627477e-11	-5.9723927e-11	-5.9607971e-11	-5.9326079e-11	-5.9317114e-11	-5.9441355e-11	-5.9429982e-11	-5.988323e-11	-6.0050485e-11	-5.9940858e-11	-5.9727126e-11	-5.9621717e-11	-5.9541802e-11	-5.907104e-11	-5.8703049e-11	-5.8854602e-11	-5.9017971e-11	-5.9111223e-11	-5.9577052e-11	-5.9411455e-11	-5.8891093e-11	-5.9143836e-11	-5.9278436e-11	-5.9639189e-11	-5.9312895e-11	-5.9551475e-11	-5.934065e-11	-5.949205e-11	-5.9738312e-11	-5.944701e-11	-5.9143648e-11	-5.9241376e-11	-5.9434693e-11	-5.9322686e-11	-5.9261186e-11
	32.7777777777778	-5.9079588e-11	-5.9303104e-11	-5.9648078e-11	-5.9439738e-11	-5.9440716e-11	-5.9775712e-11	-5.9195204e-11	-5.9772097e-11	-5.9703666e-11	-5.933655e-11	-5.9807985e-11	-5.9601643e-11	-5.91499e-11	-5.9539013e-11	-6.0213334e-11	-6.0336069e-11	-5.9754021e-11	-5.9580403e-11	-5.973029e-11	-5.9755374e-11	-6.0058167e-11	-6.0522268e-11	-6.0072669e-11	-6.0159856e-11	-5.971583e-11	-5.9861616e-11	-6.0089052e-11	-5.9962584e-11	-5.897146e-11	-5.8802962e-11	-5.9107379e-11	-5.9117621e-11	-5.9572791e-11	-5.9048856e-11	-5.9350101e-11	-5.9398347e-11	-5.9382041e-11	-5.976479e-11	-5.9532684e-11	-5.9669242e-11	-5.9749539e-11	-5.9720277e-11	-5.9570196e-11	-5.9846288e-11	-5.9674481e-11	-5.9740386e-11	-5.9611434e-11	-5.9464933e-11	-5.9725017e-11	-6.0004876e-11	-5.9895623e-11
	33.3333333333333	-5.9570682e-11	-6.0192691e-11	-5.9973845e-11	-6.0366573e-11	-6.0263121e-11	-5.985043e-11	-5.9311125e-11	-5.9859923e-11	-6.0161508e-11	-6.0091952e-11	-6.0133828e-11	-5.9945451e-11	-6.0057792e-11	-6.0000734e-11	-6.0339872e-11	-6.0411655e-11	-6.0196764e-11	-5.9904665e-11	-6.0340739e-11	-6.052351e-11	-6.0140531e-11	-6.0137673e-11	-6.0235136e-11	-6.052283e-11	-6.0190734e-11	-6.046634e-11	-6.031084e-11	-5.9554903e-11	-5.9575768e-11	-5.9335301e-11	-6.0045025e-11	-6.0071274e-11	-5.9552044e-11	-5.9500523e-11	-5.9701369e-11	-5.9891855e-11	-6.0333169e-11	-5.9698128e-11	-5.9794017e-11	-5.9393455e-11	-5.986011e-11	-6.006088e-11	-6.0028038e-11	-5.9481545e-11	-5.9681822e-11	-5.9717148e-11	-6.0310312e-11	-5.9543419e-11	-5.984388e-11	-5.9516302e-11	-5.9287776e-11
	33.8888888888889	-5.9592983e-11	-6.0012974e-11	-5.9798458e-11	-5.9151066e-11	-5.9887185e-11	-5.9626762e-11	-5.9646912e-11	-5.9854351e-11	-5.9821204e-11	-6.041851e-11	-6.020192e-11	-5.959671e-11	-5.9713311e-11	-6.0046419e-11	-6.010905e-11	-6.0649902e-11	-6.0472703e-11	-5.9947332e-11	-6.005331e-11	-6.0191602e-11	-6.01066e-11	-6.0200678e-11	-6.0076624e-11	-5.9486513e-11	-5.9920666e-11	-6.0709965e-11	-6.0412182e-11	-6.0087997e-11	-5.9287061e-11	-5.9119015e-11	-5.9701556e-11	-5.9968912e-11	-6.0007027e-11	-5.9425048e-11	-5.9651582e-11	-6.0033881e-11	-6.0154354e-11	-6.0148629e-11	-5.9721068e-11	-5.9492765e-11	-5.936035e-11	-5.9574373e-11	-5.9954076e-11	-5.9469152e-11	-5.9904248e-11	-5.9697906e-11	-5.9932642e-11	-5.9546583e-11	-5.9885569e-11	-5.9998326e-11	-6.0344167e-11
	34.4444444444444	-6.0285714e-11	-6.0110403e-11	-5.9637573e-11	-6.0296788e-11	-6.0282591e-11	-6.0298072e-11	-5.988101e-11	-6.011229e-11	-6.005911e-11	-6.0144188e-11	-6.0641346e-11	-6.0343452e-11	-6.0148969e-11	-6.0079219e-11	-6.0549836e-11	-6.0514732e-11	-5.9508773e-11	-5.9596335e-11	-5.9840563e-11	-6.0671551e-11	-6.0147165e-11	-6.0320061e-11	-5.9534266e-11	-6.0251484e-11	-6.0180604e-11	-6.0018962e-11	-6.0128368e-11	-5.9533399e-11	-5.9165381e-11	-5.9388293e-11	-5.9443991e-11	-5.9424257e-11	-5.898694e-11	-5.8518662e-11	-5.8876667e-11	-5.9048814e-11	-5.9763396e-11	-5.9118037e-11	-5.8901072e-11	-5.9160482e-11	-5.9461318e-11	-5.9114345e-11	-5.9191624e-11	-5.8899038e-11	-5.9527223e-11	-5.969459e-11	-5.9781326e-11	-5.9321818e-11	-5.9121881e-11	-5.8775283e-11	-5.9515511e-11
	35	-6.0009435e-11	-5.9859812e-11	-5.9617498e-11	-6.0270768e-11	-6.037934e-11	-6.061382e-11	-6.0771922e-11	-6.0641873e-11	-6.0125543e-11	-6.0171944e-11	-6.0754825e-11	-6.0614874e-11	-6.0195592e-11	-6.0433651e-11	-6.0101139e-11	-6.0042991e-11	-5.9955693e-11	-6.0479483e-11	-6.0076777e-11	-6.050984e-11	-6.0604029e-11	-6.0796514e-11	-6.1239069e-11	-6.0441485e-11	-6.0329783e-11	-6.0409733e-11	-6.0247418e-11	-6.0049847e-11	-5.9496082e-11	-5.9336244e-11	-5.9269437e-11	-5.948704e-11	-5.9709203e-11	-5.9374582e-11	-5.9146736e-11	-5.9785843e-11	-5.9512763e-11	-5.9449716e-11	-5.9254331e-11	-5.9428816e-11	-5.9589778e-11	-5.9290975e-11	-5.9420531e-11	-5.9504741e-11	-5.9171668e-11	-5.9541344e-11	-5.9541573e-11	-5.988391e-11	-5.9289247e-11	-5.9731387e-11	-5.9969855e-11
	35.5555555555556	-5.9786065e-11	-5.9866626e-11	-6.0301764e-11	-5.9744605e-11	-5.9551933e-11	-5.9954638e-11	-6.0610239e-11	-6.0308349e-11	-5.9777065e-11	-5.9773977e-11	-5.977021e-11	-5.9997646e-11	-6.0381151e-11	-5.9679678e-11	-5.9663177e-11	-5.9997951e-11	-5.9661935e-11	-6.00738e-11	-5.9981187e-11	-5.9552266e-11	-5.9682766e-11	-6.0315468e-11	-6.0454738e-11	-6.0208019e-11	-6.0561167e-11	-6.0259131e-11	-6.0254197e-11	-6.0252615e-11	-5.9304797e-11	-5.9426103e-11	-5.9012739e-11	-5.9115324e-11	-5.942509e-11	-5.9513443e-11	-5.9848432e-11	-5.9290108e-11	-5.9648002e-11	-5.9712783e-11	-5.975944e-11	-5.9665363e-11	-5.9462789e-11	-5.9294854e-11	-5.9608159e-11	-6.0153528e-11	-5.9971209e-11	-5.9180445e-11	-5.9369384e-11	-5.9672711e-11	-5.9532761e-11	-5.9777898e-11	-5.9532462e-11
	36.1111111111111	-5.9871448e-11	-6.0324058e-11	-6.0106829e-11	-6.0159176e-11	-5.9477208e-11	-5.9265821e-11	-6.001049e-11	-6.071061e-11	-6.0895865e-11	-6.0191754e-11	-6.0223083e-11	-6.0285603e-11	-6.0826941e-11	-6.1105669e-11	-6.0981956e-11	-6.0604896e-11	-6.0706162e-11	-6.0994383e-11	-6.1119533e-11	-6.0936346e-11	-6.0775947e-11	-6.110315e-11	-6.0789734e-11	-6.0569043e-11	-6.1369299e-11	-6.0535896e-11	-6.0439674e-11	-5.9701293e-11	-5.9726002e-11	-6.0075681e-11	-5.9254858e-11	-5.911107e-11	-5.9267931e-11	-5.9709619e-11	-5.9634298e-11	-5.9373943e-11	-5.9715115e-11	-5.9907447e-11	-5.9571327e-11	-5.9921762e-11	-5.9081282e-11	-5.9207181e-11	-6.0012599e-11	-6.0024576e-11	-5.9954562e-11	-6.0686393e-11	-6.0465889e-11	-5.9902402e-11	-6.0364123e-11	-6.0307224e-11	-6.0165616e-11
	36.6666666666667	-5.9734696e-11	-6.0022619e-11	-6.0503658e-11	-6.0534917e-11	-5.9952113e-11	-6.0376967e-11	-6.0466979e-11	-6.0450561e-11	-6.062207e-11	-6.0372901e-11	-6.023574e-11	-6.0330838e-11	-6.0351245e-11	-6.053006e-11	-6.0161737e-11	-6.0242936e-11	-6.0362812e-11	-6.0801406e-11	-6.07999e-11	-6.0528402e-11	-6.044009e-11	-6.0641464e-11	-6.0820994e-11	-6.1044961e-11	-6.0537672e-11	-6.0257209e-11	-6.0536159e-11	-6.0188174e-11	-5.9892723e-11	-6.0017456e-11	-5.9387877e-11	-5.9591998e-11	-5.9610455e-11	-5.9973505e-11	-6.0224367e-11	-6.009282e-11	-5.9516718e-11	-5.996522e-11	-6.0009775e-11	-6.0353958e-11	-6.0693547e-11	-6.0132926e-11	-5.9722685e-11	-6.0017456e-11	-6.0332642e-11	-6.0284132e-11	-5.990395e-11	-6.0360321e-11	-6.0094436e-11	-6.0471163e-11	-6.0442949e-11
	37.2222222222222	-6.0325446e-11	-6.0230654e-11	-6.0255849e-11	-6.0561771e-11	-6.0721192e-11	-6.0433651e-11	-6.037524e-11	-6.0398811e-11	-6.058324e-11	-6.0337686e-11	-6.0470483e-11	-6.0150364e-11	-6.0191942e-11	-6.0665528e-11	-6.066022e-11	-6.0325224e-11	-6.0007402e-11	-6.0137298e-11	-6.0395765e-11	-6.0251824e-11	-6.0297878e-11	-6.0797076e-11	-6.0853794e-11	-6.071095e-11	-6.0729775e-11	-6.044585e-11	-6.0315128e-11	-6.0202864e-11	-6.0474396e-11	-5.9473558e-11	-5.9550198e-11	-6.0131872e-11	-6.0501854e-11	-6.0621612e-11	-6.0583656e-11	-6.037422e-11	-6.0165505e-11	-6.0345597e-11	-6.0832665e-11	-6.0742134e-11	-6.0234873e-11	-6.0385405e-11	-6.0288802e-11	-6.0624443e-11	-6.0487691e-11	-5.9614369e-11	-6.0276756e-11	-6.0212425e-11	-6.0615776e-11	-6.1195604e-11	-6.0849124e-11
	37.7777777777778	-6.0626171e-11	-6.0590769e-11	-6.0877255e-11	-6.1061607e-11	-6.0782657e-11	-6.1121191e-11	-6.1094602e-11	-6.1618578e-11	-6.1255112e-11	-6.0998977e-11	-6.1264147e-11	-6.1569957e-11	-6.2216558e-11	-6.1424588e-11	-6.1702934e-11	-6.1284824e-11	-6.1097571e-11	-6.1259331e-11	-6.1164761e-11	-6.1061572e-11	-6.1087406e-11	-6.1847027e-11	-6.2003506e-11	-6.068579e-11	-6.0888142e-11	-6.074985e-11	-6.0895865e-11	-6.1016227e-11	-6.0810072e-11	-6.0747254e-11	-6.0590692e-11	-6.0312082e-11	-6.0596382e-11	-6.0727028e-11	-6.0713511e-11	-6.0803515e-11	-6.0272801e-11	-6.0440125e-11	-6.0877824e-11	-6.129703e-11	-6.1291153e-11	-6.0466791e-11	-6.0758551e-11	-6.0533259e-11	-6.0958828e-11	-6.074153e-11	-6.1297932e-11	-6.112684e-11	-6.0743334e-11	-6.0998755e-11	-6.0912393e-11
	38.3333333333333	-6.1345574e-11	-6.1507022e-11	-6.1331336e-11	-6.082148e-11	-6.1769256e-11	-6.1330732e-11	-6.172414e-11	-6.1737247e-11	-6.0452518e-11	-6.1084957e-11	-6.1036523e-11	-6.1855014e-11	-6.1374683e-11	-6.1065715e-11	-6.1183746e-11	-6.1120435e-11	-6.2023393e-11	-6.1407712e-11	-6.1378264e-11	-6.1284186e-11	-6.1779505e-11	-6.1836293e-11	-6.1803715e-11	-6.1577715e-11	-6.1106314e-11	-6.1499944e-11	-6.1703129e-11	-6.1711788e-11	-6.0730532e-11	-6.0135522e-11	-6.0666354e-11	-6.0321685e-11	-6.0500611e-11	-6.0821931e-11	-6.0781338e-11	-6.1004889e-11	-6.1014416e-11	-6.1339434e-11	-6.0567835e-11	-6.0989526e-11	-6.1081265e-11	-6.0993252e-11	-6.1419918e-11	-6.0724127e-11	-6.0589339e-11	-6.1247694e-11	-6.1263619e-11	-6.1234323e-11	-6.1222194e-11	-6.1219863e-11	-6.1019578e-11
	38.8888888888889	-6.1398372e-11	-6.1977826e-11	-6.2051718e-11	-6.2085385e-11	-6.2391946e-11	-6.2485232e-11	-6.2422109e-11	-6.2786554e-11	-6.1941105e-11	-6.2560665e-11	-6.2684531e-11	-6.2013075e-11	-6.2126887e-11	-6.2183231e-11	-6.2282804e-11	-6.2295308e-11	-6.1873916e-11	-6.2383355e-11	-6.2701032e-11	-6.3042502e-11	-6.2801021e-11	-6.2090208e-11	-6.2243939e-11	-6.2697111e-11	-6.2720835e-11	-6.2673387e-11	-6.1826315e-11	-6.1281133e-11	-6.1386396e-11	-6.1763719e-11	-6.1357246e-11	-6.0944222e-11	-6.1724896e-11	-6.1356531e-11	-6.1830985e-11	-6.1975078e-11	-6.1336568e-11	-6.1185362e-11	-6.132414e-11	-6.1638687e-11	-6.1613756e-11	-6.1595493e-11	-6.0732072e-11	-6.1054078e-11	-6.1576695e-11	-6.1817128e-11	-6.1312129e-11	-6.1497273e-11	-6.1581143e-11	-6.1414832e-11	-6.1450685e-11
	39.4444444444444	-6.1742444e-11	-6.1458026e-11	-6.1469135e-11	-6.1486045e-11	-6.1067144e-11	-6.1822512e-11	-6.1420743e-11	-6.1562991e-11	-6.1812569e-11	-6.2124479e-11	-6.1746212e-11	-6.1473882e-11	-6.1695933e-11	-6.2080979e-11	-6.2379671e-11	-6.2152575e-11	-6.158811e-11	-6.2120788e-11	-6.2109075e-11	-6.2152311e-11	-6.2123237e-11	-6.2407121e-11	-6.2041546e-11	-6.226706e-11	-6.2215427e-11	-6.2470772e-11	-6.2029756e-11	-6.087756e-11	-6.0695809e-11	-6.1209801e-11	-6.0623125e-11	-6.0641762e-11	-6.1013437e-11	-6.0703755e-11	-6.0616796e-11	-6.0635288e-11	-6.0484569e-11	-6.1231235e-11	-6.0996645e-11	-6.1418898e-11	-6.065265e-11	-6.0790033e-11	-6.0945277e-11	-6.1640304e-11	-6.1735742e-11	-6.087824e-11	-6.1371595e-11	-6.2032886e-11	-6.1469441e-11	-6.1419612e-11	-6.1288967e-11
	40	-6.1454411e-11	-6.1774003e-11	-6.1653072e-11	-6.1722259e-11	-6.1788956e-11	-6.132015e-11	-6.1698077e-11	-6.1805901e-11	-6.2130655e-11	-6.213427e-11	-6.2311052e-11	-6.1844238e-11	-6.210979e-11	-6.2272784e-11	-6.2136074e-11	-6.1793397e-11	-6.164215e-11	-6.1264792e-11	-6.2100262e-11	-6.2607551e-11	-6.2113703e-11	-6.2155996e-11	-6.2148051e-11	-6.2280847e-11	-6.2872915e-11	-6.2507451e-11	-6.0976231e-11	-6.1104996e-11	-6.0839257e-11	-6.1126458e-11	-6.1196923e-11	-6.0957177e-11	-6.0880571e-11	-6.1258235e-11	-6.1405526e-11	-6.1400746e-11	-6.1254807e-11	-6.1144804e-11	-6.1226642e-11	-6.1324404e-11	-6.1772421e-11	-6.112548e-11	-6.0790789e-11	-6.1115009e-11	-6.1080738e-11	-6.1667761e-11	-6.158965e-11	-6.1648478e-11	-6.1492714e-11	-6.1759695e-11	-6.1666748e-11
	40.5555555555556	-6.1544984e-11	-6.1992626e-11	-6.2011944e-11	-6.1349148e-11	-6.1654244e-11	-6.106176e-11	-6.1362707e-11	-6.1964718e-11	-6.245017e-11	-6.2020833e-11	-6.2015261e-11	-6.2535511e-11	-6.175694e-11	-6.2426106e-11	-6.196773e-11	-6.1994507e-11	-6.1445904e-11	-6.1662828e-11	-6.1809668e-11	-6.2114647e-11	-6.2565599e-11	-6.2010175e-11	-6.2354136e-11	-6.2231172e-11	-6.2076608e-11	-6.2292255e-11	-6.2084553e-11	-6.2078079e-11	-6.1775696e-11	-6.1182538e-11	-6.1177452e-11	-6.0975364e-11	-6.1020668e-11	-6.1959035e-11	-6.0882306e-11	-6.1671189e-11	-6.1304559e-11	-6.1009219e-11	-6.1470759e-11	-6.190657e-11	-6.077279e-11	-6.053183e-11	-6.123195e-11	-6.165108e-11	-6.1378715e-11	-6.151437e-11	-6.1180658e-11	-6.1659441e-11	-6.1788123e-11	-6.1291638e-11	-6.1678648e-11
	41.1111111111111	-6.1078066e-11	-6.1451552e-11	-6.1486649e-11	-6.1565399e-11	-6.1918512e-11	-6.1762859e-11	-6.1535006e-11	-6.2029534e-11	-6.1852863e-11	-6.1980684e-11	-6.1601363e-11	-6.2186652e-11	-6.1815691e-11	-6.1832643e-11	-6.2035523e-11	-6.2080001e-11	-6.2176826e-11	-6.253683e-11	-6.2138371e-11	-6.2252828e-11	-6.2651995e-11	-6.237854e-11	-6.2393563e-11	-6.2914077e-11	-6.2627931e-11	-6.2953545e-11	-6.2297112e-11	-6.2151478e-11	-6.1614734e-11	-6.1057694e-11	-6.1077539e-11	-6.1884838e-11	-6.1288287e-11	-6.1087031e-11	-6.1306515e-11	-6.1360521e-11	-6.1009031e-11	-6.1022513e-11	-6.0809809e-11	-6.0764616e-11	-6.1230555e-11	-6.1453322e-11	-6.1565773e-11	-6.1200274e-11	-6.1062926e-11	-6.118777e-11	-6.1491624e-11	-6.1534139e-11	-6.1128116e-11	-6.1170562e-11	-6.1691451e-11
	41.6666666666667	-6.188032e-11	-6.2045202e-11	-6.1979824e-11	-6.238686e-11	-6.2168805e-11	-6.2282013e-11	-6.2409154e-11	-6.2122897e-11	-6.2035259e-11	-6.193971e-11	-6.2779705e-11	-6.2890464e-11	-6.2291318e-11	-6.2197046e-11	-6.2316395e-11	-6.2407308e-11	-6.2561081e-11	-6.2767992e-11	-6.2387803e-11	-6.2304419e-11	-6.3082456e-11	-6.3087806e-11	-6.3239164e-11	-6.3128822e-11	-6.27507e-11	-6.2601341e-11	-6.2596935e-11	-6.2154455e-11	-6.1354796e-11	-6.1320567e-11	-6.1439985e-11	-6.1573496e-11	-6.1788054e-11	-6.2037445e-11	-6.183893e-11	-6.2236591e-11	-6.1809252e-11	-6.1575606e-11	-6.1583023e-11	-6.2169367e-11	-6.2527296e-11	-6.1954247e-11	-6.2190572e-11	-6.2237875e-11	-6.2536185e-11	-6.252289e-11	-6.2316097e-11	-6.1730433e-11	-6.2569595e-11	-6.3002992e-11	-6.2698013e-11
	42.2222222222222	-6.2356433e-11	-6.2475476e-11	-6.239409e-11	-6.2491824e-11	-6.2856158e-11	-6.2291651e-11	-6.2083241e-11	-6.2464138e-11	-6.2732437e-11	-6.2727878e-11	-6.197564e-11	-6.252289e-11	-6.2448963e-11	-6.2212263e-11	-6.1799954e-11	-6.21476e-11	-6.2145004e-11	-6.1722259e-11	-6.1694316e-11	-6.1283922e-11	-6.1418183e-11	-6.1458519e-11	-6.1556552e-11	-6.2009536e-11	-6.1954851e-11	-6.1217149e-11	-6.1642906e-11	-6.1662377e-11	-6.1820438e-11	-6.1583398e-11	-6.1190143e-11	-6.1557794e-11	-6.1280529e-11	-6.1593459e-11	-6.153373e-11	-6.1662869e-11	-6.17821e-11	-6.2083956e-11	-6.2106473e-11	-6.261678e-11	-6.1933687e-11	-6.1756378e-11	-6.2019216e-11	-6.2253577e-11	-6.2355301e-11	-6.2029833e-11	-6.2343776e-11	-6.2113745e-11	-6.2037521e-11	-6.2571663e-11	-6.2189288e-11
	42.7777777777778	-6.21821e-11	-6.2967818e-11	-6.25952e-11	-6.2192494e-11	-6.2277419e-11	-6.2827153e-11	-6.3422462e-11	-6.2875927e-11	-6.2282464e-11	-6.3056622e-11	-6.2932229e-11	-6.318128e-11	-6.282079e-11	-6.294127e-11	-6.306649e-11	-6.3584742e-11	-6.3587829e-11	-6.351375e-11	-6.2744414e-11	-6.3700212e-11	-6.3302211e-11	-6.3843403e-11	-6.3438164e-11	-6.3116089e-11	-6.3367402e-11	-6.3177706e-11	-6.2761928e-11	-6.2825162e-11	-6.1753443e-11	-6.1752728e-11	-6.2329843e-11	-6.1583363e-11	-6.2185451e-11	-6.1963927e-11	-6.2310636e-11	-6.2409078e-11	-6.2492352e-11	-6.1829104e-11	-6.1486309e-11	-6.2338093e-11	-6.2587178e-11	-6.3223912e-11	-6.2907603e-11	-6.2201001e-11	-6.2652786e-11	-6.2796199e-11	-6.2791793e-11	-6.2712405e-11	-6.237131e-11	-6.2824253e-11	-6.2891366e-11
	43.3333333333333	-6.3032975e-11	-6.2516041e-11	-6.2396123e-11	-6.2788136e-11	-6.2472201e-11	-6.2654666e-11	-6.2673838e-11	-6.2359479e-11	-6.2100936e-11	-6.264661e-11	-6.2718393e-11	-6.2215427e-11	-6.2107187e-11	-6.2212076e-11	-6.2267476e-11	-6.237752e-11	-6.2645403e-11	-6.2266796e-11	-6.2140897e-11	-6.2216184e-11	-6.2929294e-11	-6.2303218e-11	-6.1991343e-11	-6.2592265e-11	-6.2892871e-11	-6.3254908e-11	-6.231124e-11	-6.2040831e-11	-6.2193736e-11	-6.2184882e-11	-6.2336511e-11	-6.2140404e-11	-6.1781989e-11	-6.1631755e-11	-6.239665e-11	-6.227862e-11	-6.2301712e-11	-6.1982267e-11	-6.2090617e-11	-6.2480451e-11	-6.2163455e-11	-6.1726284e-11	-6.1877649e-11	-6.1913349e-11	-6.2675531e-11	-6.2498791e-11	-6.2371233e-11	-6.1895759e-11	-6.1884352e-11	-6.2275532e-11	-6.2503912e-11
	43.8888888888889	-6.1996054e-11	-6.2162553e-11	-6.2362719e-11	-6.2366563e-11	-6.2116867e-11	-6.2666566e-11	-6.2622581e-11	-6.2504286e-11	-6.2890915e-11	-6.2927559e-11	-6.2965598e-11	-6.257185e-11	-6.2396054e-11	-6.2816613e-11	-6.3012637e-11	-6.223904e-11	-6.2370664e-11	-6.276972e-11	-6.2821692e-11	-6.2948986e-11	-6.2504439e-11	-6.2830623e-11	-6.292681e-11	-6.322267e-11	-6.2792618e-11	-6.3004768e-11	-6.2776617e-11	-6.2062938e-11	-6.2103538e-11	-6.2022526e-11	-6.200656e-11	-6.176798e-11	-6.2121766e-11	-6.1746927e-11	-6.2231324e-11	-6.2677565e-11	-6.2004228e-11	-6.2535283e-11	-6.2734998e-11	-6.2569068e-11	-6.2009425e-11	-6.2268191e-11	-6.2147974e-11	-6.2468926e-11	-6.1561631e-11	-6.1779429e-11	-6.2346489e-11	-6.2404221e-11	-6.2101317e-11	-6.2253161e-11	-6.2646832e-11
	44.4444444444444	-6.2500935e-11	-6.2658281e-11	-6.2544962e-11	-6.2735185e-11	-6.2329128e-11	-6.2517165e-11	-6.2488618e-11	-6.2751797e-11	-6.2852688e-11	-6.2309352e-11	-6.2400266e-11	-6.276249e-11	-6.2607627e-11	-6.3124415e-11	-6.2481506e-11	-6.2337226e-11	-6.3367971e-11	-6.2990606e-11	-6.2721328e-11	-6.2941909e-11	-6.2879167e-11	-6.2512349e-11	-6.3057191e-11	-6.3188475e-11	-6.3232426e-11	-6.3010715e-11	-6.2958708e-11	-6.2364378e-11	-6.2193022e-11	-6.1818065e-11	-6.1982419e-11	-6.2736843e-11	-6.2319865e-11	-6.2292484e-11	-6.236886e-11	-6.2297903e-11	-6.2140897e-11	-6.2654784e-11	-6.2746634e-11	-6.2207968e-11	-6.2762941e-11	-6.238618e-11	-6.2794277e-11	-6.2662091e-11	-6.2063202e-11	-6.2130953e-11	-6.2421998e-11	-6.2463687e-11	-6.21833e-11	-6.232969e-11	-6.1887287e-11
	45	-6.2264686e-11	-6.2563607e-11	-6.3016592e-11	-6.2913924e-11	-6.2281298e-11	-6.2272333e-11	-6.2336095e-11	-6.2854721e-11	-6.2502142e-11	-6.2447041e-11	-6.2841919e-11	-6.2520746e-11	-6.2204207e-11	-6.1810723e-11	-6.2940701e-11	-6.2765765e-11	-6.2877807e-11	-6.2620437e-11	-6.2807946e-11	-6.3399418e-11	-6.3216231e-11	-6.3159138e-11	-6.3088597e-11	-6.2772662e-11	-6.3008453e-11	-6.2762039e-11	-6.2627889e-11	-6.2606385e-11	-6.2140633e-11	-6.2133965e-11	-6.1638687e-11	-6.2414206e-11	-6.2386034e-11	-6.2847567e-11	-6.225874e-11	-6.2152762e-11	-6.2081805e-11	-6.2861015e-11	-6.2635612e-11	-6.1891055e-11	-6.223027e-11	-6.2685586e-11	-6.248007e-11	-6.2851599e-11	-6.2753941e-11	-6.2484927e-11	-6.2261377e-11	-6.2653729e-11	-6.2845007e-11	-6.235662e-11	-6.1868573e-11
	45.5555555555556	-6.2488507e-11	-6.254304e-11	-6.2502517e-11	-6.2727615e-11	-6.2788101e-11	-6.2523153e-11	-6.2491824e-11	-6.2623559e-11	-6.2680618e-11	-6.2432053e-11	-6.241066e-11	-6.2615052e-11	-6.3014108e-11	-6.3624363e-11	-6.2439172e-11	-6.2817855e-11	-6.2881686e-11	-6.3018396e-11	-6.3163433e-11	-6.3335469e-11	-6.2719066e-11	-6.3094849e-11	-6.327984e-11	-6.3288166e-11	-6.3284697e-11	-6.3441856e-11	-6.3200112e-11	-6.2316999e-11	-6.2332632e-11	-6.2405539e-11	-6.2136907e-11	-6.1550376e-11	-6.1336422e-11	-6.1406019e-11	-6.1921294e-11	-6.1513163e-11	-6.1872715e-11	-6.1599448e-11	-6.2260468e-11	-6.27031e-11	-6.2588462e-11	-6.264525e-11	-6.2743588e-11	-6.2341819e-11	-6.2774431e-11	-6.2903308e-11	-6.2929176e-11	-6.2469377e-11	-6.2579726e-11	-6.2270904e-11	-6.2617349e-11
	46.1111111111111	-6.2835591e-11	-6.2474532e-11	-6.2764301e-11	-6.3278369e-11	-6.2896077e-11	-6.2673346e-11	-6.2485794e-11	-6.2787539e-11	-6.2684836e-11	-6.2796351e-11	-6.3007738e-11	-6.2880749e-11	-6.2768554e-11	-6.2895925e-11	-6.3417306e-11	-6.350645e-11	-6.3091234e-11	-6.2882026e-11	-6.3068786e-11	-6.3034217e-11	-6.3045666e-11	-6.3108747e-11	-6.3080312e-11	-6.3297388e-11	-6.278663e-11	-6.3068599e-11	-6.2962587e-11	-6.2755634e-11	-6.1806206e-11	-6.1537796e-11	-6.20307e-11	-6.215916e-11	-6.2116264e-11	-6.221814e-11	-6.2142971e-11	-6.2696244e-11	-6.2755183e-11	-6.3042196e-11	-6.2857511e-11	-6.2535886e-11	-6.2489937e-11	-6.3305639e-11	-6.2812616e-11	-6.2685024e-11	-6.2661223e-11	-6.2971926e-11	-6.2664193e-11	-6.2682574e-11	-6.3413351e-11	-6.2830886e-11	-6.3282629e-11
	46.6666666666667	-6.375004e-11	-6.2662806e-11	-6.32151e-11	-6.3283268e-11	-6.3382431e-11	-6.3460952e-11	-6.3393429e-11	-6.3902675e-11	-6.3295244e-11	-6.294304e-11	-6.3017341e-11	-6.3412706e-11	-6.3938306e-11	-6.317194e-11	-6.2990529e-11	-6.3175937e-11	-6.3497672e-11	-6.3890213e-11	-6.3199584e-11	-6.2964883e-11	-6.3641988e-11	-6.3426001e-11	-6.3963237e-11	-6.3790973e-11	-6.2910725e-11	-6.3294189e-11	-6.3681831e-11	-6.324527e-11	-6.2674664e-11	-6.3029845e-11	-6.2299263e-11	-6.2290409e-11	-6.2661785e-11	-6.2769005e-11	-6.255238e-11	-6.2028105e-11	-6.2485871e-11	-6.3156952e-11	-6.2811298e-11	-6.2716096e-11	-6.2430325e-11	-6.2974147e-11	-6.2912869e-11	-6.3016099e-11	-6.3312453e-11	-6.3132888e-11	-6.3358666e-11	-6.2993957e-11	-6.3232648e-11	-6.2913966e-11	-6.3426757e-11
	47.2222222222222	-6.3283906e-11	-6.3582938e-11	-6.3946855e-11	-6.4202497e-11	-6.4296651e-11	-6.3152171e-11	-6.2765432e-11	-6.3481061e-11	-6.3583729e-11	-6.3605343e-11	-6.3752788e-11	-6.3274455e-11	-6.3649336e-11	-6.3640482e-11	-6.3367062e-11	-6.3212727e-11	-6.3764917e-11	-6.3361982e-11	-6.3776436e-11	-6.3948472e-11	-6.3991749e-11	-6.3696673e-11	-6.3527121e-11	-6.344638e-11	-6.4313069e-11	-6.3828186e-11	-6.3521022e-11	-6.3628131e-11	-6.2877398e-11	-6.2742117e-11	-6.2613803e-11	-6.2743095e-11	-6.2643862e-11	-6.2474609e-11	-6.3240677e-11	-6.2945336e-11	-6.2724076e-11	-6.2557313e-11	-6.3033724e-11	-6.3482983e-11	-6.2745358e-11	-6.3123964e-11	-6.2983035e-11	-6.2959873e-11	-6.3428263e-11	-6.2803013e-11	-6.3012595e-11	-6.2928503e-11	-6.3339875e-11	-6.2779323e-11	-6.2899574e-11
	47.7777777777778	-6.3188212e-11	-6.3510551e-11	-6.3330681e-11	-6.3477036e-11	-6.308875e-11	-6.3591146e-11	-6.3260557e-11	-6.3303494e-11	-6.3464192e-11	-6.3458391e-11	-6.382276e-11	-6.3455866e-11	-6.3974763e-11	-6.3819901e-11	-6.413757e-11	-6.418039e-11	-6.4200423e-11	-6.4679741e-11	-6.4549616e-11	-6.4276008e-11	-6.4273711e-11	-6.40401e-11	-6.4677062e-11	-6.5299259e-11	-6.3621955e-11	-6.3563016e-11	-6.4041349e-11	-6.3971863e-11	-6.3770184e-11	-6.3748985e-11	-6.3442571e-11	-6.3614496e-11	-6.3852854e-11	-6.3996038e-11	-6.3635965e-11	-6.3793235e-11	-6.3562489e-11	-6.3959317e-11	-6.3977587e-11	-6.4085036e-11	-6.3989564e-11	-6.3819672e-11	-6.370119e-11	-6.4038108e-11	-6.3579773e-11	-6.3752031e-11	-6.4014717e-11	-6.3241988e-11	-6.3689214e-11	-6.3571787e-11	-6.3874732e-11
	48.3333333333333	-6.376525e-11	-6.3510551e-11	-6.3429616e-11	-6.3850369e-11	-6.3807959e-11	-6.421165e-11	-6.3464754e-11	-6.3525053e-11	-6.3278521e-11	-6.3754932e-11	-6.3692038e-11	-6.3865961e-11	-6.3484488e-11	-6.3974839e-11	-6.4403191e-11	-6.4035999e-11	-6.4085674e-11	-6.4524573e-11	-6.3878652e-11	-6.408217e-11	-6.4542011e-11	-6.4598882e-11	-6.393925e-11	-6.4086014e-11	-6.4300565e-11	-6.4112639e-11	-6.4260944e-11	-6.3515825e-11	-6.3360019e-11	-6.3302703e-11	-6.3104563e-11	-6.3751393e-11	-6.3194353e-11	-6.3328648e-11	-6.3352448e-11	-6.3447921e-11	-6.3168137e-11	-6.2859051e-11	-6.3493343e-11	-6.3603275e-11	-6.3624175e-11	-6.3650051e-11	-6.3052029e-11	-6.3567873e-11	-6.3222184e-11	-6.3247678e-11	-6.3408112e-11	-6.3448823e-11	-6.2949632e-11	-6.3000244e-11	-6.3346162e-11
	48.8888888888889	-6.3902751e-11	-6.381233e-11	-6.3808341e-11	-6.3791354e-11	-6.4067744e-11	-6.3823738e-11	-6.3749624e-11	-6.3473685e-11	-6.3596454e-11	-6.3714145e-11	-6.3636756e-11	-6.359499e-11	-6.4403191e-11	-6.4273115e-11	-6.4103035e-11	-6.3377838e-11	-6.3501177e-11	-6.3695653e-11	-6.3807321e-11	-6.3868182e-11	-6.3156272e-11	-6.3276002e-11	-6.3998334e-11	-6.471107e-11	-6.4293904e-11	-6.3660029e-11	-6.3690574e-11	-6.3352525e-11	-6.3804871e-11	-6.3482872e-11	-6.3253368e-11	-6.3277654e-11	-6.3067433e-11	-6.3859786e-11	-6.4242833e-11	-6.4000222e-11	-6.3784984e-11	-6.3519738e-11	-6.4473996e-11	-6.3678819e-11	-6.3933331e-11	-6.4133164e-11	-6.3831648e-11	-6.3580641e-11	-6.4105672e-11	-6.3893002e-11	-6.3628054e-11	-6.38051e-11	-6.357842e-11	-6.455101e-11	-6.4095389e-11
	49.4444444444444	-6.3324616e-11	-6.3577171e-11	-6.3482192e-11	-6.3703938e-11	-6.3764653e-11	-6.321043e-11	-6.3244777e-11	-6.3021297e-11	-6.4455469e-11	-6.3669972e-11	-6.3698935e-11	-6.3544447e-11	-6.3758436e-11	-6.3829164e-11	-6.3898727e-11	-6.3694904e-11	-6.385014e-11	-6.3803407e-11	-6.3593027e-11	-6.3708386e-11	-6.4191916e-11	-6.4173875e-11	-6.4647086e-11	-6.436527e-11	-6.4069368e-11	-6.382099e-11	-6.3935704e-11	-6.3500386e-11	-6.3490102e-11	-6.3178233e-11	-6.2744261e-11	-6.3264699e-11	-6.3705374e-11	-6.3755612e-11	-6.2790738e-11	-6.3206065e-11	-6.3143435e-11	-6.2702572e-11	-6.2861466e-11	-6.2817813e-11	-6.2462334e-11	-6.3006947e-11	-6.3255776e-11	-6.3394859e-11	-6.3134692e-11	-6.3611144e-11	-6.3374028e-11	-6.4076862e-11	-6.3694376e-11	-6.3328572e-11	-6.2929856e-11
	50	-6.2870917e-11	-6.3477487e-11	-6.328052e-11	-6.3342546e-11	-6.324237e-11	-6.3406003e-11	-6.3631669e-11	-6.3622441e-11	-6.3145392e-11	-6.3727669e-11	-6.3411124e-11	-6.3575818e-11	-6.3678597e-11	-6.3191036e-11	-6.3442425e-11	-6.3696597e-11	-6.3770378e-11	-6.3591563e-11	-6.3693696e-11	-6.3597697e-11	-6.3983686e-11	-6.3952614e-11	-6.4408277e-11	-6.384434e-11	-6.3558644e-11	-6.40972e-11	-6.388215e-11	-6.3727176e-11	-6.3138383e-11	-6.3451723e-11	-6.3764348e-11	-6.3467807e-11	-6.3666503e-11	-6.3338779e-11	-6.3344691e-11	-6.3509684e-11	-6.3652798e-11	-6.3862832e-11	-6.3453305e-11	-6.3508067e-11	-6.3677091e-11	-6.3874656e-11	-6.3954009e-11	-6.3297464e-11	-6.3671401e-11	-6.3625417e-11	-6.3802158e-11	-6.3677202e-11	-6.3529196e-11	-6.4486652e-11	-6.4103334e-11
