I1_2990
																																																				
		509.5	509.53	509.56	509.59	509.62	509.65	509.68	509.71	509.74	509.77	509.8	509.83	509.86	509.89	509.92	509.95	509.98	510.01	510.04	510.07	510.1	510.13	510.16	510.19	510.22	510.25	510.28	510.31	510.34	510.37	510.4	510.43	510.46	510.49	510.52	510.55	510.58	510.61	510.64	510.67	510.7	510.73	510.76	510.79	510.82	510.85	510.88	510.91	510.94	510.97	511
	50	-6.3448372e-11	-6.3300892e-11	-6.3325262e-11	-6.3512959e-11	-6.2874379e-11	-6.3290762e-11	-6.3177255e-11	-6.345395e-11	-6.3663873e-11	-6.3655962e-11	-6.3685036e-11	-6.3531493e-11	-6.3047546e-11	-6.3611033e-11	-6.2775674e-11	-6.3363675e-11	-6.3355203e-11	-6.3173335e-11	-6.3257961e-11	-6.3774631e-11	-6.3268918e-11	-6.3760511e-11	-6.3658259e-11	-6.3794255e-11	-6.3585047e-11	-6.3586927e-11	-6.426136e-11	-6.3802914e-11	-6.3847316e-11	-6.3088035e-11	-6.3138952e-11	-6.3283115e-11	-6.3361073e-11	-6.3679728e-11	-6.3360928e-11	-6.3335427e-11	-6.3588773e-11	-6.3286584e-11	-6.3564334e-11	-6.3716483e-11	-6.2977609e-11	-6.3170809e-11	-6.3667224e-11	-6.3467238e-11	-6.3608924e-11	-6.3002277e-11	-6.325894e-11	-6.3387212e-11	-6.3778885e-11	-6.3351512e-11	-6.3167457e-11
	50.5555555555556	-6.3257698e-11	-6.2946613e-11	-6.3908136e-11	-6.3739306e-11	-6.329532e-11	-6.3613365e-11	-6.3449204e-11	-6.3415835e-11	-6.3446338e-11	-6.3610089e-11	-6.3434744e-11	-6.379184e-11	-6.3739e-11	-6.3140944e-11	-6.3166368e-11	-6.274227e-11	-6.3663873e-11	-6.3744461e-11	-6.3580072e-11	-6.3524186e-11	-6.378393e-11	-6.4270624e-11	-6.4812718e-11	-6.4039198e-11	-6.3804309e-11	-6.4447066e-11	-6.4376719e-11	-6.3685564e-11	-6.3362052e-11	-6.347349e-11	-6.3409056e-11	-6.3724012e-11	-6.3982597e-11	-6.3871346e-11	-6.3931901e-11	-6.3944558e-11	-6.4012198e-11	-6.4157381e-11	-6.3891642e-11	-6.3039449e-11	-6.2815329e-11	-6.3343525e-11	-6.3631968e-11	-6.3711772e-11	-6.3053611e-11	-6.3119295e-11	-6.3673171e-11	-6.3536197e-11	-6.3970128e-11	-6.354426e-11	-6.3738737e-11
	51.1111111111111	-6.4041272e-11	-6.4070041e-11	-6.3787697e-11	-6.3598606e-11	-6.3513035e-11	-6.3988773e-11	-6.3285752e-11	-6.3409208e-11	-6.3495036e-11	-6.3890969e-11	-6.3944593e-11	-6.4156812e-11	-6.4250251e-11	-6.3704923e-11	-6.4182083e-11	-6.4323956e-11	-6.3785588e-11	-6.339132e-11	-6.4444471e-11	-6.4005266e-11	-6.3867162e-11	-6.4199299e-11	-6.3644812e-11	-6.4059195e-11	-6.3926031e-11	-6.4747374e-11	-6.4292772e-11	-6.3595518e-11	-6.3085093e-11	-6.3277994e-11	-6.3385928e-11	-6.3597815e-11	-6.3471124e-11	-6.3596267e-11	-6.3013691e-11	-6.3621913e-11	-6.365769e-11	-6.3736329e-11	-6.3483094e-11	-6.3317768e-11	-6.3149645e-11	-6.3418625e-11	-6.3374937e-11	-6.4022516e-11	-6.3609222e-11	-6.3127538e-11	-6.4031482e-11	-6.3319384e-11	-6.3344767e-11	-6.2698846e-11	-6.2843765e-11
	51.6666666666667	-6.2926581e-11	-6.3477182e-11	-6.3665719e-11	-6.352889e-11	-6.3193145e-11	-6.3930472e-11	-6.4042063e-11	-6.4034868e-11	-6.40012e-11	-6.3911494e-11	-6.4225812e-11	-6.3794324e-11	-6.3990618e-11	-6.3450481e-11	-6.376559e-11	-6.4405342e-11	-6.4131089e-11	-6.379617e-11	-6.3657656e-11	-6.3505201e-11	-6.3919023e-11	-6.3994456e-11	-6.4222343e-11	-6.3351248e-11	-6.422423e-11	-6.4216091e-11	-6.4009444e-11	-6.4113617e-11	-6.3618076e-11	-6.3192958e-11	-6.3494356e-11	-6.3516165e-11	-6.3520834e-11	-6.341222e-11	-6.329276e-11	-6.322301e-11	-6.3415648e-11	-6.3268016e-11	-6.3094321e-11	-6.3154655e-11	-6.3047699e-11	-6.3133415e-11	-6.3071347e-11	-6.3205496e-11	-6.3145877e-11	-6.3201618e-11	-6.3217251e-11	-6.2846249e-11	-6.2600022e-11	-6.3021338e-11	-6.3736558e-11
	52.2222222222222	-6.3558943e-11	-6.3120044e-11	-6.3287826e-11	-6.3723408e-11	-6.3539285e-11	-6.3298297e-11	-6.3277016e-11	-6.3931901e-11	-6.4209277e-11	-6.3972806e-11	-6.4136328e-11	-6.3786566e-11	-6.3047512e-11	-6.3992874e-11	-6.3717122e-11	-6.3436395e-11	-6.3617812e-11	-6.3307144e-11	-6.3497034e-11	-6.3636568e-11	-6.3871984e-11	-6.4019991e-11	-6.3825133e-11	-6.3674115e-11	-6.3726351e-11	-6.4169767e-11	-6.399653e-11	-6.3591375e-11	-6.3609451e-11	-6.3659501e-11	-6.29111e-11	-6.3257469e-11	-6.3480651e-11	-6.3210284e-11	-6.2857997e-11	-6.3358062e-11	-6.3090859e-11	-6.3219242e-11	-6.2844972e-11	-6.3046346e-11	-6.3202221e-11	-6.3411651e-11	-6.3506068e-11	-6.290056e-11	-6.3503397e-11	-6.2842821e-11	-6.3207647e-11	-6.3333956e-11	-6.292334e-11	-6.3247602e-11	-6.3449919e-11
	52.7777777777778	-6.3614801e-11	-6.3528516e-11	-6.326218e-11	-6.3185499e-11	-6.382065e-11	-6.3695355e-11	-6.3739153e-11	-6.3061445e-11	-6.3160983e-11	-6.3688499e-11	-6.3782389e-11	-6.3945085e-11	-6.3725067e-11	-6.352599e-11	-6.4000256e-11	-6.3326844e-11	-6.3795719e-11	-6.4407639e-11	-6.3961093e-11	-6.3110142e-11	-6.3528627e-11	-6.3601388e-11	-6.3670652e-11	-6.4168677e-11	-6.3601652e-11	-6.4100399e-11	-6.3852285e-11	-6.3502453e-11	-6.3009549e-11	-6.3028645e-11	-6.2933547e-11	-6.2871597e-11	-6.3632877e-11	-6.352923e-11	-6.295181e-11	-6.2861202e-11	-6.2992112e-11	-6.3255547e-11	-6.3214989e-11	-6.2927406e-11	-6.324858e-11	-6.3479291e-11	-6.3350006e-11	-6.3215252e-11	-6.2853708e-11	-6.2752886e-11	-6.3451314e-11	-6.3090935e-11	-6.3478917e-11	-6.3526712e-11	-6.2768103e-11
	53.3333333333333	-6.3311252e-11	-6.3210319e-11	-6.3186664e-11	-6.3266399e-11	-6.3154842e-11	-6.3534879e-11	-6.3776137e-11	-6.3496992e-11	-6.33813e-11	-6.3411387e-11	-6.3449239e-11	-6.3369546e-11	-6.390475e-11	-6.3415266e-11	-6.335539e-11	-6.3230088e-11	-6.3640822e-11	-6.3966173e-11	-6.3835832e-11	-6.3824196e-11	-6.4345723e-11	-6.4436068e-11	-6.403543e-11	-6.3934011e-11	-6.4603586e-11	-6.4510716e-11	-6.4011289e-11	-6.3956535e-11	-6.3936308e-11	-6.3181543e-11	-6.297516e-11	-6.3283871e-11	-6.3805551e-11	-6.2797968e-11	-6.3045326e-11	-6.3293322e-11	-6.3112661e-11	-6.271602e-11	-6.2562774e-11	-6.3157403e-11	-6.2772773e-11	-6.3190661e-11	-6.329897e-11	-6.2699672e-11	-6.2980697e-11	-6.299275e-11	-6.3242744e-11	-6.3330077e-11	-6.3021408e-11	-6.3951185e-11	-6.3337766e-11
	53.8888888888889	-6.2896188e-11	-6.3096209e-11	-6.2506472e-11	-6.2601299e-11	-6.3297388e-11	-6.3399869e-11	-6.3521702e-11	-6.2915471e-11	-6.3191299e-11	-6.2803727e-11	-6.2923569e-11	-6.3550734e-11	-6.3547834e-11	-6.3491046e-11	-6.3640669e-11	-6.3712487e-11	-6.345903e-11	-6.3479215e-11	-6.2824634e-11	-6.2952907e-11	-6.3589002e-11	-6.3184895e-11	-6.3614461e-11	-6.2863915e-11	-6.3433876e-11	-6.2945489e-11	-6.3692003e-11	-6.3554537e-11	-6.3041371e-11	-6.2910385e-11	-6.3030109e-11	-6.2752477e-11	-6.2905826e-11	-6.2778421e-11	-6.3143359e-11	-6.2771115e-11	-6.312223e-11	-6.3629033e-11	-6.2718802e-11	-6.2676399e-11	-6.2988122e-11	-6.2621977e-11	-6.315469e-11	-6.2557994e-11	-6.2928843e-11	-6.2846096e-11	-6.3095341e-11	-6.3035646e-11	-6.2487869e-11	-6.2634294e-11	-6.2874157e-11
	54.4444444444444	-6.3477897e-11	-6.3037117e-11	-6.3003186e-11	-6.3073456e-11	-6.3214045e-11	-6.334782e-11	-6.2626161e-11	-6.2300012e-11	-6.2145906e-11	-6.3400507e-11	-6.3058544e-11	-6.2728107e-11	-6.3434327e-11	-6.3291893e-11	-6.2948161e-11	-6.3227305e-11	-6.3115638e-11	-6.2814767e-11	-6.3534844e-11	-6.3383257e-11	-6.3546515e-11	-6.2675684e-11	-6.3562787e-11	-6.3054666e-11	-6.3596378e-11	-6.3442723e-11	-6.2812693e-11	-6.3131153e-11	-6.304747e-11	-6.2924922e-11	-6.3121099e-11	-6.2737746e-11	-6.2761886e-11	-6.297806e-11	-6.3378025e-11	-6.2866136e-11	-6.2659565e-11	-6.2431942e-11	-6.2750249e-11	-6.2478078e-11	-6.2556973e-11	-6.2094496e-11	-6.2135665e-11	-6.2744039e-11	-6.3039601e-11	-6.2515021e-11	-6.2417099e-11	-6.2386409e-11	-6.211634e-11	-6.2393077e-11	-6.2331008e-11
	55	-6.2409307e-11	-6.2171365e-11	-6.2122592e-11	-6.2363024e-11	-6.2211285e-11	-6.2979573e-11	-6.2221721e-11	-6.2614934e-11	-6.2632295e-11	-6.2607856e-11	-6.2445764e-11	-6.2004901e-11	-6.2224163e-11	-6.2657081e-11	-6.2765466e-11	-6.2737218e-11	-6.2220284e-11	-6.1997144e-11	-6.2924846e-11	-6.3001715e-11	-6.2627216e-11	-6.2941569e-11	-6.3098957e-11	-6.3250127e-11	-6.2473145e-11	-6.2487682e-11	-6.3751129e-11	-6.329931e-11	-6.3448032e-11	-6.304713e-11	-6.2480861e-11	-6.2546961e-11	-6.2709726e-11	-6.2927975e-11	-6.2765203e-11	-6.2673346e-11	-6.2176299e-11	-6.2683067e-11	-6.2738051e-11	-6.2785804e-11	-6.2293802e-11	-6.2579046e-11	-6.2785763e-11	-6.2671236e-11	-6.2436535e-11	-6.239164e-11	-6.2750478e-11	-6.1749938e-11	-6.2610188e-11	-6.2667774e-11	-6.264126e-11
	55.5555555555556	-6.1304073e-11	-6.2086065e-11	-6.2164399e-11	-6.2702572e-11	-6.2710705e-11	-6.2123799e-11	-6.26596e-11	-6.2859884e-11	-6.2934075e-11	-6.2678134e-11	-6.2079737e-11	-6.263437e-11	-6.210113e-11	-6.2469641e-11	-6.2858337e-11	-6.2855138e-11	-6.2854839e-11	-6.2885641e-11	-6.2694662e-11	-6.2790891e-11	-6.2533138e-11	-6.2951436e-11	-6.2800529e-11	-6.3036472e-11	-6.3349478e-11	-6.2835966e-11	-6.3251855e-11	-6.2578935e-11	-6.303591e-11	-6.2951061e-11	-6.3017945e-11	-6.1928677e-11	-6.1694462e-11	-6.1365454e-11	-6.2258552e-11	-6.2168957e-11	-6.2279563e-11	-6.2052849e-11	-6.2347127e-11	-6.2233579e-11	-6.2717109e-11	-6.256564e-11	-6.2427459e-11	-6.1915723e-11	-6.1908943e-11	-6.2030742e-11	-6.213758e-11	-6.2645181e-11	-6.2673686e-11	-6.2161873e-11	-6.2042906e-11
	56.1111111111111	-6.2299714e-11	-6.2732403e-11	-6.2642315e-11	-6.2738842e-11	-6.2424219e-11	-6.2353948e-11	-6.2907034e-11	-6.2454611e-11	-6.3078542e-11	-6.2555655e-11	-6.2786748e-11	-6.2487494e-11	-6.263591e-11	-6.2968387e-11	-6.2784111e-11	-6.2513515e-11	-6.2852612e-11	-6.3044348e-11	-6.2685364e-11	-6.3128704e-11	-6.3081894e-11	-6.3021408e-11	-6.3184749e-11	-6.3732339e-11	-6.398071e-11	-6.3677653e-11	-6.3489991e-11	-6.3572883e-11	-6.3190432e-11	-6.2998849e-11	-6.2872346e-11	-6.2544962e-11	-6.2552456e-11	-6.2791716e-11	-6.2914229e-11	-6.2318095e-11	-6.2451377e-11	-6.2819396e-11	-6.2834238e-11	-6.2770629e-11	-6.2835744e-11	-6.256929e-11	-6.2853972e-11	-6.2768069e-11	-6.2781738e-11	-6.2169443e-11	-6.260021e-11	-6.2757674e-11	-6.3127954e-11	-6.2680618e-11	-6.2359444e-11
	56.6666666666667	-6.1933798e-11	-6.234438e-11	-6.2627216e-11	-6.2550007e-11	-6.2484705e-11	-6.2325589e-11	-6.2329086e-11	-6.2806219e-11	-6.3132131e-11	-6.2640317e-11	-6.2904397e-11	-6.2680805e-11	-6.2213207e-11	-6.2386561e-11	-6.2440865e-11	-6.2616856e-11	-6.269376e-11	-6.2154268e-11	-6.3026119e-11	-6.2705022e-11	-6.2784861e-11	-6.3074698e-11	-6.2238589e-11	-6.3089541e-11	-6.3519856e-11	-6.3638636e-11	-6.3500948e-11	-6.3997585e-11	-6.3509344e-11	-6.3205344e-11	-6.2630678e-11	-6.2325964e-11	-6.2021777e-11	-6.2630262e-11	-6.2186464e-11	-6.2092463e-11	-6.1944158e-11	-6.210335e-11	-6.2628756e-11	-6.2317866e-11	-6.1930745e-11	-6.1792009e-11	-6.1949917e-11	-6.2185299e-11	-6.2113745e-11	-6.1674575e-11	-6.2007843e-11	-6.1883748e-11	-6.2286121e-11	-6.2486474e-11	-6.0802502e-11
	57.2222222222222	-6.2225183e-11	-6.2574071e-11	-6.3187684e-11	-6.3059634e-11	-6.2830317e-11	-6.2345996e-11	-6.2549819e-11	-6.2614594e-11	-6.2967971e-11	-6.2823538e-11	-6.2456838e-11	-6.2054729e-11	-6.2753039e-11	-6.2717109e-11	-6.3030449e-11	-6.2585749e-11	-6.3041634e-11	-6.2597615e-11	-6.3103661e-11	-6.2926879e-11	-6.2473519e-11	-6.2307284e-11	-6.2944698e-11	-6.2761775e-11	-6.2720766e-11	-6.2435709e-11	-6.2343325e-11	-6.2846173e-11	-6.2839844e-11	-6.2526845e-11	-6.1591954e-11	-6.1947586e-11	-6.215408e-11	-6.2255347e-11	-6.139958e-11	-6.1477878e-11	-6.1775848e-11	-6.21177e-11	-6.1671342e-11	-6.1250817e-11	-6.1801231e-11	-6.18793e-11	-6.2116194e-11	-6.193715e-11	-6.0932509e-11	-6.1603923e-11	-6.1991724e-11	-6.2120406e-11	-6.2092539e-11	-6.2572079e-11	-6.2289056e-11
	57.7777777777778	-6.1936248e-11	-6.2189483e-11	-6.1681285e-11	-6.1893199e-11	-6.1714384e-11	-6.2156225e-11	-6.1828459e-11	-6.1737886e-11	-6.1852676e-11	-6.1594813e-11	-6.1350508e-11	-6.1895614e-11	-6.1832338e-11	-6.1557454e-11	-6.1529656e-11	-6.1672806e-11	-6.2063917e-11	-6.2388143e-11	-6.197131e-11	-6.2066741e-11	-6.1659178e-11	-6.2257574e-11	-6.2237535e-11	-6.2135963e-11	-6.2196033e-11	-6.2878411e-11	-6.3127691e-11	-6.2651884e-11	-6.2601868e-11	-6.2646985e-11	-6.2498222e-11	-6.2197199e-11	-6.1785868e-11	-6.1753894e-11	-6.1730884e-11	-6.1347379e-11	-6.1259595e-11	-6.1015207e-11	-6.1058221e-11	-6.1080176e-11	-6.1435544e-11	-6.1491583e-11	-6.0745631e-11	-6.1048763e-11	-6.0808227e-11	-6.1459719e-11	-6.1310249e-11	-6.1651531e-11	-6.1270967e-11	-6.1948523e-11	-6.1845556e-11
	58.3333333333333	-6.1797352e-11	-6.1346629e-11	-6.1426579e-11	-6.1426239e-11	-6.1213229e-11	-6.1248027e-11	-6.1055057e-11	-6.1301055e-11	-6.149433e-11	-6.1234962e-11	-6.1817766e-11	-6.1868191e-11	-6.1280495e-11	-6.1183551e-11	-6.0909042e-11	-6.0668769e-11	-6.1047938e-11	-6.195372e-11	-6.1794715e-11	-6.1853127e-11	-6.1434489e-11	-6.2066706e-11	-6.2119504e-11	-6.2724978e-11	-6.233692e-11	-6.1603514e-11	-6.2173287e-11	-6.2627362e-11	-6.2135776e-11	-6.2443731e-11	-6.1752464e-11	-6.1306217e-11	-6.1093471e-11	-6.1395548e-11	-6.1618273e-11	-6.1256882e-11	-6.0801975e-11	-6.1228259e-11	-6.1605998e-11	-6.1643322e-11	-6.1678947e-11	-6.0857111e-11	-6.0719499e-11	-6.1023041e-11	-6.1136519e-11	-6.1704516e-11	-6.0912095e-11	-6.1151431e-11	-6.0792142e-11	-6.1325459e-11	-6.0628773e-11
	58.8888888888889	-6.0349739e-11	-6.0669747e-11	-6.0725258e-11	-6.0826191e-11	-6.0541773e-11	-6.0974802e-11	-6.0837224e-11	-6.1096975e-11	-6.113697e-11	-6.0791802e-11	-6.0790525e-11	-6.0801558e-11	-6.1594965e-11	-6.1749786e-11	-6.1620833e-11	-6.1341578e-11	-6.1373517e-11	-6.12373e-11	-6.118589e-11	-6.0542828e-11	-6.1040707e-11	-6.1256014e-11	-6.0362243e-11	-6.125575e-11	-6.1292395e-11	-6.2054237e-11	-6.2093108e-11	-6.2360575e-11	-6.2248491e-11	-6.1527589e-11	-6.1324709e-11	-6.0857451e-11	-6.1557717e-11	-6.1089404e-11	-6.0813049e-11	-6.1140808e-11	-6.0591032e-11	-6.0733842e-11	-6.0786043e-11	-6.0812667e-11	-6.0787625e-11	-6.0931378e-11	-6.1104052e-11	-6.0859824e-11	-6.056667e-11	-6.0640971e-11	-6.1041235e-11	-6.1325577e-11	-6.1101832e-11	-6.0995098e-11	-6.0955893e-11
	59.4444444444444	-6.0762277e-11	-6.1358869e-11	-6.0893415e-11	-6.0446301e-11	-6.062293e-11	-6.0707973e-11	-6.0985009e-11	-6.0784461e-11	-6.0741266e-11	-6.0336937e-11	-6.0605493e-11	-6.0779264e-11	-6.0796514e-11	-6.0885165e-11	-6.0430147e-11	-6.0729512e-11	-6.0731961e-11	-6.0965684e-11	-6.0716744e-11	-6.0654835e-11	-6.0658145e-11	-6.0884339e-11	-6.0971526e-11	-6.065088e-11	-6.0930136e-11	-6.0713656e-11	-6.1398074e-11	-6.1765495e-11	-6.1880431e-11	-6.106466e-11	-6.0943806e-11	-6.0258298e-11	-5.9829607e-11	-6.058512e-11	-6.0334453e-11	-6.0089086e-11	-6.0163319e-11	-6.0407401e-11	-6.0343452e-11	-6.0123587e-11	-6.0656001e-11	-6.0182075e-11	-6.0840347e-11	-6.0470254e-11	-6.0189492e-11	-5.9628871e-11	-6.0673098e-11	-6.0446113e-11	-6.0583989e-11	-6.0227948e-11	-6.0266132e-11
	60	-6.0280406e-11	-6.0369439e-11	-6.0380964e-11	-6.0198083e-11	-5.9967857e-11	-6.0012752e-11	-6.0625345e-11	-6.0755012e-11	-6.0059936e-11	-6.0273363e-11	-6.0154728e-11	-6.0079788e-11	-6.0315697e-11	-6.006378e-11	-6.0327632e-11	-6.0332829e-11	-6.0591074e-11	-6.0446377e-11	-6.0559925e-11	-5.9927785e-11	-6.0824422e-11	-5.9963493e-11	-6.077331e-11	-6.0670538e-11	-6.081214e-11	-6.14018e-11	-6.1802813e-11	-6.2078759e-11	-6.171872e-11	-6.1101603e-11	-6.0971263e-11	-6.1303129e-11	-6.0837939e-11	-6.0061331e-11	-5.9702049e-11	-6.0832214e-11	-6.0991857e-11	-6.0038023e-11	-6.0681911e-11	-6.0781935e-11	-6.0098655e-11	-6.0272461e-11	-6.0324433e-11	-6.0320138e-11	-6.0394668e-11	-6.0004765e-11	-6.056633e-11	-6.0543917e-11	-5.9756429e-11	-5.9982921e-11	-6.0037794e-11
	60.5555555555556	-5.9835026e-11	-6.0162493e-11	-6.0007138e-11	-5.9656967e-11	-6.035087e-11	-5.9923795e-11	-6.0271295e-11	-5.9261679e-11	-5.9660089e-11	-6.0044233e-11	-5.9241757e-11	-5.9230044e-11	-5.9144252e-11	-5.9727355e-11	-5.9105346e-11	-5.9311764e-11	-5.9699336e-11	-5.9765581e-11	-5.9437927e-11	-5.9554868e-11	-5.9470096e-11	-5.9636365e-11	-5.9886131e-11	-6.0232916e-11	-6.0071122e-11	-6.0727104e-11	-6.1450685e-11	-6.0537818e-11	-5.9889711e-11	-5.9735342e-11	-6.0737346e-11	-6.0282668e-11	-6.0245794e-11	-5.9455406e-11	-5.9442035e-11	-5.9299864e-11	-5.9620246e-11	-5.9946124e-11	-5.9521235e-11	-5.8834146e-11	-5.897504e-11	-5.8992512e-11	-5.9052922e-11	-5.9368448e-11	-5.8632925e-11	-5.914922e-11	-5.965798e-11	-5.9405238e-11	-5.9066439e-11	-5.9003698e-11	-5.9051451e-11
	61.1111111111111	-5.9336092e-11	-5.9171855e-11	-5.90046e-11	-5.9070922e-11	-5.8465635e-11	-5.9390819e-11	-5.912263e-11	-5.8764667e-11	-5.8780182e-11	-5.8877875e-11	-5.843976e-11	-5.8986864e-11	-5.9173437e-11	-5.8938243e-11	-5.8754272e-11	-5.8809596e-11	-5.9062227e-11	-5.8841605e-11	-5.8406585e-11	-5.8340298e-11	-5.8665274e-11	-5.8702335e-11	-5.916425e-11	-5.8733823e-11	-5.9487151e-11	-5.9239495e-11	-5.9389722e-11	-6.0600074e-11	-6.0311173e-11	-5.9391006e-11	-5.9487942e-11	-5.9024861e-11	-5.8580085e-11	-5.8718343e-11	-5.9106893e-11	-5.9049196e-11	-5.8635034e-11	-5.8888422e-11	-5.8526385e-11	-5.9010137e-11	-5.8378941e-11	-5.8891621e-11	-5.8961329e-11	-5.8045416e-11	-5.8562988e-11	-5.8540693e-11	-5.8519377e-11	-5.8705048e-11	-5.8021539e-11	-5.7968776e-11	-5.8739694e-11
	61.6666666666667	-5.886424e-11	-5.8520584e-11	-5.7842273e-11	-5.8327232e-11	-5.7833949e-11	-5.7984027e-11	-5.8562009e-11	-5.8268897e-11	-5.7679164e-11	-5.7424385e-11	-5.8061871e-11	-5.7878917e-11	-5.8097197e-11	-5.8006849e-11	-5.8408313e-11	-5.7898387e-11	-5.8218243e-11	-5.7253216e-11	-5.8551615e-11	-5.8426847e-11	-5.7753014e-11	-5.8555119e-11	-5.8651528e-11	-5.9037442e-11	-5.8471207e-11	-5.7889086e-11	-5.9268118e-11	-6.0116842e-11	-5.9521277e-11	-5.9050174e-11	-5.891742e-11	-5.8646824e-11	-5.8353218e-11	-5.7622067e-11	-5.8130264e-11	-5.8392312e-11	-5.8470943e-11	-5.8719814e-11	-5.8144614e-11	-5.7531077e-11	-5.7573675e-11	-5.7837939e-11	-5.780363e-11	-5.7708425e-11	-5.7278675e-11	-5.8045228e-11	-5.8550824e-11	-5.8007529e-11	-5.861342e-11	-5.8302266e-11	-5.8364029e-11
	62.2222222222222	-5.9210345e-11	-5.804485e-11	-5.8062399e-11	-5.8079951e-11	-5.8522881e-11	-5.8432342e-11	-5.7896691e-11	-5.7641916e-11	-5.7649861e-11	-5.748841e-11	-5.7878428e-11	-5.8038335e-11	-5.8105295e-11	-5.7727746e-11	-5.7725446e-11	-5.7988812e-11	-5.8425154e-11	-5.7669182e-11	-5.7714902e-11	-5.8108157e-11	-5.7313852e-11	-5.7698256e-11	-5.8089065e-11	-5.8203366e-11	-5.824792e-11	-5.9133969e-11	-5.9641451e-11	-6.0053462e-11	-5.992018e-11	-5.9755527e-11	-5.972061e-11	-5.9656065e-11	-5.926503e-11	-5.8620123e-11	-5.9018464e-11	-5.8794566e-11	-5.8701391e-11	-5.9099774e-11	-5.8542199e-11	-5.7888219e-11	-5.8563106e-11	-5.8128571e-11	-5.79603e-11	-5.7702811e-11	-5.755119e-11	-5.7785856e-11	-5.8281512e-11	-5.8788689e-11	-5.8451854e-11	-5.8594136e-11	-5.8202838e-11
	62.7777777777778	-5.8607355e-11	-5.8429254e-11	-5.8402214e-11	-5.8496666e-11	-5.8030351e-11	-5.8582271e-11	-5.816337e-11	-5.7861629e-11	-5.7838279e-11	-5.7549496e-11	-5.7832367e-11	-5.7813612e-11	-5.7624818e-11	-5.7424274e-11	-5.7635362e-11	-5.7518088e-11	-5.7610843e-11	-5.813746e-11	-5.7285943e-11	-5.7612689e-11	-5.7812557e-11	-5.7038173e-11	-5.6905154e-11	-5.7306354e-11	-5.722418e-11	-5.767084e-11	-5.8241405e-11	-5.8728022e-11	-5.8614738e-11	-5.8284752e-11	-5.8256809e-11	-5.7469352e-11	-5.7283608e-11	-5.7783105e-11	-5.7607193e-11	-5.7662326e-11	-5.749564e-11	-5.6913252e-11	-5.7227608e-11	-5.7305452e-11	-5.7396629e-11	-5.7574313e-11	-5.6724382e-11	-5.7104155e-11	-5.7301459e-11	-5.7352754e-11	-5.7008419e-11	-5.6555847e-11	-5.7147162e-11	-5.7366802e-11	-5.7245871e-11
	63.3333333333333	-5.6779741e-11	-5.6151556e-11	-5.6388408e-11	-5.6690826e-11	-5.6587183e-11	-5.7640146e-11	-5.6264313e-11	-5.6641865e-11	-5.6691353e-11	-5.6842146e-11	-5.6653428e-11	-5.7179778e-11	-5.675722e-11	-5.6334552e-11	-5.6617197e-11	-5.6180744e-11	-5.6487568e-11	-5.6251281e-11	-5.6856533e-11	-5.6547374e-11	-5.6841091e-11	-5.7032032e-11	-5.5447674e-11	-5.6739596e-11	-5.6908544e-11	-5.7069467e-11	-5.7162341e-11	-5.7011583e-11	-5.7762167e-11	-5.7547425e-11	-5.7478917e-11	-5.658771e-11	-5.6858226e-11	-5.6093408e-11	-5.6053526e-11	-5.6343777e-11	-5.6532685e-11	-5.6418609e-11	-5.6229969e-11	-5.6332893e-11	-5.6224771e-11	-5.6464933e-11	-5.5853697e-11	-5.6555847e-11	-5.6378652e-11	-5.6092804e-11	-5.5988634e-11	-5.6054317e-11	-5.6100225e-11	-5.6001665e-11	-5.5742369e-11
	63.8888888888889	-5.5689269e-11	-5.5977185e-11	-5.556175e-11	-5.5867592e-11	-5.5758263e-11	-5.5087407e-11	-5.4957063e-11	-5.5813097e-11	-5.5519492e-11	-5.511987e-11	-5.5006964e-11	-5.5514558e-11	-5.5480325e-11	-5.5436225e-11	-5.6471224e-11	-5.6130014e-11	-5.5861378e-11	-5.5834865e-11	-5.5713899e-11	-5.6532948e-11	-5.6271657e-11	-5.584477e-11	-5.6181722e-11	-5.6847343e-11	-5.7048113e-11	-5.6757862e-11	-5.7505733e-11	-5.8220803e-11	-5.8209805e-11	-5.7632048e-11	-5.7080615e-11	-5.6649095e-11	-5.6712818e-11	-5.6357148e-11	-5.6245297e-11	-5.6391607e-11	-5.5844995e-11	-5.6243149e-11	-5.6412697e-11	-5.6183683e-11	-5.5998841e-11	-5.5635826e-11	-5.5514069e-11	-5.602686e-11	-5.592013e-11	-5.5933536e-11	-5.5514145e-11	-5.5771558e-11	-5.5445676e-11	-5.5415811e-11	-5.5520886e-11
	64.4444444444444	-5.4952581e-11	-5.5437505e-11	-5.5597978e-11	-5.5096972e-11	-5.5128121e-11	-5.5524162e-11	-5.5058558e-11	-5.5175194e-11	-5.5537571e-11	-5.5285318e-11	-5.4845174e-11	-5.5614246e-11	-5.5603702e-11	-5.5644114e-11	-5.5771332e-11	-5.6289244e-11	-5.5809406e-11	-5.5527589e-11	-5.5661323e-11	-5.6083728e-11	-5.5921184e-11	-5.6161537e-11	-5.5900357e-11	-5.6127641e-11	-5.589226e-11	-5.5603588e-11	-5.599304e-11	-5.6813072e-11	-5.6714324e-11	-5.6532008e-11	-5.5956247e-11	-5.5628786e-11	-5.4942714e-11	-5.5647917e-11	-5.5171468e-11	-5.5709944e-11	-5.5600764e-11	-5.5312206e-11	-5.551452e-11	-5.5999858e-11	-5.5516782e-11	-5.5622569e-11	-5.5066243e-11	-5.5385644e-11	-5.5625584e-11	-5.5344368e-11	-5.4862836e-11	-5.5456448e-11	-5.4989565e-11	-5.5412008e-11	-5.5030237e-11
	65	-5.5067447e-11	-5.4819638e-11	-5.5194665e-11	-5.5538209e-11	-5.5277446e-11	-5.4861782e-11	-5.4746162e-11	-5.5182955e-11	-5.5024513e-11	-5.4821332e-11	-5.5110607e-11	-5.5315409e-11	-5.5320078e-11	-5.6057329e-11	-5.4734186e-11	-5.4751134e-11	-5.490754e-11	-5.5116672e-11	-5.5289572e-11	-5.4799113e-11	-5.5317782e-11	-5.5012123e-11	-5.5982007e-11	-5.655016e-11	-5.4982373e-11	-5.6162477e-11	-5.656613e-11	-5.7481141e-11	-5.7675396e-11	-5.7221807e-11	-5.6527828e-11	-5.661456e-11	-5.6401588e-11	-5.526208e-11	-5.5425376e-11	-5.4608134e-11	-5.4877599e-11	-5.5248559e-11	-5.5541034e-11	-5.5558058e-11	-5.5521414e-11	-5.5970145e-11	-5.5546494e-11	-5.5737363e-11	-5.6475668e-11	-5.5833584e-11	-5.5941522e-11	-5.4923205e-11	-5.5822624e-11	-5.486419e-11	-5.6068025e-11
	65.5555555555556	-5.5411932e-11	-5.5824019e-11	-5.5746813e-11	-5.558461e-11	-5.4806118e-11	-5.4921248e-11	-5.4808377e-11	-5.5069369e-11	-5.5051894e-11	-5.4475643e-11	-5.5230445e-11	-5.4935823e-11	-5.5177529e-11	-5.5162843e-11	-5.4593146e-11	-5.4523209e-11	-5.467133e-11	-5.4634949e-11	-5.4955332e-11	-5.4952619e-11	-5.4766573e-11	-5.4680746e-11	-5.5745422e-11	-5.6248874e-11	-5.6492276e-11	-5.6621603e-11	-5.7241954e-11	-5.8196736e-11	-5.7263534e-11	-5.7077378e-11	-5.6834541e-11	-5.637368e-11	-5.5964004e-11	-5.6379332e-11	-5.640878e-11	-5.5807636e-11	-5.5258728e-11	-5.5334199e-11	-5.5213195e-11	-5.5526573e-11	-5.5207509e-11	-5.4906069e-11	-5.4756102e-11	-5.4975403e-11	-5.5337516e-11	-5.4833423e-11	-5.4776364e-11	-5.4530099e-11	-5.4163583e-11	-5.443079e-11	-5.4368725e-11
	66.1111111111111	-5.4523622e-11	-5.4864419e-11	-5.4384955e-11	-5.4707596e-11	-5.4482158e-11	-5.4300897e-11	-5.4206969e-11	-5.3464861e-11	-5.33051e-11	-5.2904615e-11	-5.3905682e-11	-5.4351326e-11	-5.436733e-11	-5.4015049e-11	-5.4057456e-11	-5.3852804e-11	-5.4056891e-11	-5.4503135e-11	-5.419281e-11	-5.3709807e-11	-5.3919241e-11	-5.430854e-11	-5.4394256e-11	-5.4462799e-11	-5.4334488e-11	-5.5020936e-11	-5.5776755e-11	-5.6295572e-11	-5.6077892e-11	-5.4884944e-11	-5.4988247e-11	-5.4367819e-11	-5.4527126e-11	-5.4525131e-11	-5.4341118e-11	-5.4123702e-11	-5.3526773e-11	-5.4456096e-11	-5.5088649e-11	-5.5052383e-11	-5.48483e-11	-5.5195456e-11	-5.4583317e-11	-5.4738176e-11	-5.4067209e-11	-5.4319462e-11	-5.4184109e-11	-5.4436927e-11	-5.4670237e-11	-5.4178988e-11	-5.4124906e-11
	66.6666666666667	-5.4001265e-11	-5.4051881e-11	-5.4232879e-11	-5.3703819e-11	-5.4152474e-11	-5.4687636e-11	-5.4180757e-11	-5.4005748e-11	-5.3981642e-11	-5.4102309e-11	-5.3580931e-11	-5.426783e-11	-5.3776466e-11	-5.3999232e-11	-5.4561321e-11	-5.3772285e-11	-5.4193299e-11	-5.4369776e-11	-5.3900859e-11	-5.3972493e-11	-5.4190173e-11	-5.4194278e-11	-5.4114775e-11	-5.3666422e-11	-5.4515337e-11	-5.5693485e-11	-5.6298886e-11	-5.622541e-11	-5.591079e-11	-5.5339098e-11	-5.5380787e-11	-5.5129512e-11	-5.496004e-11	-5.4380698e-11	-5.4852744e-11	-5.4326731e-11	-5.4702888e-11	-5.45037e-11	-5.4489729e-11	-5.442917e-11	-5.476582e-11	-5.5108761e-11	-5.4813237e-11	-5.4437115e-11	-5.420742e-11	-5.4348612e-11	-5.4403822e-11	-5.4385368e-11	-5.447651e-11	-5.432127e-11	-5.4438586e-11
	67.2222222222222	-5.442416e-11	-5.4288959e-11	-5.3998365e-11	-5.4290426e-11	-5.4292047e-11	-5.4499107e-11	-5.4363451e-11	-5.427717e-11	-5.4161925e-11	-5.4176691e-11	-5.4354223e-11	-5.4165769e-11	-5.3911896e-11	-5.3869867e-11	-5.3902969e-11	-5.3852429e-11	-5.3890881e-11	-5.4170664e-11	-5.3295798e-11	-5.3593963e-11	-5.415398e-11	-5.4286096e-11	-5.4219133e-11	-5.4345826e-11	-5.4036026e-11	-5.4251371e-11	-5.4919364e-11	-5.5921899e-11	-5.5791517e-11	-5.4593108e-11	-5.4535786e-11	-5.4424312e-11	-5.3911896e-11	-5.3647288e-11	-5.3853897e-11	-5.3919539e-11	-5.4059188e-11	-5.3645671e-11	-5.3734701e-11	-5.4283911e-11	-5.4263462e-11	-5.441738e-11	-5.3477361e-11	-5.3482333e-11	-5.3873482e-11	-5.3598743e-11	-5.3839096e-11	-5.3066142e-11	-5.3634711e-11	-5.3455067e-11	-5.360978e-11
	67.7777777777778	-5.3997272e-11	-5.4035387e-11	-5.3667928e-11	-5.3867077e-11	-5.408167e-11	-5.3904176e-11	-5.3585865e-11	-5.3981871e-11	-5.3802528e-11	-5.3881993e-11	-5.4028795e-11	-5.4014071e-11	-5.386094e-11	-5.3739745e-11	-5.3811226e-11	-5.4228927e-11	-5.4540608e-11	-5.3641452e-11	-5.3355754e-11	-5.333425e-11	-5.4270352e-11	-5.4068527e-11	-5.4079262e-11	-5.4076472e-11	-5.3955621e-11	-5.4895075e-11	-5.5098592e-11	-5.5045263e-11	-5.4882154e-11	-5.5126011e-11	-5.4279956e-11	-5.3927789e-11	-5.3359296e-11	-5.3424109e-11	-5.3385848e-11	-5.3296968e-11	-5.3562779e-11	-5.3502595e-11	-5.3086556e-11	-5.3718995e-11	-5.3806709e-11	-5.407105e-11	-5.4043481e-11	-5.3525306e-11	-5.3768632e-11	-5.3549748e-11	-5.3887002e-11	-5.3779779e-11	-5.3061059e-11	-5.3583003e-11	-5.3710637e-11
	68.3333333333333	-5.4053727e-11	-5.4303832e-11	-5.3432658e-11	-5.3737223e-11	-5.3797106e-11	-5.3920257e-11	-5.3692106e-11	-5.3472317e-11	-5.3619758e-11	-5.3273053e-11	-5.4052447e-11	-5.3616334e-11	-5.3275689e-11	-5.3452017e-11	-5.3609402e-11	-5.3788328e-11	-5.3195396e-11	-5.3774811e-11	-5.4151496e-11	-5.4246101e-11	-5.3774735e-11	-5.3376092e-11	-5.2905368e-11	-5.3686531e-11	-5.3856572e-11	-5.4178384e-11	-5.4503096e-11	-5.4423219e-11	-5.4397421e-11	-5.4544976e-11	-5.4066116e-11	-5.3676064e-11	-5.3318284e-11	-5.3761214e-11	-5.3451039e-11	-5.3729163e-11	-5.3238854e-11	-5.3216785e-11	-5.3402418e-11	-5.3536151e-11	-5.349348e-11	-5.3004302e-11	-5.3436013e-11	-5.2705652e-11	-5.3273767e-11	-5.3422603e-11	-5.3225674e-11	-5.3177469e-11	-5.3081359e-11	-5.3053489e-11	-5.3410665e-11
	68.8888888888889	-5.2933311e-11	-5.3416088e-11	-5.317468e-11	-5.3545567e-11	-5.3267141e-11	-5.293866e-11	-5.3171443e-11	-5.3708302e-11	-5.370766e-11	-5.4163698e-11	-5.4027626e-11	-5.3325174e-11	-5.3261829e-11	-5.3770027e-11	-5.3964243e-11	-5.3518866e-11	-5.3725097e-11	-5.3366263e-11	-5.4057529e-11	-5.4012149e-11	-5.344087e-11	-5.401098e-11	-5.3583679e-11	-5.3563494e-11	-5.3752513e-11	-5.4484868e-11	-5.4580264e-11	-5.4812446e-11	-5.4408117e-11	-5.4443554e-11	-5.4263611e-11	-5.3437591e-11	-5.3499396e-11	-5.3498792e-11	-5.3097325e-11	-5.3433376e-11	-5.3844672e-11	-5.3500149e-11	-5.3496985e-11	-5.3545304e-11	-5.3376695e-11	-5.3477438e-11	-5.3260889e-11	-5.3439739e-11	-5.3828626e-11	-5.3715078e-11	-5.4005106e-11	-5.3711764e-11	-5.3587749e-11	-5.3295989e-11	-5.3477854e-11
	69.4444444444444	-5.3589855e-11	-5.3169597e-11	-5.2729342e-11	-5.3138639e-11	-5.3131936e-11	-5.3050776e-11	-5.3473444e-11	-5.2942539e-11	-5.2727343e-11	-5.359705e-11	-5.3290639e-11	-5.3338167e-11	-5.3221157e-11	-5.2919603e-11	-5.303993e-11	-5.3256746e-11	-5.2905253e-11	-5.2245323e-11	-5.2958922e-11	-5.3098758e-11	-5.3357187e-11	-5.2915086e-11	-5.2453999e-11	-5.3061059e-11	-5.3689619e-11	-5.36758e-11	-5.3937015e-11	-5.3779366e-11	-5.4085285e-11	-5.4057456e-11	-5.3543572e-11	-5.3786409e-11	-5.2514597e-11	-5.290134e-11	-5.3253429e-11	-5.316474e-11	-5.3481278e-11	-5.3089793e-11	-5.2704861e-11	-5.3295347e-11	-5.2703807e-11	-5.2968976e-11	-5.3299677e-11	-5.3186545e-11	-5.4000814e-11	-5.3464521e-11	-5.3834277e-11	-5.3560972e-11	-5.4030225e-11	-5.3921725e-11	-5.4102951e-11
	70	-5.4086416e-11	-5.3668153e-11	-5.4185427e-11	-5.4408606e-11	-5.3226652e-11	-5.3679866e-11	-5.3445238e-11	-5.416155e-11	-5.3602962e-11	-5.3306682e-11	-5.3577993e-11	-5.3545151e-11	-5.3746601e-11	-5.3592832e-11	-5.2858027e-11	-5.3294331e-11	-5.3194303e-11	-5.3373871e-11	-5.347469e-11	-5.3388859e-11	-5.2813812e-11	-5.2818975e-11	-5.3104819e-11	-5.3380047e-11	-5.3500825e-11	-5.336212e-11	-5.3857814e-11	-5.3528543e-11	-5.4467056e-11	-5.387318e-11	-5.3184322e-11	-5.3404337e-11	-5.3327245e-11	-5.3356885e-11	-5.3352479e-11	-5.2594665e-11	-5.2688479e-11	-5.3156455e-11	-5.2912712e-11	-5.315845e-11	-5.281434e-11	-5.2894748e-11	-5.2889776e-11	-5.3098682e-11	-5.2769712e-11	-5.348335e-11	-5.2628183e-11	-5.3007092e-11	-5.2675107e-11	-5.3163158e-11	-5.300016e-11
	70.5555555555556	-5.2999521e-11	-5.3317944e-11	-5.3709731e-11	-5.3703594e-11	-5.3472768e-11	-5.3195434e-11	-5.3350935e-11	-5.3512538e-11	-5.3439701e-11	-5.3159428e-11	-5.3316702e-11	-5.3194078e-11	-5.35566e-11	-5.3664462e-11	-5.3055747e-11	-5.3494424e-11	-5.3366412e-11	-5.3382684e-11	-5.3534496e-11	-5.3503348e-11	-5.3317302e-11	-5.3511636e-11	-5.4164149e-11	-5.4475265e-11	-5.4173829e-11	-5.4068906e-11	-5.4143738e-11	-5.4108787e-11	-5.502971e-11	-5.433547e-11	-5.4224594e-11	-5.4140876e-11	-5.4308429e-11	-5.4006726e-11	-5.4033278e-11	-5.3943117e-11	-5.4075307e-11	-5.3971137e-11	-5.429069e-11	-5.3631134e-11	-5.373485e-11	-5.3560219e-11	-5.3701821e-11	-5.3780685e-11	-5.3230795e-11	-5.3111449e-11	-5.3345436e-11	-5.3511598e-11	-5.3901276e-11	-5.3176678e-11	-5.3117739e-11
	71.1111111111111	-5.3275009e-11	-5.4138877e-11	-5.4094514e-11	-5.3592155e-11	-5.31293e-11	-5.3228987e-11	-5.3858605e-11	-5.3241717e-11	-5.4042201e-11	-5.3642882e-11	-5.3272525e-11	-5.3736734e-11	-5.3641716e-11	-5.4018814e-11	-5.3506023e-11	-5.34362e-11	-5.4334075e-11	-5.4134284e-11	-5.4029812e-11	-5.3823279e-11	-5.3585563e-11	-5.3972604e-11	-5.4187838e-11	-5.445331e-11	-5.4248547e-11	-5.4336109e-11	-5.4478956e-11	-5.4925012e-11	-5.4396442e-11	-5.392873e-11	-5.3840338e-11	-5.308343e-11	-5.306023e-11	-5.3311203e-11	-5.3285969e-11	-5.3428744e-11	-5.3363137e-11	-5.3576827e-11	-5.3130167e-11	-5.341801e-11	-5.3288644e-11	-5.3237276e-11	-5.3176717e-11	-5.3377146e-11	-5.290051e-11	-5.337937e-11	-5.3165982e-11	-5.3011345e-11	-5.3139545e-11	-5.3593057e-11	-5.3563456e-11
	71.6666666666667	-5.3156455e-11	-5.3639794e-11	-5.3084068e-11	-5.3581722e-11	-5.4075647e-11	-5.3993393e-11	-5.3543798e-11	-5.3924965e-11	-5.4362698e-11	-5.4740851e-11	-5.4178873e-11	-5.3727543e-11	-5.4294871e-11	-5.4307073e-11	-5.4072819e-11	-5.4163583e-11	-5.407768e-11	-5.4410112e-11	-5.4210809e-11	-5.4179064e-11	-5.4260409e-11	-5.4413578e-11	-5.4685038e-11	-5.3960027e-11	-5.397012e-11	-5.4429319e-11	-5.4484681e-11	-5.4726314e-11	-5.4216121e-11	-5.3739783e-11	-5.3969967e-11	-5.3885871e-11	-5.3935773e-11	-5.3873895e-11	-5.4045442e-11	-5.3627745e-11	-5.3837702e-11	-5.4252804e-11	-5.3473295e-11	-5.380716e-11	-5.3683859e-11	-5.4084948e-11	-5.4080806e-11	-5.3777181e-11	-5.3525153e-11	-5.4147201e-11	-5.3324723e-11	-5.3645106e-11	-5.372363e-11	-5.3975619e-11	-5.3257836e-11
	72.2222222222222	-5.3826218e-11	-5.3499694e-11	-5.3742157e-11	-5.4025406e-11	-5.4521363e-11	-5.4255024e-11	-5.3853935e-11	-5.3948616e-11	-5.4346916e-11	-5.4331928e-11	-5.4600716e-11	-5.4076625e-11	-5.388685e-11	-5.469818e-11	-5.4504606e-11	-5.489368e-11	-5.4420281e-11	-5.4131533e-11	-5.426877e-11	-5.4231938e-11	-5.4699689e-11	-5.4878917e-11	-5.431389e-11	-5.439953e-11	-5.5309795e-11	-5.5135802e-11	-5.5104317e-11	-5.4238829e-11	-5.407267e-11	-5.4064912e-11	-5.4145469e-11	-5.4187422e-11	-5.3685591e-11	-5.3608461e-11	-5.3508357e-11	-5.4328351e-11	-5.4405216e-11	-5.3997085e-11	-5.3672938e-11	-5.4221922e-11	-5.4076889e-11	-5.3930915e-11	-5.4124868e-11	-5.3794129e-11	-5.4082652e-11	-5.3946656e-11	-5.3809644e-11	-5.3914571e-11	-5.3799666e-11	-5.3805429e-11	-5.399358e-11
	72.7777777777778	-5.458535e-11	-5.4584559e-11	-5.4244782e-11	-5.4637548e-11	-5.4710497e-11	-5.4998867e-11	-5.4498541e-11	-5.4533378e-11	-5.4424347e-11	-5.4566105e-11	-5.4419039e-11	-5.4782807e-11	-5.4601167e-11	-5.4589794e-11	-5.4961771e-11	-5.459096e-11	-5.5434754e-11	-5.4572506e-11	-5.4584632e-11	-5.4780094e-11	-5.481926e-11	-5.4637999e-11	-5.5466541e-11	-5.5372578e-11	-5.5023573e-11	-5.4867166e-11	-5.495213e-11	-5.5243626e-11	-5.4862195e-11	-5.5091137e-11	-5.440209e-11	-5.3805203e-11	-5.3827647e-11	-5.4357387e-11	-5.4093383e-11	-5.4294909e-11	-5.393385e-11	-5.3840189e-11	-5.4229642e-11	-5.4803068e-11	-5.4808942e-11	-5.4203843e-11	-5.4575105e-11	-5.4331817e-11	-5.4605837e-11	-5.4238905e-11	-5.4043183e-11	-5.4370005e-11	-5.4436136e-11	-5.4738516e-11	-5.4683834e-11
	73.3333333333333	-5.4551377e-11	-5.502071e-11	-5.5048882e-11	-5.5089894e-11	-5.5054114e-11	-5.4642558e-11	-5.4957101e-11	-5.6044148e-11	-5.5628595e-11	-5.5259932e-11	-5.5610971e-11	-5.5125293e-11	-5.4809393e-11	-5.5216436e-11	-5.5011221e-11	-5.5747906e-11	-5.5372915e-11	-5.4984368e-11	-5.5122584e-11	-5.5306745e-11	-5.5007228e-11	-5.5511998e-11	-5.5377886e-11	-5.5386171e-11	-5.6064334e-11	-5.6350029e-11	-5.5868008e-11	-5.5361129e-11	-5.4865546e-11	-5.4772374e-11	-5.5170112e-11	-5.469257e-11	-5.4576274e-11	-5.4769172e-11	-5.4599773e-11	-5.4717991e-11	-5.4918462e-11	-5.4992993e-11	-5.4829127e-11	-5.4960453e-11	-5.4757573e-11	-5.461815e-11	-5.4905205e-11	-5.5083604e-11	-5.5303619e-11	-5.5374046e-11	-5.4673439e-11	-5.5112942e-11	-5.5315481e-11	-5.5871887e-11	-5.4909421e-11
	73.8888888888889	-5.5097576e-11	-5.5306669e-11	-5.5472529e-11	-5.5594286e-11	-5.5657971e-11	-5.5269535e-11	-5.5403043e-11	-5.6141237e-11	-5.540297e-11	-5.558299e-11	-5.5334126e-11	-5.5328062e-11	-5.54305e-11	-5.5418409e-11	-5.5799764e-11	-5.5529095e-11	-5.5882018e-11	-5.5794567e-11	-5.626951e-11	-5.6159841e-11	-5.5925216e-11	-5.6501765e-11	-5.6391117e-11	-5.6144023e-11	-5.6176678e-11	-5.6008632e-11	-5.6360125e-11	-5.6435256e-11	-5.5808615e-11	-5.5721996e-11	-5.5422441e-11	-5.5317893e-11	-5.5551355e-11	-5.5497648e-11	-5.5738979e-11	-5.5242384e-11	-5.5447522e-11	-5.6159202e-11	-5.5749638e-11	-5.5585776e-11	-5.5186983e-11	-5.5531919e-11	-5.5532749e-11	-5.5397659e-11	-5.5635264e-11	-5.5198394e-11	-5.5191879e-11	-5.5818031e-11	-5.6345061e-11	-5.5608334e-11	-5.5775436e-11
	74.4444444444444	-5.5900583e-11	-5.5928491e-11	-5.6151292e-11	-5.5928377e-11	-5.6400346e-11	-5.6506851e-11	-5.6477174e-11	-5.6571515e-11	-5.6006449e-11	-5.6313273e-11	-5.6554039e-11	-5.6877399e-11	-5.6993393e-11	-5.6142705e-11	-5.6442562e-11	-5.6516302e-11	-5.6421888e-11	-5.6431075e-11	-5.5950862e-11	-5.6500485e-11	-5.647096e-11	-5.6390101e-11	-5.6688491e-11	-5.6352329e-11	-5.667429e-11	-5.6565901e-11	-5.6042226e-11	-5.675756e-11	-5.5757735e-11	-5.5669119e-11	-5.5992513e-11	-5.5745911e-11	-5.6007504e-11	-5.6058005e-11	-5.5359321e-11	-5.6234937e-11	-5.5987617e-11	-5.6270943e-11	-5.6117284e-11	-5.5653114e-11	-5.58604e-11	-5.5799351e-11	-5.5833359e-11	-5.5928453e-11	-5.5620085e-11	-5.585396e-11	-5.5555685e-11	-5.6124969e-11	-5.5931919e-11	-5.4894547e-11	-5.5665691e-11
	75	-5.60153e-11	-5.6322537e-11	-5.6223828e-11	-5.6131974e-11	-5.6548204e-11	-5.6214641e-11	-5.656673e-11	-5.6165416e-11	-5.615039e-11	-5.6303517e-11	-5.6589969e-11	-5.6495666e-11	-5.6613204e-11	-5.6131821e-11	-5.5744104e-11	-5.6591135e-11	-5.5992815e-11	-5.6131936e-11	-5.6322426e-11	-5.6365357e-11	-5.6393643e-11	-5.6597841e-11	-5.6670751e-11	-5.6186847e-11	-5.6329618e-11	-5.6512121e-11	-5.5941033e-11	-5.5992138e-11	-5.5948829e-11	-5.5537797e-11	-5.5588072e-11	-5.5066205e-11	-5.5312734e-11	-5.5084923e-11	-5.6197654e-11	-5.5612327e-11	-5.5532447e-11	-5.5707685e-11	-5.5472415e-11	-5.584172e-11	-5.6040006e-11	-5.5627957e-11	-5.5292059e-11	-5.582157e-11	-5.6192721e-11	-5.6175058e-11	-5.618515e-11	-5.5931617e-11	-5.5292323e-11	-5.6062752e-11	-5.6333084e-11
	75.5555555555556	-5.6527449e-11	-5.6153214e-11	-5.6204884e-11	-5.610595e-11	-5.6308264e-11	-5.6646798e-11	-5.6655011e-11	-5.6173888e-11	-5.6276366e-11	-5.6550951e-11	-5.706265e-11	-5.6832504e-11	-5.6635464e-11	-5.6387804e-11	-5.654037e-11	-5.6749237e-11	-5.6611625e-11	-5.6295912e-11	-5.6683103e-11	-5.6868472e-11	-5.6741705e-11	-5.7066341e-11	-5.6514422e-11	-5.6154154e-11	-5.5906498e-11	-5.702145e-11	-5.6913588e-11	-5.6420417e-11	-5.6710033e-11	-5.6076498e-11	-5.631896e-11	-5.6254182e-11	-5.6167338e-11	-5.5775624e-11	-5.6022756e-11	-5.6608836e-11	-5.6802639e-11	-5.6466401e-11	-5.6386448e-11	-5.6095368e-11	-5.6588727e-11	-5.6370141e-11	-5.6320316e-11	-5.6570609e-11	-5.6901876e-11	-5.7033277e-11	-5.6485799e-11	-5.6427498e-11	-5.6289771e-11	-5.6207632e-11	-5.7353167e-11
	76.1111111111111	-5.7645944e-11	-5.7123098e-11	-5.7479334e-11	-5.7478654e-11	-5.7567121e-11	-5.7317994e-11	-5.6988948e-11	-5.7210622e-11	-5.6989326e-11	-5.7399904e-11	-5.7399755e-11	-5.6761967e-11	-5.7176236e-11	-5.6731498e-11	-5.7376066e-11	-5.6877471e-11	-5.6746524e-11	-5.7417193e-11	-5.7348799e-11	-5.8020557e-11	-5.7461067e-11	-5.6986048e-11	-5.7378779e-11	-5.741866e-11	-5.7573824e-11	-5.7238981e-11	-5.7088147e-11	-5.6907864e-11	-5.6441733e-11	-5.6895814e-11	-5.63402e-11	-5.5765493e-11	-5.6270114e-11	-5.6743436e-11	-5.6671619e-11	-5.6311164e-11	-5.7030526e-11	-5.6286985e-11	-5.6300319e-11	-5.6461093e-11	-5.6482822e-11	-5.7126262e-11	-5.6982283e-11	-5.6562477e-11	-5.6758501e-11	-5.6680806e-11	-5.672551e-11	-5.6962549e-11	-5.6642468e-11	-5.6501918e-11	-5.6840189e-11
	76.6666666666667	-5.7059715e-11	-5.7391168e-11	-5.6996744e-11	-5.6673125e-11	-5.7240448e-11	-5.7052221e-11	-5.7752414e-11	-5.7029097e-11	-5.6686003e-11	-5.7010716e-11	-5.7028982e-11	-5.6989063e-11	-5.7423066e-11	-5.7608508e-11	-5.7684923e-11	-5.6872274e-11	-5.6904665e-11	-5.7194315e-11	-5.7981578e-11	-5.7524565e-11	-5.8028807e-11	-5.762173e-11	-5.7448452e-11	-5.7803894e-11	-5.8307532e-11	-5.76032e-11	-5.7100463e-11	-5.6968874e-11	-5.6761176e-11	-5.6759215e-11	-5.6694479e-11	-5.6573999e-11	-5.6583075e-11	-5.6447232e-11	-5.6800079e-11	-5.7095904e-11	-5.715025e-11	-5.7106563e-11	-5.7632198e-11	-5.7512248e-11	-5.8021084e-11	-5.8114787e-11	-5.7435608e-11	-5.7004956e-11	-5.7154243e-11	-5.7507842e-11	-5.7528027e-11	-5.7881703e-11	-5.7545541e-11	-5.7539289e-11	-5.7919478e-11
	77.2222222222222	-5.82756e-11	-5.8054075e-11	-5.7732527e-11	-5.7987795e-11	-5.7910739e-11	-5.8548714e-11	-5.8450154e-11	-5.8156591e-11	-5.8054905e-11	-5.8186869e-11	-5.8360414e-11	-5.8053437e-11	-5.7976457e-11	-5.7467659e-11	-5.8086917e-11	-5.805453e-11	-5.8683731e-11	-5.8337175e-11	-5.8038411e-11	-5.8337626e-11	-5.8080325e-11	-5.7729817e-11	-5.8067749e-11	-5.8142241e-11	-5.85599e-11	-5.8144201e-11	-5.7999393e-11	-5.7254909e-11	-5.6817929e-11	-5.6971438e-11	-5.7696563e-11	-5.7807058e-11	-5.7387064e-11	-5.6981191e-11	-5.6682048e-11	-5.7724357e-11	-5.8010315e-11	-5.7852705e-11	-5.7700969e-11	-5.7606853e-11	-5.7503096e-11	-5.7497371e-11	-5.8211422e-11	-5.7882681e-11	-5.8107668e-11	-5.7943053e-11	-5.8327912e-11	-5.8434868e-11	-5.7984555e-11	-5.7856282e-11	-5.8361427e-11
	77.7777777777778	-5.8758186e-11	-5.8847899e-11	-5.8822926e-11	-5.8577379e-11	-5.9013343e-11	-5.8450418e-11	-5.8916289e-11	-5.846526e-11	-5.8405038e-11	-5.8913499e-11	-5.8879755e-11	-5.9020455e-11	-5.8620081e-11	-5.8284488e-11	-5.8514561e-11	-5.8376345e-11	-5.9210872e-11	-5.8812719e-11	-5.8694875e-11	-5.9057481e-11	-5.9257682e-11	-5.882933e-11	-5.9150053e-11	-5.8918585e-11	-5.9186357e-11	-5.9462789e-11	-5.9290566e-11	-5.9012059e-11	-5.8375096e-11	-5.8664372e-11	-5.8193499e-11	-5.8474559e-11	-5.9000985e-11	-5.8599556e-11	-5.8617562e-11	-5.8981778e-11	-5.9144779e-11	-5.8899677e-11	-5.851418e-11	-5.9348221e-11	-5.9070734e-11	-5.8685952e-11	-5.8670853e-11	-5.8215495e-11	-5.8836033e-11	-5.8748548e-11	-5.8986711e-11	-5.9637836e-11	-5.8812302e-11	-5.8826992e-11	-5.8728099e-11
	78.3333333333333	-5.8876556e-11	-5.9235505e-11	-5.9112236e-11	-5.9942246e-11	-5.936325e-11	-5.9852387e-11	-5.9771604e-11	-5.9384754e-11	-5.9465648e-11	-5.9134232e-11	-5.9590194e-11	-5.94986e-11	-5.9941947e-11	-5.9288269e-11	-5.9642916e-11	-5.9559198e-11	-5.9934113e-11	-5.953664e-11	-5.9158296e-11	-5.9203073e-11	-5.9291357e-11	-5.942806e-11	-5.986267e-11	-6.0141891e-11	-5.9447232e-11	-5.9399818e-11	-5.9258362e-11	-5.9015785e-11	-5.8723353e-11	-5.7958457e-11	-5.8537494e-11	-5.8933879e-11	-5.9322387e-11	-5.9281559e-11	-5.9242167e-11	-5.9046407e-11	-5.8741539e-11	-5.9096568e-11	-5.9138409e-11	-5.9519126e-11	-5.9417402e-11	-5.9445046e-11	-6.0175254e-11	-5.959358e-11	-5.9472989e-11	-5.9126135e-11	-6.0128291e-11	-5.9778162e-11	-5.9917356e-11	-5.9207028e-11	-5.9428323e-11
	78.8888888888889	-5.9529673e-11	-5.9780153e-11	-6.0053386e-11	-5.9382381e-11	-5.9846662e-11	-5.9857626e-11	-5.9985371e-11	-5.9907711e-11	-6.0007853e-11	-5.9744001e-11	-6.0011017e-11	-6.007022e-11	-6.0487275e-11	-6.0681536e-11	-6.0055266e-11	-5.968627e-11	-6.0039605e-11	-6.0149948e-11	-6.0804757e-11	-6.0869011e-11	-6.0311964e-11	-6.0401149e-11	-6.0470406e-11	-6.0058208e-11	-6.0253705e-11	-6.0168592e-11	-6.0011246e-11	-5.9892272e-11	-5.9575921e-11	-5.9659153e-11	-5.9534683e-11	-5.9155285e-11	-5.9217728e-11	-5.9297831e-11	-5.9568503e-11	-6.021017e-11	-5.9559427e-11	-5.9487491e-11	-5.9585524e-11	-5.9957726e-11	-5.9931816e-11	-5.958891e-11	-5.9478977e-11	-6.014407e-11	-5.9781513e-11	-5.9787689e-11	-6.0171833e-11	-5.9473669e-11	-5.9386336e-11	-6.0022355e-11	-6.0009359e-11
	79.4444444444444	-6.0263274e-11	-6.0285527e-11	-6.0665716e-11	-6.0466417e-11	-6.0648091e-11	-6.0499446e-11	-6.0440167e-11	-5.9936937e-11	-6.0127882e-11	-5.986045e-11	-6.0607942e-11	-5.9974449e-11	-6.0155596e-11	-6.0071503e-11	-6.04332e-11	-6.038544e-11	-6.0255398e-11	-6.0167538e-11	-6.0626094e-11	-6.0872925e-11	-6.0734487e-11	-6.0721414e-11	-6.0435157e-11	-5.9909369e-11	-5.9895734e-11	-6.043685e-11	-6.012995e-11	-5.9670713e-11	-5.9737749e-11	-5.9669769e-11	-6.0664737e-11	-5.9752703e-11	-5.9585975e-11	-5.9826213e-11	-5.9898073e-11	-6.0238113e-11	-5.9975989e-11	-6.0002017e-11	-6.0411502e-11	-6.0671967e-11	-6.0564144e-11	-6.0017873e-11	-6.0126258e-11	-6.0356782e-11	-6.00918e-11	-6.0520831e-11	-6.0557212e-11	-6.0116995e-11	-6.046845e-11	-6.0696823e-11	-6.0349059e-11
	80	-6.0742057e-11	-6.0520873e-11	-6.0701798e-11	-6.0842234e-11	-6.1044093e-11	-6.1199712e-11	-6.067212e-11	-6.1186042e-11	-6.0926521e-11	-6.0592163e-11	-6.1089286e-11	-6.1145707e-11	-6.1028169e-11	-6.1325917e-11	-6.1007678e-11	-6.1451663e-11	-6.1187999e-11	-6.09632e-11	-6.0863398e-11	-6.0732523e-11	-6.0742321e-11	-6.1023422e-11	-6.0486942e-11	-6.0736069e-11	-6.0360363e-11	-6.0134397e-11	-6.04303e-11	-5.9978293e-11	-6.0021335e-11	-6.0257091e-11	-6.0436094e-11	-6.048502e-11	-5.9888053e-11	-5.9845497e-11	-6.0237738e-11	-6.055477e-11	-6.058512e-11	-6.0137596e-11	-6.011993e-11	-6.0317917e-11	-6.0778285e-11	-6.0493908e-11	-6.0478844e-11	-6.0320443e-11	-6.0993967e-11	-6.1119082e-11	-6.0983087e-11	-6.0839861e-11	-6.0718777e-11	-6.0277693e-11	-6.1145027e-11
	80.5555555555556	-6.1203514e-11	-6.1262377e-11	-6.0802051e-11	-6.1031666e-11	-6.0962298e-11	-6.1703656e-11	-6.1755663e-11	-6.1662904e-11	-6.1382517e-11	-6.157444e-11	-6.1533084e-11	-6.1746476e-11	-6.1274506e-11	-6.1223963e-11	-6.1161069e-11	-6.1900353e-11	-6.2040269e-11	-6.1529851e-11	-6.1901408e-11	-6.1561145e-11	-6.1787485e-11	-6.1695406e-11	-6.1363761e-11	-6.1534521e-11	-6.143841e-11	-6.1431103e-11	-6.1207699e-11	-6.1494296e-11	-6.0605083e-11	-6.0540642e-11	-6.0869122e-11	-6.1483339e-11	-6.1552707e-11	-6.1236391e-11	-6.1644113e-11	-6.1449137e-11	-6.1918512e-11	-6.2185451e-11	-6.158412e-11	-6.1579034e-11	-6.1464916e-11	-6.2029909e-11	-6.1698757e-11	-6.1030465e-11	-6.173529e-11	-6.1901338e-11	-6.2054313e-11	-6.166366e-11	-6.1763608e-11	-6.1811743e-11	-6.2060079e-11
	81.1111111111111	-6.2477169e-11	-6.1939599e-11	-6.2479806e-11	-6.2815558e-11	-6.2726636e-11	-6.2323667e-11	-6.209544e-11	-6.2124625e-11	-6.1938808e-11	-6.2077926e-11	-6.3060016e-11	-6.2695418e-11	-6.2384341e-11	-6.2534006e-11	-6.2696771e-11	-6.2757861e-11	-6.2218217e-11	-6.216673e-11	-6.2213505e-11	-6.2340723e-11	-6.2662354e-11	-6.191847e-11	-6.2328413e-11	-6.2111406e-11	-6.2299603e-11	-6.1904766e-11	-6.1678572e-11	-6.1680112e-11	-6.1452718e-11	-6.2455555e-11	-6.1496405e-11	-6.1694615e-11	-6.2340126e-11	-6.2282311e-11	-6.2604318e-11	-6.2425877e-11	-6.1873617e-11	-6.2796275e-11	-6.2469002e-11	-6.2681672e-11	-6.2144359e-11	-6.2383286e-11	-6.2738315e-11	-6.2971586e-11	-6.2914791e-11	-6.2527108e-11	-6.2498298e-11	-6.2085913e-11	-6.2724978e-11	-6.2921612e-11	-6.2550909e-11
	81.6666666666667	-6.2360575e-11	-6.311722e-11	-6.3073838e-11	-6.314848e-11	-6.3108484e-11	-6.2741326e-11	-6.2623073e-11	-6.2749687e-11	-6.3350193e-11	-6.3144753e-11	-6.2939688e-11	-6.3286584e-11	-6.2908387e-11	-6.3436659e-11	-6.2884135e-11	-6.2753303e-11	-6.2527372e-11	-6.3124374e-11	-6.3305527e-11	-6.3206329e-11	-6.303523e-11	-6.2790551e-11	-6.2865005e-11	-6.2848018e-11	-6.3548437e-11	-6.253046e-11	-6.1958695e-11	-6.2882026e-11	-6.2554531e-11	-6.2518261e-11	-6.2460641e-11	-6.2262168e-11	-6.1925437e-11	-6.1949577e-11	-6.2563829e-11	-6.2475969e-11	-6.2481839e-11	-6.2514417e-11	-6.2275608e-11	-6.2105869e-11	-6.283081e-11	-6.2139918e-11	-6.2244807e-11	-6.2496043e-11	-6.2840302e-11	-6.2818306e-11	-6.2865116e-11	-6.2445459e-11	-6.2354476e-11	-6.3003713e-11	-6.2640886e-11
	82.2222222222222	-6.2874379e-11	-6.311756e-11	-6.3214725e-11	-6.3421671e-11	-6.301222e-11	-6.2411076e-11	-6.381768e-11	-6.3234536e-11	-6.3428415e-11	-6.308596e-11	-6.3245083e-11	-6.3759942e-11	-6.3682663e-11	-6.3462832e-11	-6.3576838e-11	-6.3314527e-11	-6.3274302e-11	-6.3719835e-11	-6.3690685e-11	-6.3678743e-11	-6.331189e-11	-6.3352712e-11	-6.3544371e-11	-6.334281e-11	-6.3581994e-11	-6.2512426e-11	-6.2836944e-11	-6.2819736e-11	-6.2594638e-11	-6.3088826e-11	-6.271289e-11	-6.3050336e-11	-6.315172e-11	-6.2788968e-11	-6.3424724e-11	-6.3206475e-11	-6.3146183e-11	-6.3160831e-11	-6.3145954e-11	-6.3091608e-11	-6.2962732e-11	-6.2748973e-11	-6.3634417e-11	-6.3828866e-11	-6.3832703e-11	-6.3490928e-11	-6.293268e-11	-6.3378892e-11	-6.3534164e-11	-6.3586927e-11	-6.3208098e-11
	82.7777777777778	-6.3726954e-11	-6.3281796e-11	-6.3692905e-11	-6.3480991e-11	-6.397393e-11	-6.3396927e-11	-6.3961579e-11	-6.4001048e-11	-6.3989522e-11	-6.4026021e-11	-6.3399452e-11	-6.3906068e-11	-6.3587718e-11	-6.407818e-11	-6.3553746e-11	-6.3876578e-11	-6.3779225e-11	-6.3198495e-11	-6.3802914e-11	-6.4018034e-11	-6.3359755e-11	-6.3569074e-11	-6.4053207e-11	-6.4008507e-11	-6.3688201e-11	-6.2929176e-11	-6.315639e-11	-6.3208321e-11	-6.3387288e-11	-6.4034944e-11	-6.2821692e-11	-6.3141929e-11	-6.3118767e-11	-6.3746272e-11	-6.4143031e-11	-6.3436284e-11	-6.4161183e-11	-6.3614045e-11	-6.3528363e-11	-6.3530889e-11	-6.334424e-11	-6.4285618e-11	-6.4292696e-11	-6.4208375e-11	-6.4280567e-11	-6.3871117e-11	-6.3993852e-11	-6.3740659e-11	-6.3197551e-11	-6.4135912e-11	-6.374367e-11
	83.3333333333333	-6.4034382e-11	-6.4526454e-11	-6.4421343e-11	-6.4449293e-11	-6.3939964e-11	-6.3850591e-11	-6.4300003e-11	-6.3749776e-11	-6.4378489e-11	-6.445381e-11	-6.3925011e-11	-6.409008e-11	-6.4160358e-11	-6.4272282e-11	-6.3972161e-11	-6.3756701e-11	-6.3915297e-11	-6.4774908e-11	-6.3965687e-11	-6.356294e-11	-6.3927308e-11	-6.4024473e-11	-6.4563216e-11	-6.4077729e-11	-6.3793651e-11	-6.4227616e-11	-6.3583236e-11	-6.3923693e-11	-6.3444985e-11	-6.3226396e-11	-6.3640218e-11	-6.3747667e-11	-6.3649142e-11	-6.3696486e-11	-6.3779863e-11	-6.4062512e-11	-6.3715616e-11	-6.3982632e-11	-6.4466953e-11	-6.4326926e-11	-6.4356492e-11	-6.3954238e-11	-6.4155951e-11	-6.3929646e-11	-6.4615188e-11	-6.4456523e-11	-6.4292016e-11	-6.3986851e-11	-6.3845922e-11	-6.4569919e-11	-6.4391666e-11
	83.8888888888889	-6.413655e-11	-6.4335176e-11	-6.3969711e-11	-6.4672961e-11	-6.4678228e-11	-6.4508947e-11	-6.4229913e-11	-6.4375213e-11	-6.3956757e-11	-6.4423078e-11	-6.4713367e-11	-6.445814e-11	-6.4625923e-11	-6.4715067e-11	-6.4555722e-11	-6.4559413e-11	-6.4377247e-11	-6.4379051e-11	-6.4885368e-11	-6.4907815e-11	-6.5065502e-11	-6.4983546e-11	-6.4619143e-11	-6.4899981e-11	-6.4285618e-11	-6.4638649e-11	-6.447283e-11	-6.430418e-11	-6.4538999e-11	-6.4437726e-11	-6.4619213e-11	-6.4102355e-11	-6.4092225e-11	-6.4379051e-11	-6.4331526e-11	-6.452943e-11	-6.4359358e-11	-6.4699926e-11	-6.483343e-11	-6.477513e-11	-6.4955791e-11	-6.4660076e-11	-6.3981015e-11	-6.4789708e-11	-6.4755361e-11	-6.4950559e-11	-6.4739394e-11	-6.4588293e-11	-6.4669832e-11	-6.5021738e-11	-6.4598424e-11
	84.4444444444444	-6.5304158e-11	-6.5472128e-11	-6.4844394e-11	-6.4446767e-11	-6.53382e-11	-6.4999138e-11	-6.5187973e-11	-6.4670699e-11	-6.4819344e-11	-6.559403e-11	-6.5148463e-11	-6.5110958e-11	-6.4878512e-11	-6.4978203e-11	-6.5323517e-11	-6.5322421e-11	-6.5308786e-11	-6.5017484e-11	-6.4719737e-11	-6.4802851e-11	-6.5063503e-11	-6.5014279e-11	-6.4451625e-11	-6.483223e-11	-6.4606979e-11	-6.4694278e-11	-6.4707004e-11	-6.404044e-11	-6.4465142e-11	-6.4825638e-11	-6.4588522e-11	-6.4915982e-11	-6.4489171e-11	-6.4532484e-11	-6.4748734e-11	-6.4853692e-11	-6.5153063e-11	-6.4806917e-11	-6.4056371e-11	-6.4143975e-11	-6.4663809e-11	-6.5208235e-11	-6.5125343e-11	-6.4991269e-11	-6.470862e-11	-6.519249e-11	-6.4828948e-11	-6.4976281e-11	-6.4442847e-11	-6.4903256e-11	-6.4945889e-11
	85	-6.5285929e-11	-6.5362264e-11	-6.495756e-11	-6.4938541e-11	-6.5115552e-11	-6.5339407e-11	-6.5616103e-11	-6.532732e-11	-6.5012246e-11	-6.5086853e-11	-6.5517619e-11	-6.5248758e-11	-6.4887887e-11	-6.5195696e-11	-6.5127001e-11	-6.5780867e-11	-6.5996632e-11	-6.5442145e-11	-6.5394579e-11	-6.5669054e-11	-6.5482064e-11	-6.5833596e-11	-6.4902313e-11	-6.5306607e-11	-6.5103686e-11	-6.4876174e-11	-6.4871171e-11	-6.5341406e-11	-6.5588458e-11	-6.4675029e-11	-6.5187106e-11	-6.4531956e-11	-6.5645406e-11	-6.5374504e-11	-6.4945584e-11	-6.4846087e-11	-6.530148e-11	-6.5594599e-11	-6.5623035e-11	-6.4853088e-11	-6.5458569e-11	-6.5363583e-11	-6.580015e-11	-6.5408477e-11	-6.5260429e-11	-6.5004641e-11	-6.5236629e-11	-6.5797666e-11	-6.5227782e-11	-6.519129e-11	-6.4897754e-11
	85.5555555555556	-6.500419e-11	-6.5286082e-11	-6.5509369e-11	-6.5028399e-11	-6.4910112e-11	-6.5396501e-11	-6.5428662e-11	-6.5054462e-11	-6.4804849e-11	-6.5224243e-11	-6.5548275e-11	-6.5224048e-11	-6.5055968e-11	-6.5371833e-11	-6.5324531e-11	-6.6048146e-11	-6.5957351e-11	-6.5414202e-11	-6.5425124e-11	-6.5586842e-11	-6.5409303e-11	-6.5634935e-11	-6.519392e-11	-6.4890114e-11	-6.4903555e-11	-6.5047724e-11	-6.5540025e-11	-6.5223639e-11	-6.461507e-11	-6.4834145e-11	-6.4897421e-11	-6.5510389e-11	-6.4944793e-11	-6.4611004e-11	-6.510361e-11	-6.5133135e-11	-6.4980236e-11	-6.5127716e-11	-6.5364714e-11	-6.5567711e-11	-6.5452012e-11	-6.5327396e-11	-6.4889587e-11	-6.5516453e-11	-6.5339706e-11	-6.5669657e-11	-6.5415708e-11	-6.5281072e-11	-6.5532531e-11	-6.5901347e-11	-6.5508314e-11
	86.1111111111111	-6.5722573e-11	-6.526691e-11	-6.5026595e-11	-6.5388854e-11	-6.5387425e-11	-6.5252789e-11	-6.525256e-11	-6.5329048e-11	-6.5544098e-11	-6.5265293e-11	-6.5502895e-11	-6.506648e-11	-6.4809443e-11	-6.5261602e-11	-6.5795216e-11	-6.5765504e-11	-6.522051e-11	-6.542298e-11	-6.5323101e-11	-6.5609775e-11	-6.5726827e-11	-6.5202545e-11	-6.5159649e-11	-6.504712e-11	-6.5496983e-11	-6.5495623e-11	-6.4820628e-11	-6.4579744e-11	-6.4886457e-11	-6.5095172e-11	-6.5206091e-11	-6.5063989e-11	-6.5052547e-11	-6.4906906e-11	-6.5079997e-11	-6.5140483e-11	-6.4631189e-11	-6.4492182e-11	-6.4867556e-11	-6.4927355e-11	-6.4881975e-11	-6.5192192e-11	-6.4641133e-11	-6.4461339e-11	-6.4975976e-11	-6.4733746e-11	-6.4932143e-11	-6.4636088e-11	-6.5119243e-11	-6.4557866e-11	-6.5000873e-11
	86.6666666666667	-6.5387799e-11	-6.4866612e-11	-6.4784997e-11	-6.5287734e-11	-6.5503269e-11	-6.5346145e-11	-6.5595612e-11	-6.6024797e-11	-6.5428024e-11	-6.4975907e-11	-6.5052165e-11	-6.5533245e-11	-6.5355034e-11	-6.5467076e-11	-6.5711346e-11	-6.5395335e-11	-6.4842624e-11	-6.5728069e-11	-6.5208915e-11	-6.5556977e-11	-6.5667437e-11	-6.5982282e-11	-6.584109e-11	-6.6082161e-11	-6.5572603e-11	-6.4936057e-11	-6.5225367e-11	-6.5337714e-11	-6.5198028e-11	-6.5764151e-11	-6.5712706e-11	-6.5155922e-11	-6.5486207e-11	-6.5294249e-11	-6.5233541e-11	-6.5424485e-11	-6.488525e-11	-6.5036428e-11	-6.5706829e-11	-6.5227365e-11	-6.5570833e-11	-6.5380722e-11	-6.5184511e-11	-6.6151078e-11	-6.5841881e-11	-6.6046758e-11	-6.5633839e-11	-6.6179964e-11	-6.6552132e-11	-6.6757946e-11	-6.6103359e-11
	87.2222222222222	-6.6347254e-11	-6.5958287e-11	-6.6731697e-11	-6.6757155e-11	-6.7320378e-11	-6.6550057e-11	-6.6346047e-11	-6.658904e-11	-6.6896426e-11	-6.6418655e-11	-6.6366947e-11	-6.6668802e-11	-6.6334147e-11	-6.67294e-11	-6.7096821e-11	-6.7049893e-11	-6.6588887e-11	-6.6166669e-11	-6.6745935e-11	-6.6774933e-11	-6.6192052e-11	-6.6518312e-11	-6.6698744e-11	-6.6096052e-11	-6.6094061e-11	-6.6424234e-11	-6.6226698e-11	-6.6382802e-11	-6.6122455e-11	-6.6052178e-11	-6.640314e-11	-6.6323787e-11	-6.628436e-11	-6.5975198e-11	-6.5343814e-11	-6.5514379e-11	-6.5971964e-11	-6.6350758e-11	-6.6076096e-11	-6.5940253e-11	-6.5816762e-11	-6.5397326e-11	-6.5535959e-11	-6.5578591e-11	-6.5074723e-11	-6.5550121e-11	-6.5874681e-11	-6.527693e-11	-6.4946527e-11	-6.5096609e-11	-6.5340088e-11
	87.7777777777778	-6.5435816e-11	-6.5323816e-11	-6.557592e-11	-6.5314962e-11	-6.5259832e-11	-6.5734286e-11	-6.5344903e-11	-6.520405e-11	-6.5593884e-11	-6.5544958e-11	-6.5698016e-11	-6.5952639e-11	-6.6147088e-11	-6.6069726e-11	-6.5949926e-11	-6.5919992e-11	-6.5651429e-11	-6.6422763e-11	-6.5777217e-11	-6.5693007e-11	-6.5920366e-11	-6.6282216e-11	-6.6095039e-11	-6.5997645e-11	-6.5769536e-11	-6.5512235e-11	-6.5617234e-11	-6.6021598e-11	-6.5695074e-11	-6.5812654e-11	-6.5726563e-11	-6.5829377e-11	-6.5999227e-11	-6.5229849e-11	-6.5482446e-11	-6.5768557e-11	-6.5718236e-11	-6.6132697e-11	-6.5864175e-11	-6.5201684e-11	-6.5227407e-11	-6.5794994e-11	-6.6326201e-11	-6.6276679e-11	-6.5888468e-11	-6.5943452e-11	-6.5802225e-11	-6.5939872e-11	-6.6031576e-11	-6.6350606e-11	-6.6436807e-11
	88.3333333333333	-6.6142078e-11	-6.646253e-11	-6.5705136e-11	-6.6255362e-11	-6.6392974e-11	-6.6432068e-11	-6.6051428e-11	-6.5936707e-11	-6.5835025e-11	-6.6906369e-11	-6.6124523e-11	-6.6448146e-11	-6.6358065e-11	-6.615955e-11	-6.6441068e-11	-6.6222444e-11	-6.6120345e-11	-6.594545e-11	-6.6174198e-11	-6.6611258e-11	-6.6681834e-11	-6.6709437e-11	-6.6762429e-11	-6.6089502e-11	-6.6029321e-11	-6.6528325e-11	-6.6518346e-11	-6.6141245e-11	-6.6308986e-11	-6.6425553e-11	-6.6744915e-11	-6.7225697e-11	-6.6369361e-11	-6.6499438e-11	-6.6616601e-11	-6.7417391e-11	-6.6661079e-11	-6.6298668e-11	-6.611018e-11	-6.6043782e-11	-6.613797e-11	-6.5969813e-11	-6.5656515e-11	-6.5909216e-11	-6.5981755e-11	-6.6046231e-11	-6.6581803e-11	-6.6193821e-11	-6.5740233e-11	-6.6085359e-11	-6.6132433e-11
	88.8888888888889	-6.5639792e-11	-6.5911741e-11	-6.5833748e-11	-6.5915995e-11	-6.6071197e-11	-6.6522413e-11	-6.6065514e-11	-6.5185898e-11	-6.5399776e-11	-6.5856418e-11	-6.5782831e-11	-6.617646e-11	-6.6276491e-11	-6.5827531e-11	-6.5720082e-11	-6.6182712e-11	-6.5885568e-11	-6.5673647e-11	-6.5952035e-11	-6.639226e-11	-6.6449957e-11	-6.6059068e-11	-6.5629356e-11	-6.5761133e-11	-6.6282702e-11	-6.636254e-11	-6.6934014e-11	-6.6373164e-11	-6.5755595e-11	-6.6615213e-11	-6.6592613e-11	-6.65542e-11	-6.6050256e-11	-6.6352e-11	-6.6393877e-11	-6.6487843e-11	-6.6374184e-11	-6.6568473e-11	-6.6142342e-11	-6.6297766e-11	-6.6205118e-11	-6.6403667e-11	-6.6304656e-11	-6.6234872e-11	-6.5958704e-11	-6.6016401e-11	-6.6768945e-11	-6.6521774e-11	-6.5947518e-11	-6.6001489e-11	-6.6634268e-11
	89.4444444444444	-6.638913e-11	-6.6889418e-11	-6.7192592e-11	-6.6415304e-11	-6.6756364e-11	-6.6695392e-11	-6.6907008e-11	-6.6601391e-11	-6.6209864e-11	-6.6095567e-11	-6.657367e-11	-6.6720587e-11	-6.6869274e-11	-6.625208e-11	-6.6427204e-11	-6.6144937e-11	-6.6428071e-11	-6.6698369e-11	-6.6296413e-11	-6.6301985e-11	-6.6586701e-11	-6.6618829e-11	-6.6370638e-11	-6.6581164e-11	-6.644589e-11	-6.6104788e-11	-6.6332606e-11	-6.7069704e-11	-6.6567196e-11	-6.6296184e-11	-6.5931663e-11	-6.5791789e-11	-6.5927937e-11	-6.6120311e-11	-6.6684054e-11	-6.5817171e-11	-6.62728e-11	-6.6447847e-11	-6.6241311e-11	-6.6036961e-11	-6.59581e-11	-6.6438278e-11	-6.6419183e-11	-6.667298e-11	-6.620169e-11	-6.5935167e-11	-6.6630992e-11	-6.6196909e-11	-6.6759487e-11	-6.6743937e-11	-6.5700161e-11
	90	-6.685421e-11	-6.6438917e-11	-6.7026391e-11	-6.660858e-11	-6.6559397e-11	-6.7118172e-11	-6.7114522e-11	-6.7019203e-11	-6.6569791e-11	-6.6062385e-11	-6.6836245e-11	-6.6420883e-11	-6.6297766e-11	-6.6233102e-11	-6.6040957e-11	-6.614298e-11	-6.5877546e-11	-6.6257472e-11	-6.5646912e-11	-6.5992635e-11	-6.6548517e-11	-6.6306127e-11	-6.6510061e-11	-6.588749e-11	-6.6020772e-11	-6.6122302e-11	-6.6602522e-11	-6.672695e-11	-6.6352673e-11	-6.6176231e-11	-6.6165691e-11	-6.6357607e-11	-6.6410336e-11	-6.5742835e-11	-6.5504775e-11	-6.6309479e-11	-6.6026004e-11	-6.5798644e-11	-6.5651727e-11	-6.5644684e-11	-6.6029772e-11	-6.597245e-11	-6.5427309e-11	-6.5529936e-11	-6.5416686e-11	-6.5710291e-11	-6.5533363e-11	-6.5699973e-11	-6.5734244e-11	-6.5595612e-11	-6.5822597e-11
	90.5555555555556	-6.6276415e-11	-6.646167e-11	-6.5955581e-11	-6.5588722e-11	-6.5862329e-11	-6.5923003e-11	-6.5377294e-11	-6.6111117e-11	-6.6430861e-11	-6.6506106e-11	-6.6190699e-11	-6.6074063e-11	-6.6124752e-11	-6.5691917e-11	-6.6218302e-11	-6.5802565e-11	-6.5838682e-11	-6.5835858e-11	-6.6209226e-11	-6.6264924e-11	-6.5485492e-11	-6.5790699e-11	-6.5676062e-11	-6.5753715e-11	-6.5739782e-11	-6.5480524e-11	-6.5696996e-11	-6.5659221e-11	-6.5385919e-11	-6.5735188e-11	-6.5498072e-11	-6.5733453e-11	-6.5442859e-11	-6.569862e-11	-6.5815103e-11	-6.5339442e-11	-6.551483e-11	-6.5768967e-11	-6.5256099e-11	-6.6312796e-11	-6.5493853e-11	-6.5423125e-11	-6.5610871e-11	-6.5852691e-11	-6.6566475e-11	-6.5844968e-11	-6.548926e-11	-6.631426e-11	-6.621928e-11	-6.6003744e-11	-6.5951022e-11
	91.1111111111111	-6.5978063e-11	-6.6426115e-11	-6.6275888e-11	-6.5961493e-11	-6.6083403e-11	-6.553965e-11	-6.6025588e-11	-6.5591511e-11	-6.5764678e-11	-6.6118465e-11	-6.600262e-11	-6.5782942e-11	-6.6069164e-11	-6.6382656e-11	-6.5769272e-11	-6.5658132e-11	-6.559072e-11	-6.6374635e-11	-6.602785e-11	-6.6148365e-11	-6.5826782e-11	-6.5444032e-11	-6.6031312e-11	-6.5710257e-11	-6.5841915e-11	-6.6042838e-11	-6.6352715e-11	-6.6000962e-11	-6.5666264e-11	-6.5890654e-11	-6.5842297e-11	-6.6137519e-11	-6.5987139e-11	-6.6099404e-11	-6.6135375e-11	-6.5812127e-11	-6.6018808e-11	-6.6085283e-11	-6.5488247e-11	-6.6231971e-11	-6.5446329e-11	-6.6043331e-11	-6.5329388e-11	-6.5928048e-11	-6.5479504e-11	-6.5813258e-11	-6.5993766e-11	-6.6599018e-11	-6.6259317e-11	-6.633509e-11	-6.6746796e-11
	91.6666666666667	-6.6034518e-11	-6.6241047e-11	-6.6340246e-11	-6.6094887e-11	-6.6413271e-11	-6.6097371e-11	-6.6241464e-11	-6.6124828e-11	-6.6070253e-11	-6.6572768e-11	-6.6698293e-11	-6.6036399e-11	-6.5664987e-11	-6.6104074e-11	-6.6122982e-11	-6.6526028e-11	-6.5885755e-11	-6.6084381e-11	-6.59491e-11	-6.6105205e-11	-6.5605028e-11	-6.6440499e-11	-6.6241047e-11	-6.5993239e-11	-6.647681e-11	-6.6515862e-11	-6.6134057e-11	-6.5973241e-11	-6.5610115e-11	-6.6201544e-11	-6.6141134e-11	-6.6003411e-11	-6.650494e-11	-6.6086601e-11	-6.615055e-11	-6.6721267e-11	-6.615232e-11	-6.6693318e-11	-6.57156e-11	-6.6443323e-11	-6.6684658e-11	-6.682193e-11	-6.6514808e-11	-6.6079066e-11	-6.585988e-11	-6.6156802e-11	-6.6052518e-11	-6.612641e-11	-6.6308917e-11	-6.6014819e-11	-6.5532683e-11
	92.2222222222222	-6.5717376e-11	-6.5864703e-11	-6.6546782e-11	-6.6336332e-11	-6.60915e-11	-6.6219169e-11	-6.616957e-11	-6.6208435e-11	-6.5891743e-11	-6.5851824e-11	-6.602853e-11	-6.6208664e-11	-6.6309479e-11	-6.5866097e-11	-6.6482077e-11	-6.6140191e-11	-6.7064958e-11	-6.6584217e-11	-6.6181019e-11	-6.6488218e-11	-6.5965747e-11	-6.6111949e-11	-6.6061066e-11	-6.6055793e-11	-6.5538332e-11	-6.629735e-11	-6.6369209e-11	-6.5922212e-11	-6.6076547e-11	-6.5376468e-11	-6.5867527e-11	-6.5999678e-11	-6.585868e-11	-6.5618476e-11	-6.5411718e-11	-6.5549781e-11	-6.6029959e-11	-6.5858527e-11	-6.5548428e-11	-6.620373e-11	-6.5914413e-11	-6.5647363e-11	-6.5639452e-11	-6.5096872e-11	-6.5420454e-11	-6.5730518e-11	-6.5665251e-11	-6.5783504e-11	-6.5193545e-11	-6.6057944e-11	-6.5597645e-11
	92.7777777777778	-6.5019476e-11	-6.5812279e-11	-6.5598249e-11	-6.5250375e-11	-6.5787875e-11	-6.5099391e-11	-6.5906017e-11	-6.5498183e-11	-6.5718389e-11	-6.5683514e-11	-6.5578931e-11	-6.5601455e-11	-6.5165942e-11	-6.5653614e-11	-6.57591e-11	-6.5201532e-11	-6.4893424e-11	-6.5294291e-11	-6.5422487e-11	-6.6202183e-11	-6.5859394e-11	-6.5544507e-11	-6.5647023e-11	-6.5403773e-11	-6.5780457e-11	-6.608649e-11	-6.5401663e-11	-6.5811939e-11	-6.5879538e-11	-6.585521e-11	-6.6113302e-11	-6.5720797e-11	-6.6042762e-11	-6.6015346e-11	-6.5839736e-11	-6.6292381e-11	-6.5914489e-11	-6.5771041e-11	-6.644163e-11	-6.6203425e-11	-6.5844101e-11	-6.5648945e-11	-6.5852539e-11	-6.5943979e-11	-6.5987965e-11	-6.5711839e-11	-6.5704983e-11	-6.5289205e-11	-6.5329804e-11	-6.5370931e-11	-6.5527299e-11
	93.3333333333333	-6.4900432e-11	-6.4874182e-11	-6.5327091e-11	-6.5207291e-11	-6.5403884e-11	-6.5241902e-11	-6.5286082e-11	-6.5513289e-11	-6.5506621e-11	-6.5419586e-11	-6.4968295e-11	-6.5127265e-11	-6.5241076e-11	-6.5403093e-11	-6.5190686e-11	-6.511152e-11	-6.5622771e-11	-6.5667624e-11	-6.5948497e-11	-6.631859e-11	-6.5618434e-11	-6.584297e-11	-6.5166657e-11	-6.6061594e-11	-6.5977494e-11	-6.5704532e-11	-6.5517883e-11	-6.5968349e-11	-6.5376878e-11	-6.5621529e-11	-6.523964e-11	-6.5360911e-11	-6.4942197e-11	-6.4868416e-11	-6.4635901e-11	-6.5058681e-11	-6.5360495e-11	-6.5059999e-11	-6.506512e-11	-6.5188389e-11	-6.5311312e-11	-6.4590895e-11	-6.5444032e-11	-6.4639405e-11	-6.4841868e-11	-6.5189062e-11	-6.55569e-11	-6.5383053e-11	-6.5309202e-11	-6.4312278e-11	-6.4765679e-11
	93.8888888888889	-6.4844581e-11	-6.5007159e-11	-6.4985774e-11	-6.471932e-11	-6.4961481e-11	-6.5070505e-11	-6.4786433e-11	-6.4728167e-11	-6.4821572e-11	-6.4576851e-11	-6.5124968e-11	-6.5311992e-11	-6.5267437e-11	-6.4992962e-11	-6.4607049e-11	-6.5296588e-11	-6.4973339e-11	-6.5266195e-11	-6.4697366e-11	-6.5002267e-11	-6.5406215e-11	-6.5505226e-11	-6.5230495e-11	-6.5137881e-11	-6.4561634e-11	-6.5325023e-11	-6.5106774e-11	-6.5615575e-11	-6.5904997e-11	-6.5146812e-11	-6.4842395e-11	-6.5330859e-11	-6.5304533e-11	-6.5310708e-11	-6.5005543e-11	-6.467861e-11	-6.4588106e-11	-6.5100036e-11	-6.4753515e-11	-6.461285e-11	-6.4757054e-11	-6.4993566e-11	-6.4939332e-11	-6.4757845e-11	-6.5007763e-11	-6.4215452e-11	-6.5094839e-11	-6.4863448e-11	-6.4838517e-11	-6.4645164e-11	-6.4671907e-11
	94.4444444444444	-6.512086e-11	-6.5012509e-11	-6.4756304e-11	-6.4481906e-11	-6.4361766e-11	-6.4489664e-11	-6.468482e-11	-6.5045767e-11	-6.4406466e-11	-6.4314012e-11	-6.412789e-11	-6.4418179e-11	-6.4413176e-11	-6.4890565e-11	-6.4807298e-11	-6.4994655e-11	-6.5023355e-11	-6.4697026e-11	-6.5385468e-11	-6.4681809e-11	-6.4493091e-11	-6.4856329e-11	-6.4769523e-11	-6.5262955e-11	-6.4555535e-11	-6.5389832e-11	-6.5486283e-11	-6.5872988e-11	-6.4470533e-11	-6.4675897e-11	-6.5231882e-11	-6.4800477e-11	-6.4934287e-11	-6.4689226e-11	-6.4148041e-11	-6.4580501e-11	-6.5081468e-11	-6.4496852e-11	-6.4774602e-11	-6.517234e-11	-6.4670394e-11	-6.470384e-11	-6.4815958e-11	-6.4604266e-11	-6.3984443e-11	-6.4418561e-11	-6.477905e-11	-6.4791478e-11	-6.4865217e-11	-6.4080248e-11	-6.4966713e-11
	95	-6.488729e-11	-6.4471699e-11	-6.4117912e-11	-6.3762731e-11	-6.3975554e-11	-6.4184082e-11	-6.4652395e-11	-6.4078631e-11	-6.3926253e-11	-6.4679019e-11	-6.4469326e-11	-6.4666897e-11	-6.4582048e-11	-6.4580993e-11	-6.4207431e-11	-6.4815014e-11	-6.4608673e-11	-6.4426089e-11	-6.4731706e-11	-6.4293182e-11	-6.4078444e-11	-6.4866459e-11	-6.5221419e-11	-6.5152342e-11	-6.4690697e-11	-6.3814891e-11	-6.5168655e-11	-6.4824056e-11	-6.4972853e-11	-6.4204038e-11	-6.42588e-11	-6.4283842e-11	-6.445057e-11	-6.4073059e-11	-6.4580535e-11	-6.4259591e-11	-6.4413662e-11	-6.409008e-11	-6.3631218e-11	-6.3684544e-11	-6.4401873e-11	-6.464599e-11	-6.4340679e-11	-6.472399e-11	-6.4271338e-11	-6.4327495e-11	-6.4194511e-11	-6.4380147e-11	-6.4690885e-11	-6.4186566e-11	-6.45431e-11
	95.5555555555556	-6.4611913e-11	-6.4607542e-11	-6.4583436e-11	-6.3675128e-11	-6.4955569e-11	-6.4625319e-11	-6.4861151e-11	-6.5008367e-11	-6.3880082e-11	-6.4385115e-11	-6.4210103e-11	-6.4305991e-11	-6.4540998e-11	-6.4327495e-11	-6.4067973e-11	-6.4000333e-11	-6.3898609e-11	-6.413723e-11	-6.3787586e-11	-6.386694e-11	-6.3866447e-11	-6.4519563e-11	-6.4321395e-11	-6.4072039e-11	-6.3954841e-11	-6.4786093e-11	-6.4961217e-11	-6.524209e-11	-6.4977482e-11	-6.5064593e-11	-6.4990631e-11	-6.4885777e-11	-6.4579071e-11	-6.4071963e-11	-6.438941e-11	-6.4301883e-11	-6.3970204e-11	-6.4209763e-11	-6.3912847e-11	-6.3992499e-11	-6.4048579e-11	-6.4550219e-11	-6.4470491e-11	-6.4333143e-11	-6.4193872e-11	-6.4230746e-11	-6.4769523e-11	-6.4397057e-11	-6.365182e-11	-6.3834063e-11	-6.3727218e-11
	96.1111111111111	-6.3143921e-11	-6.3562149e-11	-6.337738e-11	-6.3245117e-11	-6.3772633e-11	-6.3421109e-11	-6.3867349e-11	-6.3445964e-11	-6.3075267e-11	-6.4002935e-11	-6.3368193e-11	-6.4266745e-11	-6.3731471e-11	-6.3230733e-11	-6.3280936e-11	-6.3525199e-11	-6.3286543e-11	-6.3533262e-11	-6.3244965e-11	-6.2920891e-11	-6.3886896e-11	-6.3644812e-11	-6.3938341e-11	-6.3458884e-11	-6.4504124e-11	-6.436101e-11	-6.4248371e-11	-6.440485e-11	-6.4342184e-11	-6.4587842e-11	-6.4139492e-11	-6.4153502e-11	-6.3914582e-11	-6.3924296e-11	-6.3944558e-11	-6.3577962e-11	-6.3811463e-11	-6.3986025e-11	-6.369829e-11	-6.3621164e-11	-6.3549006e-11	-6.4126385e-11	-6.359642e-11	-6.3623572e-11	-6.3632044e-11	-6.4209957e-11	-6.3966214e-11	-6.3796059e-11	-6.3559324e-11	-6.3192056e-11	-6.3326767e-11
	96.6666666666667	-6.3415911e-11	-6.2533589e-11	-6.2776312e-11	-6.309387e-11	-6.3192541e-11	-6.3627791e-11	-6.2504592e-11	-6.3484266e-11	-6.3028152e-11	-6.3029283e-11	-6.3742886e-11	-6.2992223e-11	-6.2781398e-11	-6.3224405e-11	-6.3198044e-11	-6.3220033e-11	-6.298842e-11	-6.3087917e-11	-6.3420089e-11	-6.3225043e-11	-6.3511418e-11	-6.3482532e-11	-6.3461292e-11	-6.372055e-11	-6.352302e-11	-6.3659689e-11	-6.4209429e-11	-6.4150227e-11	-6.4122201e-11	-6.4304784e-11	-6.3830635e-11	-6.3612574e-11	-6.3763446e-11	-6.2812845e-11	-6.3627187e-11	-6.3528217e-11	-6.3328308e-11	-6.3376401e-11	-6.3489276e-11	-6.3663151e-11	-6.3726309e-11	-6.320354e-11	-6.3560303e-11	-6.292368e-11	-6.2588837e-11	-6.2752664e-11	-6.2199572e-11	-6.2586838e-11	-6.2461918e-11	-6.2413824e-11	-6.2202396e-11
	97.2222222222222	-6.2294066e-11	-6.2631955e-11	-6.237541e-11	-6.2973203e-11	-6.2515701e-11	-6.2205262e-11	-6.1689945e-11	-6.2252828e-11	-6.2286912e-11	-6.2588573e-11	-6.2312967e-11	-6.1759389e-11	-6.2446215e-11	-6.2681631e-11	-6.2270716e-11	-6.2415066e-11	-6.2193473e-11	-6.2361248e-11	-6.2131446e-11	-6.2391044e-11	-6.2216218e-11	-6.2629325e-11	-6.2394694e-11	-6.2668599e-11	-6.2440379e-11	-6.2756578e-11	-6.3225196e-11	-6.3989598e-11	-6.3549457e-11	-6.288587e-11	-6.2688979e-11	-6.2739744e-11	-6.2503946e-11	-6.2296703e-11	-6.2089903e-11	-6.1819161e-11	-6.1530864e-11	-6.2235994e-11	-6.1835093e-11	-6.1544422e-11	-6.1885518e-11	-6.2195353e-11	-6.21505e-11	-6.2051676e-11	-6.1457686e-11	-6.1708097e-11	-6.1600912e-11	-6.2237687e-11	-6.1983627e-11	-6.2085871e-11	-6.1739246e-11
	97.7777777777778	-6.2312405e-11	-6.1958244e-11	-6.1800821e-11	-6.2125458e-11	-6.2326491e-11	-6.2082485e-11	-6.2074949e-11	-6.22239e-11	-6.1811403e-11	-6.1680827e-11	-6.2562816e-11	-6.2077135e-11	-6.2053827e-11	-6.2197164e-11	-6.1732348e-11	-6.2210154e-11	-6.2305737e-11	-6.2266949e-11	-6.2548876e-11	-6.210546e-11	-6.1240985e-11	-6.1672209e-11	-6.1568903e-11	-6.2254632e-11	-6.164641e-11	-6.2481201e-11	-6.2654784e-11	-6.3206253e-11	-6.2501504e-11	-6.2319712e-11	-6.2424337e-11	-6.2210383e-11	-6.2161686e-11	-6.1172331e-11	-6.0954727e-11	-6.1626711e-11	-6.1745831e-11	-6.1284262e-11	-6.1157683e-11	-6.1380373e-11	-6.1361166e-11	-6.1722863e-11	-6.1796748e-11	-6.1182573e-11	-6.1759958e-11	-6.1259102e-11	-6.100169e-11	-6.1099799e-11	-6.1198581e-11	-6.0686053e-11	-6.0811765e-11
	98.3333333333333	-6.1789934e-11	-6.20623e-11	-6.1643059e-11	-6.1718679e-11	-6.2146094e-11	-6.1642268e-11	-6.1708701e-11	-6.1693296e-11	-6.1807219e-11	-6.1411105e-11	-6.1483672e-11	-6.1452753e-11	-6.163639e-11	-6.0964893e-11	-6.1010919e-11	-6.1454598e-11	-6.0994494e-11	-6.0957892e-11	-6.033584e-11	-6.0810787e-11	-6.0683493e-11	-6.0866638e-11	-6.0966517e-11	-6.1008018e-11	-6.0972845e-11	-6.1871619e-11	-6.1846993e-11	-6.1870682e-11	-6.2124063e-11	-6.1677517e-11	-6.0845357e-11	-6.1328886e-11	-6.1546566e-11	-6.1235038e-11	-6.0872439e-11	-6.0477373e-11	-6.1077463e-11	-6.0710798e-11	-6.112507e-11	-6.0626247e-11	-6.0295317e-11	-6.0730608e-11	-6.0487469e-11	-6.0580603e-11	-6.0805777e-11	-6.0287636e-11	-6.1027378e-11	-6.0554915e-11	-6.0647147e-11	-6.0382352e-11	-6.0524787e-11
	98.8888888888889	-6.0401753e-11	-6.0639389e-11	-6.098512e-11	-6.0989262e-11	-6.0858166e-11	-6.0778209e-11	-6.1656763e-11	-6.1011522e-11	-6.1254279e-11	-6.0328388e-11	-6.0757045e-11	-6.1563893e-11	-6.1009899e-11	-6.1188034e-11	-6.1342972e-11	-6.1903559e-11	-6.1575113e-11	-6.1714273e-11	-6.1071703e-11	-6.1350092e-11	-6.1109097e-11	-6.1270738e-11	-6.0900458e-11	-6.0852851e-11	-6.1224491e-11	-6.2002306e-11	-6.1740828e-11	-6.1808086e-11	-6.1801418e-11	-6.1302866e-11	-6.1010731e-11	-6.1719962e-11	-6.1317965e-11	-6.0164373e-11	-6.084129e-11	-6.1247542e-11	-6.0405216e-11	-6.0588326e-11	-6.0146298e-11	-5.9845948e-11	-6.0206062e-11	-6.0857597e-11	-6.0405479e-11	-6.0388042e-11	-5.9977537e-11	-5.9808741e-11	-6.0410676e-11	-6.04286e-11	-6.0258562e-11	-6.0306468e-11	-6.0338103e-11
	99.4444444444445	-5.9723927e-11	-5.9918598e-11	-5.9504776e-11	-5.93431e-11	-5.9715566e-11	-5.9938443e-11	-5.9695193e-11	-6.0091987e-11	-6.053006e-11	-6.1127894e-11	-6.0804722e-11	-5.9873932e-11	-6.0142565e-11	-6.0654641e-11	-6.046133e-11	-6.0195515e-11	-5.9777294e-11	-5.9054428e-11	-5.9151406e-11	-5.9576899e-11	-5.9287478e-11	-5.9136189e-11	-5.8999028e-11	-5.9366484e-11	-5.9696401e-11	-5.9784559e-11	-6.028715e-11	-6.0314226e-11	-6.0667221e-11	-6.0502152e-11	-6.0419038e-11	-6.0418621e-11	-6.0449958e-11	-6.0704809e-11	-6.0250388e-11	-5.9644692e-11	-6.00393e-11	-5.9568649e-11	-5.968416e-11	-5.9988195e-11	-6.0558003e-11	-6.0282855e-11	-6.0300293e-11	-6.0302138e-11	-6.0107808e-11	-5.9862372e-11	-6.059156e-11	-6.0651442e-11	-6.0308349e-11	-5.9427421e-11	-6.0194953e-11
	100	-5.9983636e-11	-6.0062802e-11	-6.0197666e-11	-6.0315884e-11	-5.9126433e-11	-5.9200776e-11	-5.9433521e-11	-5.904912e-11	-5.9796272e-11	-5.9529222e-11	-5.9432355e-11	-6.0272044e-11	-5.9547332e-11	-6.0209039e-11	-5.9818983e-11	-5.9985558e-11	-5.9840112e-11	-6.031705e-11	-6.0040244e-11	-5.9648377e-11	-6.0274306e-11	-5.9960474e-11	-6.048434e-11	-6.0436212e-11	-5.9582547e-11	-6.0302811e-11	-6.0790713e-11	-6.1119491e-11	-6.0942973e-11	-6.0640937e-11	-5.9862969e-11	-6.0400657e-11	-6.0049354e-11	-6.0243012e-11	-6.0018095e-11	-5.9638509e-11	-6.0090065e-11	-6.0259957e-11	-6.027491e-11	-5.9520104e-11	-5.9573284e-11	-5.9532157e-11	-5.9673273e-11	-5.9682127e-11	-5.9972492e-11	-5.9521874e-11	-5.9484216e-11	-5.9926848e-11	-5.8649155e-11	-5.8913686e-11	-5.953095e-11
