I1_2512
																																																				
		-50	-49	-48	-47	-46	-45	-44	-43	-42	-41	-40	-39	-38	-37	-36	-35	-34	-33	-32	-31	-30	-29	-28	-27	-26	-25	-24	-23	-22	-21	-20	-19	-18	-17	-16	-15	-14	-13	-12	-11	-10	-9	-8	-7	-6	-5	-4	-3	-2	-1	0
	0	-8.7617316e-11	-8.7720352e-11	-8.6413633e-11	-8.6733412e-11	-8.7655688e-11	-8.7172013e-11	-8.754715e-11	-8.7353423e-11	-8.7477477e-11	-8.7497176e-11	-8.8097002e-11	-8.8221735e-11	-8.8221437e-11	-8.7665368e-11	-8.8054293e-11	-8.7705551e-11	-8.7840075e-11	-8.8020133e-11	-8.7594154e-11	-8.7415374e-11	-8.7651206e-11	-8.7774663e-11	-8.7975016e-11	-8.8264326e-11	-8.7714065e-11	-8.7723405e-11	-8.8676677e-11	-8.8896925e-11	-8.9393069e-11	-8.9728967e-11	-8.9708102e-11	-9.0478944e-11	-9.0903687e-11	-9.1900987e-11	-9.3071752e-11	-9.3827161e-11	-9.3759334e-11	-9.4776291e-11	-9.5712771e-11	-9.5427222e-11	-9.5399431e-11	-9.4866261e-11	-9.4360818e-11	-9.3540335e-11	-9.4492553e-11	-9.5634098e-11	-9.7144265e-11	-9.8498626e-11	-9.8345762e-11	-1.1030806e-10	-1.2244759e-10
	1.66666666666667	-6.2944393e-11	-4.3643929e-11	-4.1814132e-11	-4.2031774e-11	-4.1425769e-11	-4.1912352e-11	-4.1974191e-11	-4.104965e-11	-4.1397222e-11	-4.1551672e-11	-4.20146e-11	-4.1763853e-11	-4.1848212e-11	-4.2174094e-11	-4.1831906e-11	-4.1842339e-11	-4.2163852e-11	-4.1904705e-11	-4.1221044e-11	-4.1497816e-11	-4.2020738e-11	-4.2766089e-11	-4.2734451e-11	-4.3086732e-11	-4.3892529e-11	-4.5640373e-11	-4.6909737e-11	-7.7809453e-11	-8.952307e-11	-8.9804629e-11	-9.0404455e-11	-9.1544411e-11	-9.2740225e-11	-9.323306e-11	-9.3603188e-11	-9.425917e-11	-9.5273567e-11	-9.5912146e-11	-9.6220892e-11	-9.6588799e-11	-9.6678734e-11	-9.6367733e-11	-9.5684148e-11	-9.5293412e-11	-9.4935976e-11	-9.5957527e-11	-9.6984427e-11	-9.8712392e-11	-9.9077628e-11	-1.1228458e-10	-1.2212288e-10
	3.33333333333333	-6.3605156e-11	-4.2870898e-11	-4.2140576e-11	-4.1501205e-11	-4.2226708e-11	-4.2853047e-11	-4.2564188e-11	-4.1933894e-11	-4.2058513e-11	-4.2444763e-11	-4.2235066e-11	-4.2072523e-11	-4.1668721e-11	-4.2121407e-11	-4.2368314e-11	-4.2318034e-11	-4.2230774e-11	-4.2196201e-11	-4.2114139e-11	-4.2069775e-11	-4.2702328e-11	-4.2980154e-11	-4.3257675e-11	-4.3119914e-11	-4.4058687e-11	-4.4592909e-11	-4.6534634e-11	-4.8375616e-11	-5.0032964e-11	-6.8456567e-11	-9.1610511e-11	-9.2839313e-11	-9.3953095e-11	-9.4634384e-11	-9.5435056e-11	-9.5573424e-11	-9.6108961e-11	-9.6283786e-11	-9.7070449e-11	-9.7565726e-11	-9.7687976e-11	-9.7141441e-11	-9.6301411e-11	-9.6047836e-11	-9.6268722e-11	-9.6754209e-11	-9.7421071e-11	-9.9111941e-11	-9.9232907e-11	-1.1064365e-10	-1.2236342e-10
	5	-6.7357474e-11	-4.3001883e-11	-4.1539244e-11	-4.181315e-11	-4.2192888e-11	-4.2471693e-11	-4.2659355e-11	-4.1704386e-11	-4.1896608e-11	-4.208156e-11	-4.2154474e-11	-4.2123176e-11	-4.2318374e-11	-4.2014524e-11	-4.1874615e-11	-4.2566936e-11	-4.2350724e-11	-4.2313892e-11	-4.1865539e-11	-4.1570993e-11	-4.234775e-11	-4.2812826e-11	-4.3537722e-11	-4.3773405e-11	-4.4472055e-11	-4.6377024e-11	-4.7832734e-11	-4.9694016e-11	-8.9865525e-11	-9.3100791e-11	-9.3110207e-11	-9.434236e-11	-9.5001958e-11	-9.5724935e-11	-9.6397147e-11	-9.6695457e-11	-9.7403599e-11	-9.7950814e-11	-9.8541862e-11	-9.8647313e-11	-9.8668407e-11	-9.8322711e-11	-9.8090647e-11	-9.7959363e-11	-9.7365449e-11	-9.8126535e-11	-9.8079649e-11	-9.9662695e-11	-9.9294968e-11	-1.1177981e-10	-1.2268105e-10
	6.66666666666667	-6.3565313e-11	-4.2776106e-11	-4.267103e-11	-4.2128148e-11	-4.2306249e-11	-4.2423863e-11	-4.1463621e-11	-4.1248276e-11	-4.2039493e-11	-4.1941048e-11	-4.2031961e-11	-4.1767659e-11	-4.201671e-11	-4.2178878e-11	-4.2584297e-11	-4.2648888e-11	-4.2262974e-11	-4.206744e-11	-4.2652278e-11	-4.3034572e-11	-4.3645511e-11	-4.336791e-11	-4.4347661e-11	-4.4933137e-11	-4.6027491e-11	-4.6564613e-11	-7.2829728e-11	-9.3470925e-11	-9.4835417e-11	-9.4620943e-11	-9.4816738e-11	-9.5494938e-11	-9.5925934e-11	-9.6676965e-11	-9.6732025e-11	-9.7179743e-11	-9.8006998e-11	-9.8727457e-11	-9.8897349e-11	-9.9691054e-11	-9.9144172e-11	-9.8990892e-11	-9.8385494e-11	-9.6339263e-11	-9.770959e-11	-9.7842727e-11	-9.8225018e-11	-9.9638436e-11	-9.97376e-11	-1.1165798e-10	-1.223226e-10
	8.33333333333333	-6.6980067e-11	-4.3550302e-11	-4.3157273e-11	-4.3184387e-11	-4.3137841e-11	-4.3083606e-11	-4.2784241e-11	-4.309773e-11	-4.2889994e-11	-4.2994577e-11	-4.3371189e-11	-4.2640225e-11	-4.288905e-11	-4.2727637e-11	-4.2787666e-11	-4.2882798e-11	-4.2595108e-11	-4.2127506e-11	-4.2109694e-11	-4.2804427e-11	-4.3205817e-11	-4.315347e-11	-4.350963e-11	-4.419114e-11	-4.5369292e-11	-4.6132605e-11	-4.7985147e-11	-8.072102e-11	-9.4111878e-11	-9.5328474e-11	-9.5876404e-11	-9.6091753e-11	-9.6577614e-11	-9.7394932e-11	-9.7811204e-11	-9.8547774e-11	-9.8600988e-11	-9.8954137e-11	-1.0005433e-10	-9.971745e-11	-9.9280736e-11	-9.9117436e-11	-9.8592329e-11	-9.8406547e-11	-9.8831401e-11	-9.7913941e-11	-9.8661475e-11	-1.0025657e-10	-1.0021676e-10	-1.1206171e-10	-1.2246025e-10
	10	-6.4289421e-11	-4.3910153e-11	-4.2273181e-11	-4.2767106e-11	-4.2947691e-11	-4.2862536e-11	-4.2394262e-11	-4.2456025e-11	-4.272982e-11	-4.3419317e-11	-4.3410657e-11	-4.2621583e-11	-4.2389214e-11	-4.2824275e-11	-4.2976237e-11	-4.3040901e-11	-4.2958838e-11	-4.2866568e-11	-4.2668695e-11	-4.2865399e-11	-4.3386929e-11	-4.3680119e-11	-4.4452584e-11	-4.3967587e-11	-4.6032914e-11	-8.2158162e-11	-9.6210047e-11	-9.6706268e-11	-9.6340123e-11	-9.6680282e-11	-9.6964242e-11	-9.7588139e-11	-9.7647605e-11	-9.8273979e-11	-9.8614623e-11	-9.919645e-11	-9.9689208e-11	-1.0007911e-10	-1.0044804e-10	-1.0085138e-10	-1.0007998e-10	-1.0021326e-10	-9.9663333e-11	-9.8498099e-11	-9.9129184e-11	-9.8504954e-11	-9.9560596e-11	-1.0103777e-10	-1.0168377e-10	-1.1341107e-10	-1.2309762e-10
	11.6666666666667	-6.6933598e-11	-4.4329058e-11	-4.3690326e-11	-4.3182166e-11	-4.3312097e-11	-4.3113887e-11	-4.3307125e-11	-4.3487144e-11	-4.3418338e-11	-4.3332095e-11	-4.293255e-11	-4.3026777e-11	-4.3142583e-11	-4.3672552e-11	-4.3131249e-11	-4.318032e-11	-4.2519523e-11	-4.2537675e-11	-4.3288748e-11	-4.3236435e-11	-4.3546989e-11	-4.3600203e-11	-4.4458687e-11	-4.4853298e-11	-4.6242538e-11	-4.7582174e-11	-5.4558157e-11	-9.6729506e-11	-9.7796098e-11	-9.8418787e-11	-9.9048589e-11	-9.869499e-11	-9.8663737e-11	-9.893783e-11	-9.9669474e-11	-1.0025517e-10	-1.0095567e-10	-1.0121583e-10	-1.0095864e-10	-1.013119e-10	-1.0120035e-10	-1.0100926e-10	-1.0014287e-10	-9.9271924e-11	-9.9221568e-11	-9.9989059e-11	-1.0033927e-10	-1.0135525e-10	-1.0187147e-10	-1.1285511e-10	-1.2359053e-10
	13.3333333333333	-6.8333721e-11	-4.5200722e-11	-4.4300171e-11	-4.3678162e-11	-4.3290555e-11	-4.321252e-11	-4.3255378e-11	-4.3877048e-11	-4.3329309e-11	-4.3146917e-11	-4.2946934e-11	-4.3317256e-11	-4.3442402e-11	-4.3583633e-11	-4.3396082e-11	-4.3151361e-11	-4.3080782e-11	-4.381084e-11	-4.3951655e-11	-4.4036243e-11	-4.35346e-11	-4.4082828e-11	-4.5066496e-11	-4.5724962e-11	-4.5707146e-11	-4.6411559e-11	-4.7384041e-11	-9.4572586e-11	-1.003097e-10	-1.0075445e-10	-1.0057718e-10	-1.001251e-10	-1.0038367e-10	-1.0098565e-10	-1.0182116e-10	-1.0183935e-10	-1.0171296e-10	-1.0183954e-10	-1.0191655e-10	-1.0246147e-10	-1.025308e-10	-1.0185641e-10	-1.0071637e-10	-1.0046303e-10	-1.0058267e-10	-1.0134697e-10	-1.0088268e-10	-1.0219001e-10	-1.0317744e-10	-1.1314163e-10	-1.2331183e-10
	15	-6.8261972e-11	-4.3985777e-11	-4.3478634e-11	-4.3072046e-11	-4.3508724e-11	-4.3561037e-11	-4.3254702e-11	-4.3366855e-11	-4.2969007e-11	-4.3377815e-11	-4.3927403e-11	-4.3541868e-11	-4.3400072e-11	-4.3399395e-11	-4.3053405e-11	-4.3417547e-11	-4.3190639e-11	-4.3639523e-11	-4.3949885e-11	-4.3671646e-11	-4.3526766e-11	-4.3885184e-11	-4.4534272e-11	-4.5056629e-11	-4.6587095e-11	-4.718986e-11	-4.8410151e-11	-8.7109604e-11	-1.0109712e-10	-1.0198325e-10	-1.0234698e-10	-1.0209755e-10	-1.0222899e-10	-1.0230209e-10	-1.0299727e-10	-1.0292854e-10	-1.0279409e-10	-1.0330598e-10	-1.0336308e-10	-1.0315733e-10	-1.0352261e-10	-1.0283895e-10	-1.015651e-10	-1.0057914e-10	-1.0062869e-10	-1.0136023e-10	-1.0137419e-10	-1.0197105e-10	-1.0392851e-10	-1.1418522e-10	-1.2344215e-10
	16.6666666666667	-6.5200477e-11	-4.4690904e-11	-4.3549098e-11	-4.3210109e-11	-4.3811219e-11	-4.3703582e-11	-4.3954857e-11	-4.3556516e-11	-4.2829056e-11	-4.3501643e-11	-4.4197319e-11	-4.4032816e-11	-4.3838825e-11	-4.3440522e-11	-4.4117626e-11	-4.3739588e-11	-4.4157886e-11	-4.4294523e-11	-4.3618394e-11	-4.3128875e-11	-4.388492e-11	-4.4641079e-11	-4.4683295e-11	-4.5190591e-11	-4.5471727e-11	-4.6675035e-11	-4.8202827e-11	-4.993787e-11	-5.0826482e-11	-9.7631521e-11	-1.0273767e-10	-1.033569e-10	-1.0348328e-10	-1.0415745e-10	-1.0402994e-10	-1.0376913e-10	-1.0378879e-10	-1.0420265e-10	-1.0425598e-10	-1.0426886e-10	-1.0395507e-10	-1.0267952e-10	-1.0195884e-10	-1.0127797e-10	-1.0136079e-10	-1.019576e-10	-1.0216549e-10	-1.024948e-10	-1.0388358e-10	-1.1472178e-10	-1.2380237e-10
	18.3333333333333	-5.99749e-11	-4.4449045e-11	-4.2865326e-11	-4.264222e-11	-4.3295187e-11	-4.3060711e-11	-4.3005197e-11	-4.3074606e-11	-4.3059278e-11	-4.2781341e-11	-4.3111063e-11	-4.3582239e-11	-4.3464926e-11	-4.3455548e-11	-4.3023689e-11	-4.3373822e-11	-4.354149e-11	-4.3765047e-11	-4.4214982e-11	-4.3328782e-11	-4.3907631e-11	-4.4189371e-11	-4.4558489e-11	-4.5809172e-11	-4.5749932e-11	-4.7232079e-11	-4.8695773e-11	-8.89704e-11	-1.0363031e-10	-1.0469823e-10	-1.0469334e-10	-1.0469307e-10	-1.0474572e-10	-1.0489015e-10	-1.0540675e-10	-1.0530966e-10	-1.0491245e-10	-1.0494269e-10	-1.0563026e-10	-1.0555114e-10	-1.051372e-10	-1.038016e-10	-1.030515e-10	-1.0189207e-10	-1.0193964e-10	-1.0231244e-10	-1.0230548e-10	-1.027893e-10	-1.044636e-10	-1.1509586e-10	-1.2427769e-10
	20	-6.6227225e-11	-4.3738232e-11	-4.308515e-11	-4.3140928e-11	-4.3346219e-11	-4.3597681e-11	-4.3909477e-11	-4.3272552e-11	-4.3139874e-11	-4.3576365e-11	-4.3412163e-11	-4.3296731e-11	-4.2708805e-11	-4.2820133e-11	-4.2888373e-11	-4.290306e-11	-4.3423685e-11	-4.2837719e-11	-4.2989796e-11	-4.2919595e-11	-4.3379359e-11	-4.3044401e-11	-4.2836627e-11	-4.2822693e-11	-4.3290819e-11	-4.365696e-11	-4.587233e-11	-4.7182518e-11	-1.0306005e-10	-1.0572261e-10	-1.0622211e-10	-1.0621864e-10	-1.0674149e-10	-1.0629886e-10	-1.0598612e-10	-1.0589999e-10	-1.0627253e-10	-1.0684645e-10	-1.061965e-10	-1.0621894e-10	-1.0532385e-10	-1.047058e-10	-1.0401822e-10	-1.0312675e-10	-1.0266488e-10	-1.0265806e-10	-1.0281503e-10	-1.0333211e-10	-1.0526138e-10	-1.152554e-10	-1.2469689e-10
	21.6666666666667	-6.7574966e-11	-4.37635e-11	-4.4149451e-11	-4.3878481e-11	-4.3549664e-11	-4.3274474e-11	-4.3342979e-11	-4.390744e-11	-4.3855433e-11	-4.3745386e-11	-4.3347461e-11	-4.3293265e-11	-4.3417433e-11	-4.3697369e-11	-4.3566008e-11	-4.2996082e-11	-4.3217679e-11	-4.3057696e-11	-4.3111629e-11	-4.3616662e-11	-4.3618734e-11	-4.411661e-11	-4.3947061e-11	-4.4299984e-11	-4.5914397e-11	-4.6092796e-11	-4.7227069e-11	-8.9669008e-11	-1.0623295e-10	-1.0710428e-10	-1.0722016e-10	-1.0734889e-10	-1.0722637e-10	-1.0711806e-10	-1.0739754e-10	-1.0778835e-10	-1.0787859e-10	-1.0764144e-10	-1.0734312e-10	-1.0768053e-10	-1.0711419e-10	-1.0670195e-10	-1.0543522e-10	-1.0348152e-10	-1.0315899e-10	-1.0331999e-10	-1.0384046e-10	-1.0404327e-10	-1.0548678e-10	-1.1532507e-10	-1.2414855e-10
	23.3333333333333	-6.6887801e-11	-4.4460605e-11	-4.3038038e-11	-4.270647e-11	-4.2510256e-11	-4.2822617e-11	-4.2982451e-11	-4.3027793e-11	-4.3005311e-11	-4.3058338e-11	-4.3535616e-11	-4.4002611e-11	-4.3066321e-11	-4.3329233e-11	-4.233517e-11	-4.276586e-11	-4.2959664e-11	-4.3370432e-11	-4.3021014e-11	-4.3418262e-11	-4.3443006e-11	-4.3821047e-11	-4.4867682e-11	-4.5978759e-11	-4.6140099e-11	-4.6985436e-11	-4.8501293e-11	-5.0087386e-11	-5.7655512e-11	-1.0613394e-10	-1.0792513e-10	-1.0763899e-10	-1.07756e-10	-1.0811597e-10	-1.0789847e-10	-1.0789173e-10	-1.0783765e-10	-1.0775171e-10	-1.0819162e-10	-1.0784239e-10	-1.0805466e-10	-1.0678788e-10	-1.0528981e-10	-1.047786e-10	-1.0356343e-10	-1.035913e-10	-1.0390246e-10	-1.0377143e-10	-1.0498453e-10	-1.1482493e-10	-1.237751e-10
	25	-5.9212302e-11	-4.482411e-11	-4.378271e-11	-4.3598396e-11	-4.3926612e-11	-4.3995155e-11	-4.395467e-11	-4.3575123e-11	-4.299661e-11	-4.2962037e-11	-4.3410355e-11	-4.371134e-11	-4.3990409e-11	-4.3668482e-11	-4.3099878e-11	-4.3842215e-11	-4.4264918e-11	-4.3515917e-11	-4.3671722e-11	-4.3472496e-11	-4.3914181e-11	-4.4578109e-11	-4.4550277e-11	-4.5163095e-11	-4.459336e-11	-4.4975017e-11	-4.6288556e-11	-4.709522e-11	-9.0340506e-11	-1.0782842e-10	-1.0798588e-10	-1.0803661e-10	-1.0902532e-10	-1.0881318e-10	-1.0874152e-10	-1.0840279e-10	-1.0845235e-10	-1.0847567e-10	-1.0909768e-10	-1.0880916e-10	-1.0847739e-10	-1.0694049e-10	-1.0609018e-10	-1.052079e-10	-1.0383015e-10	-1.0412631e-10	-1.041158e-10	-1.039957e-10	-1.0535538e-10	-1.1526432e-10	-1.2377743e-10
	26.6666666666667	-6.8560102e-11	-4.4968203e-11	-4.3931921e-11	-4.4299984e-11	-4.4045056e-11	-4.416395e-11	-4.3733711e-11	-4.3562504e-11	-4.4203533e-11	-4.4278893e-11	-4.4285558e-11	-4.3940997e-11	-4.3880326e-11	-4.434815e-11	-4.4534647e-11	-4.4204099e-11	-4.3912186e-11	-4.3787942e-11	-4.4137513e-11	-4.4007433e-11	-4.4482713e-11	-4.5120126e-11	-4.4958336e-11	-4.5288998e-11	-4.5676265e-11	-4.7936453e-11	-4.8940983e-11	-9.4829845e-11	-1.0754514e-10	-1.0870317e-10	-1.0883431e-10	-1.087907e-10	-1.0892816e-10	-1.0880302e-10	-1.0905048e-10	-1.0918068e-10	-1.0968963e-10	-1.0975328e-10	-1.0952629e-10	-1.0942031e-10	-1.0871749e-10	-1.0815446e-10	-1.0667916e-10	-1.052755e-10	-1.0434067e-10	-1.0383339e-10	-1.0355537e-10	-1.0416092e-10	-1.0547145e-10	-1.1524621e-10	-1.234618e-10
	28.3333333333333	-6.3530362e-11	-4.4711769e-11	-4.4050177e-11	-4.4318851e-11	-4.4233624e-11	-4.3618997e-11	-4.3575723e-11	-4.3472607e-11	-4.4302919e-11	-4.3944313e-11	-4.3668295e-11	-4.3964873e-11	-4.4110358e-11	-4.4708001e-11	-4.4379448e-11	-4.3959187e-11	-4.3934408e-11	-4.4252227e-11	-4.3997337e-11	-4.4356737e-11	-4.4461775e-11	-4.4154198e-11	-4.4586772e-11	-4.585474e-11	-4.6748737e-11	-4.6005949e-11	-4.8725187e-11	-4.9521602e-11	-7.486229e-11	-1.06797e-10	-1.0884112e-10	-1.0847574e-10	-1.0820692e-10	-1.0864047e-10	-1.0937923e-10	-1.094338e-10	-1.0908657e-10	-1.0957089e-10	-1.0914573e-10	-1.0895757e-10	-1.0890715e-10	-1.0816564e-10	-1.0737582e-10	-1.0598744e-10	-1.0369532e-10	-1.0383026e-10	-1.041007e-10	-1.0419527e-10	-1.0573605e-10	-1.144589e-10	-1.24077e-10
	30	-6.762773e-11	-4.5100465e-11	-4.4349656e-11	-4.465648e-11	-4.3744182e-11	-4.3646489e-11	-4.3904731e-11	-4.4123389e-11	-4.4059929e-11	-4.4413005e-11	-4.3993947e-11	-4.3600318e-11	-4.3710247e-11	-4.3952897e-11	-4.4289097e-11	-4.401033e-11	-4.4208352e-11	-4.4247068e-11	-4.4297007e-11	-4.4382574e-11	-4.464119e-11	-4.4775489e-11	-4.495438e-11	-4.5730385e-11	-4.67806e-11	-4.7859584e-11	-4.90766e-11	-4.9681925e-11	-5.0956562e-11	-1.0336303e-10	-1.0770275e-10	-1.0835176e-10	-1.0777867e-10	-1.0773454e-10	-1.0806347e-10	-1.084275e-10	-1.0858262e-10	-1.0926726e-10	-1.0870419e-10	-1.0863373e-10	-1.0877405e-10	-1.0821143e-10	-1.0727458e-10	-1.0543345e-10	-1.0436885e-10	-1.036482e-10	-1.0379501e-10	-1.042411e-10	-1.0536878e-10	-1.1426736e-10	-1.2368016e-10
	31.6666666666667	-6.7137379e-11	-4.4659644e-11	-4.3951429e-11	-4.4008748e-11	-4.3509366e-11	-4.3501456e-11	-4.3863e-11	-4.3896595e-11	-4.3973349e-11	-4.3539193e-11	-4.3459125e-11	-4.3972069e-11	-4.3809938e-11	-4.4044303e-11	-4.4186019e-11	-4.3488615e-11	-4.3494076e-11	-4.3560131e-11	-4.4021026e-11	-4.4057594e-11	-4.3625135e-11	-4.3719514e-11	-4.4642057e-11	-4.4807089e-11	-4.59826e-11	-4.6957153e-11	-4.7465164e-11	-4.8604218e-11	-8.729855e-11	-1.0553242e-10	-1.0674661e-10	-1.0723684e-10	-1.0695235e-10	-1.0711512e-10	-1.0723628e-10	-1.0801628e-10	-1.0837473e-10	-1.0861489e-10	-1.0846825e-10	-1.0884482e-10	-1.0870543e-10	-1.0838517e-10	-1.0711079e-10	-1.0562906e-10	-1.039066e-10	-1.0387251e-10	-1.0370334e-10	-1.0396753e-10	-1.0258556e-10	-1.1288889e-10	-1.2373978e-10
	33.3333333333333	-6.8086363e-11	-4.5983165e-11	-4.431723e-11	-4.4057671e-11	-4.3651499e-11	-4.3905296e-11	-4.4145233e-11	-4.3936216e-11	-4.3417433e-11	-4.3694732e-11	-4.4050364e-11	-4.3779848e-11	-4.4563912e-11	-4.4478383e-11	-4.4473449e-11	-4.4186734e-11	-4.4336135e-11	-4.4920335e-11	-4.4752292e-11	-4.4896194e-11	-4.4653354e-11	-4.5009441e-11	-4.5341987e-11	-4.5598646e-11	-4.7167152e-11	-4.8199063e-11	-4.8526561e-11	-4.9772915e-11	-6.7759499e-11	-1.0399823e-10	-1.061255e-10	-1.0624704e-10	-1.0640262e-10	-1.0736169e-10	-1.0718574e-10	-1.0766207e-10	-1.0794243e-10	-1.0761474e-10	-1.0815562e-10	-1.083228e-10	-1.0839816e-10	-1.0831297e-10	-1.0736606e-10	-1.055836e-10	-1.045358e-10	-1.0402387e-10	-1.0415181e-10	-1.0443163e-10	-1.05214e-10	-1.1281866e-10	-1.2316624e-10
	35	-5.9778196e-11	-4.4416883e-11	-4.4143952e-11	-4.4357979e-11	-4.4257879e-11	-4.4192386e-11	-4.4805843e-11	-4.4833488e-11	-4.4309924e-11	-4.4152616e-11	-4.4311693e-11	-4.4302881e-11	-4.415205e-11	-4.4145233e-11	-4.3813703e-11	-4.3877464e-11	-4.40614e-11	-4.3985326e-11	-4.4411721e-11	-4.4447238e-11	-4.4446408e-11	-4.4702238e-11	-4.4934872e-11	-4.456022e-11	-4.6293039e-11	-4.6837242e-11	-4.8591488e-11	-4.8583883e-11	-5.0685706e-11	-1.004266e-10	-1.0471243e-10	-1.0548531e-10	-1.053863e-10	-1.053782e-10	-1.0537839e-10	-1.0632149e-10	-1.0695959e-10	-1.0681026e-10	-1.0718498e-10	-1.0777762e-10	-1.0754762e-10	-1.0744989e-10	-1.0669487e-10	-1.0506689e-10	-1.0422833e-10	-1.0349797e-10	-1.0358177e-10	-1.0420559e-10	-1.0505785e-10	-1.139872e-10	-1.2462797e-10
	36.6666666666667	-6.6783253e-11	-4.467407e-11	-4.3821387e-11	-4.3972295e-11	-4.3079127e-11	-4.3596099e-11	-4.3790804e-11	-4.4014511e-11	-4.380105e-11	-4.315023e-11	-4.3259108e-11	-4.4170164e-11	-4.331914e-11	-4.3465263e-11	-4.3835321e-11	-4.3397851e-11	-4.3607246e-11	-4.4027167e-11	-4.3980618e-11	-4.4053754e-11	-4.4225488e-11	-4.4399446e-11	-4.4838157e-11	-4.5697356e-11	-4.6431407e-11	-4.7547716e-11	-4.8417458e-11	-4.9154559e-11	-7.1438716e-11	-1.0148462e-10	-1.0335505e-10	-1.0369645e-10	-1.0392637e-10	-1.0384849e-10	-1.0454265e-10	-1.0505515e-10	-1.0546809e-10	-1.060744e-10	-1.0627416e-10	-1.0666948e-10	-1.067993e-10	-1.0679486e-10	-1.0579917e-10	-1.0492062e-10	-1.034506e-10	-1.0312238e-10	-1.0341911e-10	-1.0356742e-10	-1.0504241e-10	-1.1379547e-10	-1.236178e-10
	38.3333333333333	-6.731548e-11	-4.5345339e-11	-4.4003214e-11	-4.3688216e-11	-4.3667278e-11	-4.399749e-11	-4.3755517e-11	-4.3735557e-11	-4.4266993e-11	-4.3895693e-11	-4.3230336e-11	-4.393836e-11	-4.4031612e-11	-4.4268571e-11	-4.409394e-11	-4.3824059e-11	-4.3765273e-11	-4.390345e-11	-4.3873696e-11	-4.3636886e-11	-4.3861758e-11	-4.4264769e-11	-4.4980176e-11	-4.5919667e-11	-4.6457053e-11	-4.7009993e-11	-4.7595657e-11	-4.8958459e-11	-8.4444375e-11	-1.0072767e-10	-1.0195308e-10	-1.0226578e-10	-1.0233188e-10	-1.0329381e-10	-1.0363853e-10	-1.0435197e-10	-1.0470934e-10	-1.0479487e-10	-1.054812e-10	-1.0599494e-10	-1.0643512e-10	-1.0621443e-10	-1.0529896e-10	-1.042591e-10	-1.0346442e-10	-1.0340996e-10	-1.0327939e-10	-1.033671e-10	-1.0411769e-10	-1.1291239e-10	-1.236944e-10
	40	-6.5186544e-11	-4.5489956e-11	-4.3609318e-11	-4.382391e-11	-4.4155287e-11	-4.3980167e-11	-4.3619861e-11	-4.3559038e-11	-4.3410091e-11	-4.3995568e-11	-4.4097594e-11	-4.4267142e-11	-4.4587976e-11	-4.358593e-11	-4.38624e-11	-4.4057182e-11	-4.4838497e-11	-4.4857968e-11	-4.4564737e-11	-4.4158038e-11	-4.4562441e-11	-4.4849041e-11	-4.5396933e-11	-4.597115e-11	-4.6455621e-11	-4.7044452e-11	-4.6906989e-11	-4.8934655e-11	-8.9749187e-11	-9.9428479e-11	-1.0046785e-10	-1.006502e-10	-1.0107343e-10	-1.01579e-10	-1.0220778e-10	-1.0265697e-10	-1.0297991e-10	-1.0403588e-10	-1.0439747e-10	-1.0502238e-10	-1.0519949e-10	-1.0578e-10	-1.047145e-10	-1.0362384e-10	-1.0334349e-10	-1.0335132e-10	-1.0320324e-10	-1.0315013e-10	-1.0399058e-10	-1.1161599e-10	-1.2304562e-10
	41.6666666666667	-6.8132951e-11	-4.5438851e-11	-4.3388133e-11	-4.3951655e-11	-4.397346e-11	-4.4014022e-11	-4.3715372e-11	-4.4346079e-11	-4.3902017e-11	-4.4120679e-11	-4.4089156e-11	-4.408509e-11	-4.4126668e-11	-4.4394023e-11	-4.3509328e-11	-4.3789222e-11	-4.4487383e-11	-4.3954066e-11	-4.3993045e-11	-4.4083018e-11	-4.4240778e-11	-4.4785998e-11	-4.493201e-11	-4.5586181e-11	-4.651976e-11	-4.6702565e-11	-4.7733872e-11	-4.9507554e-11	-8.133761e-11	-9.7906072e-11	-9.8758376e-11	-9.9393757e-11	-1.0026904e-10	-1.0024128e-10	-1.0137344e-10	-1.0186582e-10	-1.0231904e-10	-1.029172e-10	-1.0366877e-10	-1.047693e-10	-1.0497885e-10	-1.0447807e-10	-1.0453486e-10	-1.042457e-10	-1.0320151e-10	-1.026895e-10	-1.0285461e-10	-1.0274656e-10	-1.0153293e-10	-1.1206653e-10	-1.2345559e-10
	43.3333333333333	-6.8390439e-11	-4.5110068e-11	-4.4125651e-11	-4.4041326e-11	-4.4193552e-11	-4.4302353e-11	-4.4457368e-11	-4.3803912e-11	-4.3971052e-11	-4.4282546e-11	-4.4370296e-11	-4.4777824e-11	-4.4030855e-11	-4.3725804e-11	-4.3862476e-11	-4.4553628e-11	-4.5028495e-11	-4.4695837e-11	-4.4378053e-11	-4.4452133e-11	-4.4693124e-11	-4.4869379e-11	-4.5425143e-11	-4.4990157e-11	-4.6159042e-11	-4.6814795e-11	-4.835031e-11	-7.0062699e-11	-9.4858503e-11	-9.6361218e-11	-9.7084382e-11	-9.728892e-11	-9.8228488e-11	-9.8934631e-11	-9.9882595e-11	-1.0036307e-10	-1.011265e-10	-1.0253867e-10	-1.0268559e-10	-1.0381105e-10	-1.0373004e-10	-1.0440003e-10	-1.038434e-10	-1.0364914e-10	-1.0341233e-10	-1.0282927e-10	-1.022175e-10	-1.0296157e-10	-1.0045026e-10	-1.1241885e-10	-1.2389408e-10
	45	-6.5409907e-11	-4.605457e-11	-4.4400386e-11	-4.4678587e-11	-4.4315839e-11	-4.4557507e-11	-4.4417636e-11	-4.3715746e-11	-4.426718e-11	-4.465309e-11	-4.4500792e-11	-4.4593211e-11	-4.4322504e-11	-4.4557358e-11	-4.4592871e-11	-4.465648e-11	-4.4677758e-11	-4.5189009e-11	-4.413608e-11	-4.5008271e-11	-4.4810024e-11	-4.5178125e-11	-4.5663497e-11	-4.6154032e-11	-4.6397587e-11	-4.7584246e-11	-4.8571792e-11	-6.3586893e-11	-9.4299166e-11	-9.5012762e-11	-9.5504882e-11	-9.6363625e-11	-9.6812322e-11	-9.7862343e-11	-9.8792086e-11	-9.9253168e-11	-1.0067193e-10	-1.0141152e-10	-1.0255174e-10	-1.0317733e-10	-1.0420317e-10	-1.039275e-10	-1.041355e-10	-1.0351541e-10	-1.0324407e-10	-1.028522e-10	-1.0262088e-10	-1.0317424e-10	-1.0106417e-10	-1.1255766e-10	-1.2353618e-10
	46.6666666666667	-6.8949173e-11	-4.5559254e-11	-4.4854127e-11	-4.4613736e-11	-4.5143663e-11	-4.5512628e-11	-4.4973889e-11	-4.4509001e-11	-4.4904479e-11	-4.5631034e-11	-4.5122198e-11	-4.5290768e-11	-4.4582366e-11	-4.5106453e-11	-4.5757727e-11	-4.528045e-11	-4.5124796e-11	-4.4816765e-11	-4.4669587e-11	-4.455589e-11	-4.5013996e-11	-4.5264969e-11	-4.599307e-11	-4.5872667e-11	-4.6584084e-11	-4.746761e-11	-4.8505699e-11	-4.947321e-11	-5.1375241e-11	-9.0779106e-11	-9.3796387e-11	-9.5124165e-11	-9.6067043e-11	-9.703064e-11	-9.7354527e-11	-9.890333e-11	-9.9832843e-11	-1.0125051e-10	-1.0179894e-10	-1.0275548e-10	-1.0287348e-10	-1.037207e-10	-1.0356068e-10	-1.0320015e-10	-1.0289992e-10	-1.0277101e-10	-1.024455e-10	-1.0271459e-10	-9.9891255e-11	-1.1113856e-10	-1.2263209e-10
	48.3333333333333	-7.0518882e-11	-4.6235758e-11	-4.5263876e-11	-4.5174961e-11	-4.5546938e-11	-4.5128411e-11	-4.4664165e-11	-4.5131912e-11	-4.5127357e-11	-4.5247268e-11	-4.5374149e-11	-4.541505e-11	-4.5611827e-11	-4.5404919e-11	-4.57108e-11	-4.6097352e-11	-4.5984105e-11	-4.5850899e-11	-4.5090487e-11	-4.5737126e-11	-4.5488752e-11	-4.5460507e-11	-4.6080442e-11	-4.6339363e-11	-4.6585402e-11	-4.7696062e-11	-5.885125e-11	-8.9208078e-11	-9.0428671e-11	-9.1025146e-11	-9.2125599e-11	-9.3106099e-11	-9.4085552e-11	-9.4998155e-11	-9.5952066e-11	-9.7447099e-11	-9.8905106e-11	-9.9735262e-11	-1.0099228e-10	-1.0154107e-10	-1.0205013e-10	-1.0274667e-10	-1.0323439e-10	-1.033662e-10	-1.0242652e-10	-1.0247857e-10	-1.0194178e-10	-1.0252824e-10	-9.9185223e-11	-1.1105993e-10	-1.2258908e-10
	50	-6.877051e-11	-4.6201071e-11	-4.5044052e-11	-4.5549686e-11	-4.5022434e-11	-4.5717732e-11	-4.4862034e-11	-4.4972193e-11	-4.5757349e-11	-4.5385713e-11	-4.5478659e-11	-4.5312309e-11	-4.5342251e-11	-4.5682704e-11	-4.6062931e-11	-4.6359173e-11	-4.5591642e-11	-4.5860767e-11	-4.5628737e-11	-4.5702175e-11	-4.5811355e-11	-4.6384029e-11	-4.6212256e-11	-4.6808092e-11	-4.733252e-11	-4.7866665e-11	-4.8916541e-11	-5.833134e-11	-8.7531898e-11	-8.9051329e-11	-9.0154613e-11	-9.166666e-11	-9.227033e-11	-9.3258179e-11	-9.4442315e-11	-9.6552613e-11	-9.768835e-11	-9.9196339e-11	-1.0010705e-10	-1.0049914e-10	-1.0202566e-10	-1.028548e-10	-1.0344276e-10	-1.0321435e-10	-1.0238946e-10	-1.0190902e-10	-1.0213035e-10	-1.0303843e-10	-9.9207524e-11	-1.1063142e-10	-1.2176186e-10
	51.6666666666667	-6.550184e-11	-4.6424326e-11	-4.6098368e-11	-4.6200769e-11	-4.5509842e-11	-4.535498e-11	-4.5604447e-11	-4.5587537e-11	-4.5439756e-11	-4.5527995e-11	-4.5507619e-11	-4.5714415e-11	-4.6004821e-11	-4.5951229e-11	-4.5884567e-11	-4.522795e-11	-4.5498993e-11	-4.5785219e-11	-4.5665381e-11	-4.5634913e-11	-4.528045e-11	-4.5791735e-11	-4.5839863e-11	-4.6879008e-11	-4.7541839e-11	-4.8210248e-11	-4.8010644e-11	-8.2619363e-11	-8.6551322e-11	-8.7224582e-11	-8.8644141e-11	-8.9266899e-11	-8.9686897e-11	-9.120904e-11	-9.2503526e-11	-9.384761e-11	-9.6129604e-11	-9.7718139e-11	-9.8344222e-11	-9.9877356e-11	-1.0067901e-10	-1.0152826e-10	-1.027286e-10	-1.0242501e-10	-1.0216508e-10	-1.0187701e-10	-1.0214323e-10	-1.0302378e-10	-9.8453058e-11	-1.0953477e-10	-1.213576e-10
	53.3333333333333	-6.5881911e-11	-4.6316541e-11	-4.6023012e-11	-4.5882232e-11	-4.5644481e-11	-4.5586181e-11	-4.6299142e-11	-4.6429034e-11	-4.6206608e-11	-4.5897071e-11	-4.5645158e-11	-4.5963355e-11	-4.6062931e-11	-4.5910217e-11	-4.6075924e-11	-4.556799e-11	-4.5414259e-11	-4.5649751e-11	-4.5904756e-11	-4.6463229e-11	-4.6540622e-11	-4.5852256e-11	-4.6277183e-11	-4.6887216e-11	-4.8090146e-11	-4.8479675e-11	-4.8473271e-11	-4.9670514e-11	-7.1418114e-11	-8.5305721e-11	-8.6577683e-11	-8.721223e-11	-8.8450226e-11	-8.9877238e-11	-9.1339158e-11	-9.2782858e-11	-9.5006135e-11	-9.6346112e-11	-9.7362923e-11	-9.8858893e-11	-1.004805e-10	-1.0174267e-10	-1.0259098e-10	-1.0242976e-10	-1.0228959e-10	-1.0253709e-10	-1.0262224e-10	-1.0313775e-10	-9.8613041e-11	-1.1035966e-10	-1.2209346e-10
	55	-6.9807278e-11	-4.7045506e-11	-4.6402934e-11	-4.6394461e-11	-4.6393972e-11	-4.612959e-11	-4.6251912e-11	-4.6084435e-11	-4.4893218e-11	-4.461622e-11	-4.4768748e-11	-4.5395916e-11	-4.5496471e-11	-4.5435083e-11	-4.5587385e-11	-4.6039544e-11	-4.5543999e-11	-4.5391097e-11	-4.5570176e-11	-4.608048e-11	-4.5686999e-11	-4.6063948e-11	-4.6741621e-11	-4.6980579e-11	-4.7348563e-11	-4.7801589e-11	-4.8999471e-11	-4.9727646e-11	-8.0026291e-11	-8.2873874e-11	-8.3430915e-11	-8.3806552e-11	-8.6554895e-11	-8.8092256e-11	-8.9887743e-11	-9.1589868e-11	-9.3155102e-11	-9.4675476e-11	-9.6473635e-11	-9.8378077e-11	-9.9158223e-11	-1.0107219e-10	-1.0197734e-10	-1.0298473e-10	-1.0344073e-10	-1.0382706e-10	-1.0401073e-10	-1.0397209e-10	-9.9494801e-11	-1.1109107e-10	-1.2325663e-10
	56.6666666666667	-7.2273965e-11	-5.0001742e-11	-4.907404e-11	-4.9290929e-11	-4.9474942e-11	-4.9624305e-11	-4.9338759e-11	-4.8889615e-11	-4.9077128e-11	-4.9309307e-11	-4.9512602e-11	-4.9834414e-11	-4.977849e-11	-4.9227847e-11	-4.8684737e-11	-4.9163975e-11	-4.9090912e-11	-4.9199565e-11	-4.9179678e-11	-4.9347647e-11	-4.9709192e-11	-5.004867e-11	-5.041707e-11	-5.0724872e-11	-5.0553589e-11	-5.1737125e-11	-8.3238624e-11	-8.5208444e-11	-8.5693813e-11	-8.7020648e-11	-8.6999859e-11	-8.7621646e-11	-8.8940945e-11	-9.0477702e-11	-9.1758517e-11	-9.3137997e-11	-9.4601847e-11	-9.6663448e-11	-9.848334e-11	-1.0046475e-10	-1.0107565e-10	-1.0255898e-10	-1.0359311e-10	-1.0476576e-10	-1.0415218e-10	-1.0368074e-10	-1.0429688e-10	-1.0495937e-10	-9.9666421e-11	-1.1141756e-10	-1.2303338e-10
	58.3333333333333	-6.9870817e-11	-5.1063556e-11	-4.9439501e-11	-4.9848237e-11	-5.0500638e-11	-4.9593121e-11	-4.9960806e-11	-4.9634737e-11	-4.9532562e-11	-4.9676881e-11	-4.9496934e-11	-4.9685166e-11	-4.9745121e-11	-4.9650631e-11	-4.9796341e-11	-4.9798901e-11	-4.9443005e-11	-4.9752577e-11	-4.9717591e-11	-4.9813702e-11	-5.0221646e-11	-5.0482334e-11	-5.0402682e-11	-5.0381779e-11	-5.1351211e-11	-5.2228374e-11	-5.289923e-11	-7.7026704e-11	-8.5996689e-11	-8.690778e-11	-8.7539545e-11	-8.8032449e-11	-8.911321e-11	-8.9431594e-11	-9.0824827e-11	-9.2261594e-11	-9.4263763e-11	-9.6213738e-11	-9.7729401e-11	-9.8866235e-11	-1.0042469e-10	-1.0167499e-10	-1.0335682e-10	-1.0398771e-10	-1.0358369e-10	-1.0345222e-10	-1.0396151e-10	-1.0429827e-10	-9.9275047e-11	-1.1129112e-10	-1.2358006e-10
	60	-6.9544787e-11	-5.0800607e-11	-4.998009e-11	-5.062168e-11	-5.0078233e-11	-5.0037408e-11	-4.9939303e-11	-5.0320619e-11	-5.0034133e-11	-4.9574931e-11	-4.9150944e-11	-4.9832381e-11	-5.0318586e-11	-5.0351386e-11	-5.0444562e-11	-5.0186848e-11	-5.0177317e-11	-5.0545793e-11	-5.0669587e-11	-5.0511373e-11	-5.0357187e-11	-5.0419894e-11	-5.0559841e-11	-5.1309595e-11	-5.223116e-11	-5.2284073e-11	-5.2885255e-11	-8.435079e-11	-8.7939732e-11	-8.8263577e-11	-8.8858053e-11	-8.8827966e-11	-9.0160449e-11	-9.0670978e-11	-9.1894471e-11	-9.308844e-11	-9.5083753e-11	-9.632363e-11	-9.7347221e-11	-9.9440081e-11	-1.0079237e-10	-1.0215694e-10	-1.0359292e-10	-1.0460924e-10	-1.0399047e-10	-1.0404922e-10	-1.0479268e-10	-1.0513167e-10	-9.9497244e-11	-1.107397e-10	-1.2359086e-10
	61.6666666666667	-6.9445394e-11	-5.205163e-11	-5.0377674e-11	-5.0676553e-11	-5.0312258e-11	-5.0228273e-11	-5.0412736e-11	-5.0384832e-11	-5.0558901e-11	-5.0220779e-11	-4.9954402e-11	-5.0182514e-11	-4.9884995e-11	-5.0087837e-11	-5.0124745e-11	-5.05328e-11	-4.9939792e-11	-4.9827524e-11	-5.013559e-11	-5.0450623e-11	-5.0792776e-11	-5.055276e-11	-5.0623263e-11	-5.1355618e-11	-5.9170766e-11	-8.8058359e-11	-8.9397663e-11	-8.9593007e-11	-8.7861059e-11	-9.0208431e-11	-9.0755528e-11	-9.0654859e-11	-9.0902973e-11	-9.1588404e-11	-9.2277637e-11	-9.3121733e-11	-9.4104419e-11	-9.5418715e-11	-9.7025672e-11	-9.8300118e-11	-9.9441996e-11	-1.0125854e-10	-1.030837e-10	-1.0360817e-10	-1.0420521e-10	-1.0406179e-10	-1.0442262e-10	-1.0463006e-10	-9.9520107e-11	-1.1117882e-10	-1.2313935e-10
	63.3333333333333	-7.1558481e-11	-5.0546057e-11	-4.9823156e-11	-5.0136985e-11	-4.949155e-11	-5.003304e-11	-4.9514635e-11	-4.9962236e-11	-5.0595694e-11	-5.0026299e-11	-5.0408594e-11	-5.0090546e-11	-5.0259193e-11	-5.0014923e-11	-4.9912335e-11	-4.9862735e-11	-4.9672773e-11	-5.0015377e-11	-5.0005659e-11	-4.9846127e-11	-4.9595307e-11	-4.9769223e-11	-5.0174646e-11	-5.049898e-11	-5.1135114e-11	-8.6719742e-11	-9.022165e-11	-9.1235408e-11	-9.0802414e-11	-9.149579e-11	-9.1267188e-11	-9.1499745e-11	-9.1483626e-11	-9.2372651e-11	-9.2948489e-11	-9.3077705e-11	-9.4115528e-11	-9.4634911e-11	-9.5711002e-11	-9.6872579e-11	-9.8840443e-11	-1.0099164e-10	-1.0221517e-10	-1.0371069e-10	-1.043241e-10	-1.0483483e-10	-1.0464445e-10	-1.0488657e-10	-9.9479848e-11	-1.1136871e-10	-1.23045e-10
	65	-7.0476555e-11	-4.7958183e-11	-4.7173064e-11	-4.6733634e-11	-4.7083205e-11	-4.6880212e-11	-5.0175475e-11	-5.0274333e-11	-5.0417632e-11	-4.975996e-11	-5.0027316e-11	-5.0037859e-11	-5.0262131e-11	-5.0698019e-11	-5.0315307e-11	-4.9873206e-11	-4.9840743e-11	-5.0205715e-11	-5.0090584e-11	-4.963549e-11	-4.9530942e-11	-4.9343318e-11	-5.0613583e-11	-5.1557217e-11	-5.1786384e-11	-5.1925204e-11	-7.4558665e-11	-9.0852693e-11	-9.255742e-11	-9.2434949e-11	-9.3502713e-11	-9.2831291e-11	-9.3447763e-11	-9.3504066e-11	-9.3975015e-11	-9.4418438e-11	-9.4940229e-11	-9.4836999e-11	-9.5785005e-11	-9.6807236e-11	-9.8537685e-11	-1.0020377e-10	-1.015103e-10	-1.028606e-10	-1.0382886e-10	-1.039806e-10	-1.0415614e-10	-1.0480861e-10	-9.9880826e-11	-1.1187962e-10	-1.234621e-10
	66.6666666666667	-6.8764751e-11	-5.1484306e-11	-5.0412324e-11	-5.01937e-11	-4.9839612e-11	-4.9834227e-11	-5.0468889e-11	-5.0470208e-11	-5.0041436e-11	-5.0130806e-11	-5.0083392e-11	-5.1002171e-11	-5.0804035e-11	-5.0875026e-11	-5.0787086e-11	-5.0366187e-11	-5.0339184e-11	-5.0798234e-11	-5.0839475e-11	-5.0890618e-11	-5.0358166e-11	-5.0384041e-11	-5.0865461e-11	-5.1258341e-11	-5.1783446e-11	-5.2354537e-11	-5.2622948e-11	-7.3478848e-11	-9.3290375e-11	-9.4356294e-11	-9.4670279e-11	-9.4326845e-11	-9.4707256e-11	-9.4579927e-11	-9.5340111e-11	-9.5748846e-11	-9.5565819e-11	-9.6022759e-11	-9.6578932e-11	-9.7167274e-11	-9.8437883e-11	-9.9730293e-11	-1.0114823e-10	-1.0295848e-10	-1.037801e-10	-1.0409788e-10	-1.0452518e-10	-1.0497029e-10	-9.9951401e-11	-1.1145898e-10	-1.2377853e-10
	68.3333333333333	-7.2573142e-11	-5.0944436e-11	-5.0832016e-11	-5.0082452e-11	-5.0672258e-11	-5.092135e-11	-5.0605485e-11	-5.0381442e-11	-5.0040382e-11	-4.994578e-11	-4.9977716e-11	-5.045989e-11	-5.0630042e-11	-5.0344458e-11	-4.9799841e-11	-4.9868273e-11	-4.9899945e-11	-5.0161764e-11	-5.0576224e-11	-5.0474538e-11	-5.0048216e-11	-5.0162895e-11	-5.0836349e-11	-5.1113534e-11	-5.1992504e-11	-5.2047675e-11	-7.9970135e-11	-9.2756046e-11	-9.3169333e-11	-9.3854535e-11	-9.432681e-11	-9.4173072e-11	-9.4714715e-11	-9.4951755e-11	-9.5409979e-11	-9.6169933e-11	-9.5874676e-11	-9.5849363e-11	-9.6488401e-11	-9.6791193e-11	-9.76444e-11	-9.9295461e-11	-1.0009862e-10	-1.0213073e-10	-1.0330511e-10	-1.0370368e-10	-1.0391752e-10	-1.0385869e-10	-9.9781024e-11	-1.1220192e-10	-1.2368306e-10
	70	-6.7596768e-11	-5.1328088e-11	-4.9872037e-11	-5.0623148e-11	-5.0421587e-11	-5.0227031e-11	-5.0514346e-11	-5.0598969e-11	-4.9801687e-11	-4.9804324e-11	-5.0466971e-11	-5.0317004e-11	-5.0337227e-11	-5.011962e-11	-5.0113483e-11	-5.0425466e-11	-5.0120866e-11	-5.0559956e-11	-5.0516983e-11	-5.0321861e-11	-5.1031471e-11	-5.1532362e-11	-5.1249338e-11	-5.1646926e-11	-5.2045944e-11	-7.115656e-11	-9.224152e-11	-9.410276e-11	-9.4444008e-11	-9.4299429e-11	-9.4902378e-11	-9.521052e-11	-9.5636242e-11	-9.6315685e-11	-9.6299378e-11	-9.6523158e-11	-9.7039342e-11	-9.8070684e-11	-9.7257473e-11	-9.669715e-11	-9.7637697e-11	-9.8802175e-11	-1.0027084e-10	-1.0258929e-10	-1.0358821e-10	-1.0390298e-10	-1.0423816e-10	-1.0490921e-10	-1.0054287e-10	-1.1267422e-10	-1.2339883e-10
	71.6666666666667	-6.7870189e-11	-5.1286284e-11	-5.0754661e-11	-5.0476609e-11	-5.095566e-11	-5.0505457e-11	-5.0774246e-11	-5.0661187e-11	-5.0689206e-11	-5.0886888e-11	-5.0588349e-11	-5.0309583e-11	-4.9737176e-11	-5.0085613e-11	-5.0662655e-11	-5.0712483e-11	-5.014331e-11	-4.9952219e-11	-5.0078948e-11	-4.9763388e-11	-5.0664275e-11	-5.0685064e-11	-5.0480641e-11	-5.0382306e-11	-5.1449317e-11	-5.1778325e-11	-5.2399883e-11	-7.8395228e-11	-9.2638883e-11	-9.4100387e-11	-9.4437604e-11	-9.5553614e-11	-9.6160184e-11	-9.6479921e-11	-9.6654219e-11	-9.6866362e-11	-9.776812e-11	-9.8095733e-11	-9.8176023e-11	-9.7529797e-11	-9.7031619e-11	-9.8486767e-11	-9.9992944e-11	-1.0210463e-10	-1.0346969e-10	-1.041135e-10	-1.0437724e-10	-1.045399e-10	-1.0005485e-10	-1.1284479e-10	-1.2393422e-10
	73.3333333333333	-7.2827466e-11	-5.1800206e-11	-5.1024841e-11	-5.0895062e-11	-5.0731613e-11	-5.0968424e-11	-5.1214727e-11	-5.1179967e-11	-5.1172698e-11	-5.1462688e-11	-5.105286e-11	-5.0615352e-11	-5.0629927e-11	-5.0290567e-11	-5.0926659e-11	-5.0794882e-11	-5.0603979e-11	-5.0452205e-11	-5.0763099e-11	-5.1129653e-11	-5.1398965e-11	-5.1379796e-11	-5.1148558e-11	-5.1397608e-11	-5.2019618e-11	-8.0514602e-11	-9.2663738e-11	-9.3006824e-11	-9.3159959e-11	-9.3582059e-11	-9.4496695e-11	-9.5127219e-11	-9.5763314e-11	-9.5912334e-11	-9.6851867e-11	-9.80067e-11	-9.8478288e-11	-9.8861266e-11	-9.8886802e-11	-9.8414873e-11	-9.7759606e-11	-9.8739017e-11	-9.9681145e-11	-1.0184364e-10	-1.0300996e-10	-1.0332541e-10	-1.0394317e-10	-1.0455843e-10	-1.0073422e-10	-1.1194673e-10	-1.2388707e-10
	75	-7.2863549e-11	-5.1737198e-11	-5.120426e-11	-5.1309144e-11	-5.1063934e-11	-5.0940294e-11	-5.075244e-11	-5.1089469e-11	-5.1262029e-11	-5.1145019e-11	-5.0967182e-11	-5.0758502e-11	-5.0780272e-11	-5.1082801e-11	-5.1312156e-11	-5.1117298e-11	-5.0844409e-11	-5.0518791e-11	-5.0295913e-11	-5.0642882e-11	-5.0959539e-11	-5.0824712e-11	-5.1077642e-11	-5.1630693e-11	-5.1411694e-11	-8.2621847e-11	-9.1273558e-11	-9.2239751e-11	-9.2059277e-11	-9.274885e-11	-9.3609745e-11	-9.4094066e-11	-9.5012311e-11	-9.5264491e-11	-9.5827221e-11	-9.7193524e-11	-9.7950287e-11	-9.8637334e-11	-9.8607997e-11	-9.8525028e-11	-9.8578055e-11	-9.854239e-11	-1.0024497e-10	-1.0192619e-10	-1.0251642e-10	-1.0318787e-10	-1.0418739e-10	-1.0457165e-10	-1.0030176e-10	-1.1188726e-10	-1.224416e-10
	76.6666666666667	-7.266255e-11	-5.1378103e-11	-5.0693651e-11	-5.1391773e-11	-5.0798123e-11	-5.0782416e-11	-5.0677192e-11	-5.1183509e-11	-5.0872351e-11	-5.0935662e-11	-5.0363703e-11	-5.0498678e-11	-5.0756958e-11	-5.0901464e-11	-5.059626e-11	-5.0520824e-11	-5.0511033e-11	-5.0920143e-11	-5.0824032e-11	-5.1334943e-11	-5.1505772e-11	-5.1124004e-11	-8.4951067e-11	-8.9503828e-11	-8.9989842e-11	-9.0233473e-11	-9.0811192e-11	-9.0784831e-11	-9.1198007e-11	-9.1899856e-11	-9.3057971e-11	-9.344004e-11	-9.3881805e-11	-9.4819638e-11	-9.6255726e-11	-9.7191193e-11	-9.8025081e-11	-9.8341849e-11	-9.9193966e-11	-9.9194375e-11	-9.8796298e-11	-9.8539149e-11	-9.9528205e-11	-1.0086144e-10	-1.0266623e-10	-1.0361171e-10	-1.0449735e-10	-1.0460795e-10	-1.0015707e-10	-1.1147924e-10	-1.2344237e-10
	78.3333333333333	-7.2525465e-11	-5.2542918e-11	-5.1344658e-11	-5.0718318e-11	-5.0641113e-11	-5.0902935e-11	-5.1439828e-11	-5.1186482e-11	-5.104386e-11	-5.1172323e-11	-5.1332757e-11	-5.0799968e-11	-5.0951101e-11	-5.1305717e-11	-5.0517812e-11	-5.0746112e-11	-5.0774395e-11	-5.0716396e-11	-5.1020022e-11	-5.0553815e-11	-5.1306622e-11	-5.4455156e-11	-8.6935723e-11	-8.885636e-11	-8.8415913e-11	-8.8929836e-11	-8.9381391e-11	-8.935537e-11	-9.0250724e-11	-9.0982284e-11	-9.1365825e-11	-9.2257452e-11	-9.3106627e-11	-9.4367403e-11	-9.5387906e-11	-9.6196641e-11	-9.7076472e-11	-9.8528227e-11	-9.9059476e-11	-9.9390551e-11	-9.9352061e-11	-9.8166947e-11	-9.9378464e-11	-1.0081595e-10	-1.0309233e-10	-1.0338213e-10	-1.034805e-10	-1.0411113e-10	-9.9556599e-11	-1.1126183e-10	-1.2324544e-10
	80	-6.5471295e-11	-5.1635741e-11	-5.0732481e-11	-5.0472994e-11	-5.0705249e-11	-5.069482e-11	-5.1091954e-11	-5.0755039e-11	-5.040144e-11	-5.079025e-11	-5.1452256e-11	-5.1095607e-11	-5.0610873e-11	-5.0646161e-11	-5.0862484e-11	-5.1223352e-11	-5.1086569e-11	-5.1278374e-11	-5.0750706e-11	-5.0649325e-11	-6.4742364e-11	-8.5330423e-11	-8.6299898e-11	-8.6840257e-11	-8.6408172e-11	-8.6758947e-11	-8.6984989e-11	-8.747518e-11	-8.8175904e-11	-8.9026023e-11	-8.9872117e-11	-9.096545e-11	-9.2239071e-11	-9.3882783e-11	-9.471355e-11	-9.5313903e-11	-9.6298094e-11	-9.7668658e-11	-9.8514932e-11	-9.9093109e-11	-9.9079661e-11	-9.8368133e-11	-9.8862508e-11	-1.0013854e-10	-1.0241202e-10	-1.0347075e-10	-1.037079e-10	-1.0443874e-10	-9.9262994e-11	-1.1090601e-10	-1.2353407e-10
	81.6666666666667	-6.3559664e-11	-5.1016066e-11	-5.0733535e-11	-5.0766412e-11	-5.0995656e-11	-5.0954452e-11	-5.0482486e-11	-5.0888734e-11	-5.0498453e-11	-5.1327186e-11	-5.1289108e-11	-5.0795899e-11	-5.0667779e-11	-5.0463429e-11	-5.0744454e-11	-5.1199552e-11	-5.0737112e-11	-5.0368185e-11	-5.0599726e-11	-5.0935998e-11	-5.0968653e-11	-5.1045328e-11	-8.2262336e-11	-8.426191e-11	-8.4352178e-11	-8.519703e-11	-8.5914657e-11	-8.6319028e-11	-8.6513623e-11	-8.7458457e-11	-8.7850172e-11	-9.002276e-11	-9.1259091e-11	-9.2174483e-11	-9.2700042e-11	-9.4111913e-11	-9.5672623e-11	-9.7141815e-11	-9.7924037e-11	-9.9002272e-11	-9.8869475e-11	-9.8957037e-11	-9.9499922e-11	-1.0054581e-10	-1.024661e-10	-1.0325506e-10	-1.0379414e-10	-1.0386988e-10	-9.9109339e-11	-1.1064543e-10	-1.2289779e-10
	83.3333333333333	-6.7003084e-11	-5.1359649e-11	-5.0701596e-11	-5.0886212e-11	-5.0838268e-11	-5.0651733e-11	-5.0764039e-11	-5.0921763e-11	-5.1151305e-11	-5.1274044e-11	-5.1290163e-11	-5.060978e-11	-5.0734552e-11	-5.1288092e-11	-5.1003337e-11	-7.2795381e-11	-8.2427218e-11	-8.2745713e-11	-8.2776369e-11	-8.2557711e-11	-8.2276116e-11	-8.2107397e-11	-8.2852405e-11	-6.9520834e-11	-7.7785348e-11	-8.048056e-11	-8.3586305e-11	-8.405357e-11	-8.4317796e-11	-8.5597293e-11	-8.6426623e-11	-8.8017725e-11	-8.873912e-11	-8.9940694e-11	-9.1796702e-11	-9.3689285e-11	-9.4973071e-11	-9.589339e-11	-9.7176989e-11	-9.855787e-11	-9.9638173e-11	-9.9109186e-11	-9.9268267e-11	-1.0054008e-10	-1.0240268e-10	-1.0385737e-10	-1.0454367e-10	-1.0471887e-10	-9.8868198e-11	-1.1055497e-10	-1.229771e-10
	85	-6.8413296e-11	-5.2136594e-11	-5.1107243e-11	-5.0760385e-11	-5.0594827e-11	-5.1017236e-11	-5.1174693e-11	-5.1395652e-11	-5.0892689e-11	-5.0860639e-11	-5.1252464e-11	-5.1062956e-11	-5.146137e-11	-5.1254386e-11	-5.1135943e-11	-5.1322023e-11	-5.1358629e-11	-5.3724192e-11	-8.0851326e-11	-8.2862842e-11	-8.2566072e-11	-8.2554776e-11	-8.2807254e-11	-8.3353262e-11	-8.3215573e-11	-8.3489028e-11	-8.4129037e-11	-8.4661188e-11	-8.5007786e-11	-8.6346257e-11	-8.6711041e-11	-8.736039e-11	-8.8833836e-11	-9.0476307e-11	-9.1535599e-11	-9.2829446e-11	-9.4392598e-11	-9.6074732e-11	-9.7655474e-11	-9.8559605e-11	-9.9924326e-11	-9.9697001e-11	-9.9501199e-11	-1.0096791e-10	-1.0254884e-10	-1.0347481e-10	-1.0427782e-10	-1.047107e-10	-9.8605589e-11	-1.1058491e-10	-1.2329764e-10
	86.6666666666667	-7.2900339e-11	-5.2505708e-11	-5.0584058e-11	-5.0682843e-11	-5.1039981e-11	-5.09804e-11	-5.1064687e-11	-5.0735756e-11	-5.0853596e-11	-5.0775602e-11	-5.1122346e-11	-5.1235932e-11	-5.1284026e-11	-5.0828289e-11	-6.9103175e-11	-8.2226372e-11	-8.2690167e-11	-8.3075546e-11	-8.2743715e-11	-8.2539482e-11	-8.1868665e-11	-8.3146504e-11	-8.2711518e-11	-8.3226794e-11	-8.3138892e-11	-8.3932902e-11	-8.4473338e-11	-8.4418049e-11	-8.4934497e-11	-8.4906589e-11	-8.6033104e-11	-8.6754576e-11	-8.7811418e-11	-8.9100442e-11	-9.07956e-11	-9.1914545e-11	-9.3167037e-11	-9.5530563e-11	-9.7006653e-11	-9.8156858e-11	-9.8992363e-11	-9.93364e-11	-1.0003674e-10	-1.0022983e-10	-1.0214941e-10	-1.0343828e-10	-1.0468546e-10	-1.0481242e-10	-9.8682416e-11	-1.1114285e-10	-1.2350941e-10
	88.3333333333333	-7.3453056e-11	-5.1913189e-11	-5.1003073e-11	-5.0492957e-11	-5.1997587e-11	-5.1922643e-11	-5.1804575e-11	-5.4121402e-11	-8.3228188e-11	-8.4718281e-11	-8.5048496e-11	-8.4607259e-11	-8.4600632e-11	-8.4089798e-11	-8.4533179e-11	-8.491962e-11	-8.489514e-11	-8.4513445e-11	-8.4958748e-11	-8.4605073e-11	-8.4320134e-11	-8.4587823e-11	-8.5456101e-11	-8.5371023e-11	-8.5879748e-11	-8.5926752e-11	-8.5818963e-11	-8.6067528e-11	-8.6707273e-11	-8.6781846e-11	-8.7326084e-11	-8.81753e-11	-8.9224274e-11	-9.0539166e-11	-9.1017575e-11	-9.1840389e-11	-9.3482784e-11	-9.5061382e-11	-9.687081e-11	-9.7987944e-11	-9.8587243e-11	-9.909646e-11	-1.0011523e-10	-1.0080382e-10	-1.0204881e-10	-1.0368006e-10	-1.0442515e-10	-1.0524996e-10	-9.8484505e-11	-1.102318e-10	-1.2406806e-10
	90	-7.0786127e-11	-5.2545704e-11	-5.1043673e-11	-5.1271747e-11	-5.1108222e-11	-5.1552509e-11	-5.1181774e-11	-5.1705789e-11	-5.1298601e-11	-5.1499069e-11	-5.2036379e-11	-5.1583654e-11	-5.151737e-11	-8.2913572e-11	-8.5811205e-11	-8.6926501e-11	-8.6187703e-11	-8.58306e-11	-8.5610359e-11	-8.6242728e-11	-8.6920547e-11	-8.6896032e-11	-8.6055663e-11	-8.6297899e-11	-8.6977002e-11	-8.7538185e-11	-8.7616449e-11	-8.7637689e-11	-8.7134008e-11	-8.7671093e-11	-8.8469392e-11	-8.9241933e-11	-8.9811519e-11	-9.0212907e-11	-9.0703479e-11	-9.206734e-11	-9.3220175e-11	-9.4188816e-11	-9.5753711e-11	-9.691551e-11	-9.835488e-11	-9.9113065e-11	-1.0013142e-10	-1.0094335e-10	-1.0166867e-10	-1.0315963e-10	-1.0427021e-10	-1.0492235e-10	-9.8443191e-11	-1.1049682e-10	-1.22839e-10
	91.6666666666667	-7.3257858e-11	-5.2401916e-11	-5.1241504e-11	-5.1148218e-11	-5.0543271e-11	-5.0482635e-11	-5.0764039e-11	-5.5862773e-11	-8.5750268e-11	-8.7596146e-11	-8.7464522e-11	-8.7494387e-11	-8.7095671e-11	-8.7315911e-11	-8.7238258e-11	-8.7446939e-11	-8.7758203e-11	-8.7826524e-11	-8.7581123e-11	-8.788207e-11	-8.8032227e-11	-8.7975509e-11	-8.8025524e-11	-8.7862523e-11	-8.8176695e-11	-8.8534888e-11	-8.8623463e-11	-8.8540196e-11	-8.8923847e-11	-8.9698388e-11	-8.991595e-11	-9.0072887e-11	-8.976267e-11	-9.0399334e-11	-9.1577967e-11	-9.1877943e-11	-9.322338e-11	-9.4443557e-11	-9.5408924e-11	-9.674743e-11	-9.8372199e-11	-9.9563642e-11	-1.0125142e-10	-1.0098294e-10	-1.0213001e-10	-1.0345199e-10	-1.0442022e-10	-1.0532973e-10	-9.9210348e-11	-1.1127779e-10	-1.2384191e-10
	93.3333333333333	-7.2963156e-11	-5.15121e-11	-5.1449019e-11	-5.1442389e-11	-5.1056215e-11	-5.1311629e-11	-8.5535641e-11	-8.8978908e-11	-8.8849317e-11	-8.9145899e-11	-8.9039089e-11	-8.8630395e-11	-8.914134e-11	-8.9511135e-11	-8.9401465e-11	-8.8990509e-11	-8.8995145e-11	-8.9093739e-11	-8.908304e-11	-8.9101004e-11	-8.8931869e-11	-8.875814e-11	-8.9387303e-11	-9.0119287e-11	-8.9374459e-11	-9.0159546e-11	-9.0228165e-11	-9.0254186e-11	-9.0420234e-11	-9.0594227e-11	-9.0528959e-11	-9.0098116e-11	-9.0762536e-11	-9.1559933e-11	-9.2174331e-11	-9.2956136e-11	-9.3443246e-11	-9.4131196e-11	-9.5348701e-11	-9.6747693e-11	-9.817467e-11	-9.9514043e-11	-1.007198e-10	-1.0092192e-10	-1.0225667e-10	-1.0343357e-10	-1.0461444e-10	-1.0463518e-10	-9.881803e-11	-1.1054965e-10	-1.2379597e-10
	95	-7.3281922e-11	-5.2547248e-11	-5.1105096e-11	-8.0669804e-11	-8.9318872e-11	-8.9824703e-11	-9.0093634e-11	-8.9995567e-11	-9.0021969e-11	-8.9387872e-11	-8.9861195e-11	-9.0126927e-11	-9.0777746e-11	-9.0484599e-11	-9.0131527e-11	-8.9986268e-11	-8.9986303e-11	-9.0088249e-11	-9.0592721e-11	-9.0750518e-11	-9.0277834e-11	-9.010271e-11	-9.0428894e-11	-9.0742386e-11	-9.1051132e-11	-9.092252e-11	-9.0562627e-11	-9.0950275e-11	-9.1431772e-11	-9.2134973e-11	-9.2205625e-11	-9.1960342e-11	-9.2084208e-11	-9.2430501e-11	-9.3346005e-11	-9.4318144e-11	-9.4560831e-11	-9.3766259e-11	-9.4470751e-11	-9.600231e-11	-9.7520686e-11	-9.8556024e-11	-1.0001994e-10	-1.0079022e-10	-1.0168494e-10	-1.0351187e-10	-1.0460103e-10	-1.051949e-10	-9.6279602e-11	-1.1064705e-10	-1.234589e-10
	96.6666666666667	-9.0212192e-11	-9.0134011e-11	-9.0476425e-11	-9.0128696e-11	-9.0469604e-11	-9.0062152e-11	-9.0280776e-11	-8.5363376e-11	-8.9940506e-11	-8.9825751e-11	-8.9990217e-11	-9.0056768e-11	-8.9784173e-11	-9.0183423e-11	-9.0000576e-11	-8.9765424e-11	-9.0350144e-11	-9.0270041e-11	-9.0402762e-11	-9.0923914e-11	-9.0768219e-11	-9.0854615e-11	-9.0678097e-11	-9.0957394e-11	-9.1772187e-11	-9.2171618e-11	-9.2337214e-11	-9.1748838e-11	-9.1746236e-11	-9.2397624e-11	-9.2503373e-11	-9.3248916e-11	-9.2886046e-11	-9.4048984e-11	-9.4195936e-11	-9.4599363e-11	-9.5231427e-11	-9.5339514e-11	-9.5190862e-11	-9.6428213e-11	-9.7882868e-11	-9.8698605e-11	-1.0056991e-10	-1.0070907e-10	-1.018305e-10	-1.0336631e-10	-1.0439468e-10	-1.0516244e-10	-9.8903261e-11	-1.1259359e-10	-1.2478209e-10
	98.3333333333333	-9.3496461e-11	-9.085209e-11	-9.0909377e-11	-9.019329e-11	-9.0082337e-11	-9.0341186e-11	-9.018071e-11	-9.0135142e-11	-9.0275162e-11	-9.0074358e-11	-8.9532451e-11	-9.0438421e-11	-9.0203685e-11	-8.9745232e-11	-8.9825224e-11	-9.0246317e-11	-9.0410138e-11	-9.0264844e-11	-9.0788523e-11	-9.005835e-11	-8.9822594e-11	-9.0310981e-11	-9.0803434e-11	-9.1196765e-11	-9.1480462e-11	-9.0970308e-11	-9.1700557e-11	-9.1794294e-11	-9.2179077e-11	-9.2670781e-11	-9.2473772e-11	-9.3455181e-11	-9.3558411e-11	-9.4617925e-11	-9.4966708e-11	-9.4411923e-11	-9.5563328e-11	-9.6257689e-11	-9.6299489e-11	-9.6593282e-11	-9.758467e-11	-9.8254134e-11	-9.9981266e-11	-1.0106571e-10	-1.0201259e-10	-1.0370718e-10	-1.0453716e-10	-1.0434768e-10	-1.0022192e-10	-1.1208287e-10	-1.2401097e-10
	100	-9.7449507e-11	-8.9255263e-11	-8.9164578e-11	-8.9108915e-11	-8.9137309e-11	-8.967025e-11	-8.9028208e-11	-8.9305584e-11	-8.9357702e-11	-8.951663e-11	-8.9342415e-11	-8.9159305e-11	-8.8712607e-11	-8.9609466e-11	-8.9463457e-11	-8.9344789e-11	-8.9580995e-11	-8.9246603e-11	-8.8972843e-11	-8.8908707e-11	-8.9515992e-11	-8.9598773e-11	-8.9831934e-11	-8.9656955e-11	-8.9606718e-11	-8.9861008e-11	-9.0482032e-11	-9.1009512e-11	-9.1336674e-11	-9.140172e-11	-9.2102777e-11	-9.2158101e-11	-9.2996395e-11	-9.4228778e-11	-9.4669293e-11	-9.5197378e-11	-9.606381e-11	-9.6193477e-11	-9.6001741e-11	-9.6513401e-11	-9.6990645e-11	-9.8254058e-11	-9.9331467e-11	-1.0099408e-10	-1.0199052e-10	-1.0292884e-10	-1.0375866e-10	-1.0476373e-10	-1.0009463e-10	-1.1233347e-10	-1.2448381e-10
	101.666666666667	-9.9846964e-11	-8.8971643e-11	-8.8738634e-11	-9.014723e-11	-8.8887203e-11	-8.8016254e-11	-8.8323647e-11	-8.8189532e-11	-8.8295288e-11	-8.8650358e-11	-8.772047e-11	-8.7994716e-11	-8.8431505e-11	-8.8183925e-11	-8.7734438e-11	-8.8081563e-11	-8.7687628e-11	-8.7796354e-11	-8.8005263e-11	-8.8287606e-11	-8.8863174e-11	-8.9926198e-11	-8.8785861e-11	-8.9220506e-11	-8.9740826e-11	-9.0160074e-11	-9.0684842e-11	-9.0407466e-11	-9.0455782e-11	-9.1710722e-11	-9.1288095e-11	-9.229658e-11	-9.2726139e-11	-9.3932161e-11	-9.5551053e-11	-9.641473e-11	-9.6682877e-11	-9.6748561e-11	-9.6719487e-11	-9.6752516e-11	-9.7376558e-11	-9.7987382e-11	-9.9609515e-11	-1.0100466e-10	-1.0134964e-10	-1.0285544e-10	-1.0370146e-10	-1.0474753e-10	-1.0027875e-10	-1.11614e-10	-1.2407531e-10
	103.333333333333	-9.4448678e-11	-8.5630773e-11	-8.4884065e-11	-8.4931409e-11	-8.5086271e-11	-8.5460923e-11	-8.7185606e-11	-8.748844e-11	-8.6844323e-11	-8.7139886e-11	-8.6942502e-11	-8.6582803e-11	-8.6900286e-11	-8.6529214e-11	-8.7185002e-11	-8.6987056e-11	-8.7007734e-11	-8.7049951e-11	-8.7517812e-11	-8.7429987e-11	-8.8154019e-11	-8.7252379e-11	-8.6886429e-11	-8.7318736e-11	-8.8500464e-11	-8.9102288e-11	-8.9085829e-11	-8.9241704e-11	-8.9658801e-11	-9.1353473e-11	-9.1689108e-11	-9.2863342e-11	-9.2904087e-11	-9.3835294e-11	-9.4920197e-11	-9.5975193e-11	-9.6562328e-11	-9.7052782e-11	-9.7082765e-11	-9.7021675e-11	-9.7429696e-11	-9.8366551e-11	-9.9758347e-11	-1.0140786e-10	-1.0183385e-10	-1.0339761e-10	-1.0472097e-10	-1.0503127e-10	-1.0016155e-10	-1.123549e-10	-1.2428424e-10
	105	-9.7189083e-11	-8.6942092e-11	-8.6449257e-11	-8.6102327e-11	-8.5639398e-11	-8.5468826e-11	-8.5892814e-11	-8.5696415e-11	-8.5867057e-11	-8.5478583e-11	-8.5293855e-11	-8.5580078e-11	-8.6603218e-11	-8.6064288e-11	-8.5691405e-11	-8.5455046e-11	-8.5430794e-11	-8.5960079e-11	-8.601559e-11	-8.6078332e-11	-8.601337e-11	-8.6109328e-11	-8.6714393e-11	-8.6694395e-11	-8.6895317e-11	-8.7300507e-11	-8.7974489e-11	-8.8000329e-11	-8.8525506e-11	-8.9428881e-11	-8.9637187e-11	-9.018862e-11	-9.124821e-11	-9.2861496e-11	-9.3818085e-11	-9.5295639e-11	-9.6348936e-11	-9.687412e-11	-9.7698259e-11	-9.8318499e-11	-9.8013667e-11	-9.8221896e-11	-9.9195284e-11	-1.0104749e-10	-1.0230073e-10	-1.0377219e-10	-1.049057e-10	-1.0546745e-10	-9.9888695e-11	-1.1260877e-10	-1.2401727e-10
	106.666666666667	-9.6816083e-11	-8.538014e-11	-8.4008377e-11	-8.4077141e-11	-8.436446e-11	-8.441884e-11	-8.4291588e-11	-8.4117324e-11	-8.36579e-11	-8.4082831e-11	-8.4029388e-11	-8.432284e-11	-8.3644196e-11	-8.3328552e-11	-8.411695e-11	-8.4149188e-11	-8.3966833e-11	-8.4118115e-11	-8.3641628e-11	-8.3410917e-11	-8.410362e-11	-8.4414808e-11	-8.4341638e-11	-8.4158451e-11	-8.2699389e-11	-8.4885272e-11	-8.5582715e-11	-8.5660527e-11	-8.6471399e-11	-8.7092958e-11	-8.862501e-11	-9.0038463e-11	-9.1168822e-11	-9.2806436e-11	-9.3240096e-11	-9.4261238e-11	-9.56022e-11	-9.7120124e-11	-9.8027038e-11	-9.8049298e-11	-9.7382429e-11	-9.7827545e-11	-9.892194e-11	-1.0090848e-10	-1.0138798e-10	-1.0314987e-10	-1.0417196e-10	-1.0468648e-10	-9.9496494e-11	-1.1180414e-10	-1.2410234e-10
	108.333333333333	-9.3692221e-11	-8.3023463e-11	-8.3228827e-11	-8.3409148e-11	-8.3246569e-11	-8.3481645e-11	-8.3050018e-11	-8.3136331e-11	-8.3410882e-11	-8.3670897e-11	-8.3816454e-11	-8.3450649e-11	-8.3822518e-11	-8.3811409e-11	-8.428639e-11	-8.4337308e-11	-8.3805456e-11	-7.8371393e-11	-7.8271813e-11	-7.8612498e-11	-7.8538717e-11	-7.7864395e-11	-7.7659899e-11	-7.8169679e-11	-7.7978249e-11	-7.9307831e-11	-7.9974277e-11	-7.970237e-11	-8.0898781e-11	-8.1758919e-11	-8.3694204e-11	-8.3763461e-11	-8.5562044e-11	-8.6802177e-11	-8.8130558e-11	-8.9532076e-11	-9.1004281e-11	-9.2442512e-11	-9.3583342e-11	-9.4111691e-11	-9.3842302e-11	-9.4062882e-11	-9.5316387e-11	-9.728067e-11	-9.8540585e-11	-1.001098e-10	-1.0181818e-10	-1.0337392e-10	-9.704567e-11	-1.1024016e-10	-1.2281472e-10
	110	-8.9008433e-11	-7.6015284e-11	-7.6057272e-11	-7.6232361e-11	-7.618562e-11	-7.5655239e-11	-7.5251062e-11	-7.6689752e-11	-7.6390762e-11	-7.663379e-11	-7.6893762e-11	-7.6125668e-11	-7.5791387e-11	-7.6614659e-11	-7.6033659e-11	-7.6043491e-11	-7.5445469e-11	-7.5519285e-11	-7.6312241e-11	-7.6284028e-11	-7.6755734e-11	-7.6612057e-11	-7.655903e-11	-7.694069e-11	-7.7355559e-11	-7.7986423e-11	-7.8959804e-11	-7.8389809e-11	-7.905622e-11	-7.9885515e-11	-8.0604044e-11	-8.2347788e-11	-8.3040748e-11	-8.4578337e-11	-8.6033819e-11	-8.7084562e-11	-8.8800169e-11	-9.0745585e-11	-9.2531732e-11	-9.3336172e-11	-9.4059718e-11	-9.3857588e-11	-9.5100365e-11	-9.7232805e-11	-9.8247695e-11	-1.0007836e-10	-1.0146545e-10	-1.028876e-10	-9.631531e-11	-1.0960918e-10	-1.2227792e-10
	111.666666666667	-9.0119398e-11	-7.7621937e-11	-7.6701354e-11	-7.7025837e-11	-7.6960383e-11	-7.6597707e-11	-7.7143229e-11	-7.6568071e-11	-7.6695442e-11	-7.7119013e-11	-7.6973712e-11	-7.6785446e-11	-7.7291458e-11	-7.7352506e-11	-7.7338538e-11	-7.7200017e-11	-7.6760702e-11	-7.7135021e-11	-7.700264e-11	-7.7369944e-11	-7.7429341e-11	-7.756612e-11	-7.7890458e-11	-7.8030749e-11	-7.7640804e-11	-7.856335e-11	-7.9215863e-11	-7.9501558e-11	-7.9524949e-11	-8.0492987e-11	-8.1357344e-11	-8.2498806e-11	-8.3462591e-11	-8.5189647e-11	-8.6228455e-11	-8.7463432e-11	-8.9302003e-11	-9.1008763e-11	-9.2514295e-11	-9.3799628e-11	-9.4131231e-11	-9.4072819e-11	-9.5313903e-11	-9.6886096e-11	-9.8318235e-11	-9.9972267e-11	-1.0161384e-10	-1.0287333e-10	-9.6148735e-11	-1.0899467e-10	-1.2279637e-10
	113.333333333333	-8.8405519e-11	-7.8096314e-11	-7.7192072e-11	-7.7772316e-11	-7.8086676e-11	-7.7716236e-11	-7.7367383e-11	-7.7653384e-11	-7.7718873e-11	-7.7301818e-11	-7.7987436e-11	-7.7763657e-11	-7.8090624e-11	-7.8062043e-11	-7.7883568e-11	-7.8585381e-11	-7.8024837e-11	-7.762152e-11	-7.8009543e-11	-7.8566813e-11	-7.880472e-11	-7.8973328e-11	-7.8141882e-11	-7.8974681e-11	-7.9338071e-11	-7.9871651e-11	-7.9853617e-11	-7.9325421e-11	-8.0497539e-11	-8.0882245e-11	-8.1581235e-11	-8.2613978e-11	-8.3019286e-11	-8.4073075e-11	-8.4865351e-11	-8.673081e-11	-8.9116034e-11	-9.0425507e-11	-9.136665e-11	-9.2332586e-11	-9.401132e-11	-9.4714299e-11	-9.4906222e-11	-9.6109981e-11	-9.7769778e-11	-9.9961039e-11	-1.0129726e-10	-1.0300368e-10	-9.7039946e-11	-1.0959747e-10	-1.2254205e-10
	115	-9.2347047e-11	-7.8467725e-11	-7.9072637e-11	-7.9020512e-11	-7.8417862e-11	-7.8779559e-11	-7.9209764e-11	-7.954095e-11	-7.9737016e-11	-7.9122577e-11	-7.954095e-11	-7.9982264e-11	-7.9884342e-11	-7.9671034e-11	-7.9631073e-11	-7.9541554e-11	-8.0259376e-11	-8.0087263e-11	-8.0526502e-11	-8.0792727e-11	-8.0439246e-11	-8.0893431e-11	-8.0089858e-11	-8.0599034e-11	-8.05465e-11	-8.1197771e-11	-8.0898219e-11	-8.0979938e-11	-8.1730074e-11	-8.2594431e-11	-8.2612056e-11	-8.3118443e-11	-8.31578e-11	-8.4328038e-11	-8.5318676e-11	-8.7313878e-11	-8.8307903e-11	-8.9276843e-11	-9.0682808e-11	-9.1971902e-11	-9.3780914e-11	-9.440277e-11	-9.5056227e-11	-9.628006e-11	-9.8151584e-11	-1.0033347e-10	-1.0176203e-10	-1.0324003e-10	-9.6602282e-11	-1.0922154e-10	-1.2340323e-10
	116.666666666667	-9.3861093e-11	-8.1227941e-11	-8.0831404e-11	-8.0388814e-11	-8.0760454e-11	-8.0606154e-11	-8.0615535e-11	-8.0207591e-11	-8.0922283e-11	-8.0219831e-11	-7.972259e-11	-8.0602539e-11	-8.096341e-11	-8.0994406e-11	-8.0956179e-11	-8.0698538e-11	-8.0546125e-11	-8.0675411e-11	-8.0953654e-11	-8.0803045e-11	-8.0379245e-11	-8.0864093e-11	-8.2022771e-11	-8.1845315e-11	-8.1766455e-11	-8.1846294e-11	-8.1579771e-11	-8.2529462e-11	-8.2427142e-11	-8.2874589e-11	-8.3277447e-11	-8.3297411e-11	-8.4038769e-11	-8.5261506e-11	-8.5580681e-11	-8.7472092e-11	-8.8369555e-11	-8.9721695e-11	-9.056926e-11	-9.2367683e-11	-9.3549488e-11	-9.4712002e-11	-9.4860612e-11	-9.5904618e-11	-9.7688996e-11	-9.9884517e-11	-1.0180722e-10	-1.0314392e-10	-9.5402103e-11	-1.0948886e-10	-1.2322032e-10
	118.333333333333	-9.4411021e-11	-8.263424e-11	-8.2434747e-11	-8.2122503e-11	-8.2287344e-11	-8.2393772e-11	-8.1685859e-11	-8.1692486e-11	-8.1725855e-11	-8.1690002e-11	-8.1299571e-11	-8.1521165e-11	-8.2349405e-11	-8.2282105e-11	-8.2129539e-11	-8.2006506e-11	-8.2802543e-11	-8.2840505e-11	-8.2462051e-11	-8.2285574e-11	-8.1933328e-11	-8.2823824e-11	-8.3484358e-11	-8.321218e-11	-8.3484733e-11	-8.2971338e-11	-8.4175701e-11	-8.3431179e-11	-8.3099541e-11	-8.414075e-11	-8.4110434e-11	-8.408961e-11	-8.5614314e-11	-8.6156332e-11	-8.5897865e-11	-8.7274861e-11	-8.7779596e-11	-8.8814935e-11	-8.9815134e-11	-9.1589535e-11	-9.3551784e-11	-9.483056e-11	-9.4906145e-11	-9.6123276e-11	-9.8563442e-11	-1.0093424e-10	-1.0226017e-10	-1.0343761e-10	-9.5834229e-11	-1.0911696e-10	-1.2330061e-10
	120	-9.5510454e-11	-8.4110774e-11	-8.3593577e-11	-8.3332174e-11	-8.2467061e-11	-8.2898091e-11	-8.3390586e-11	-8.3228605e-11	-8.2556656e-11	-8.2869808e-11	-8.3656658e-11	-8.2958723e-11	-8.3263028e-11	-8.2857943e-11	-8.2367599e-11	-8.2446799e-11	-8.3033407e-11	-8.3227772e-11	-8.2818398e-11	-8.2070982e-11	-8.2702178e-11	-8.2886226e-11	-8.3010397e-11	-8.349528e-11	-8.3414234e-11	-8.3400037e-11	-8.3760228e-11	-8.4736364e-11	-8.4724269e-11	-8.5089581e-11	-8.5555563e-11	-8.5829358e-11	-8.648033e-11	-8.6239828e-11	-8.6841534e-11	-8.7389991e-11	-8.8223956e-11	-8.9158139e-11	-9.0541991e-11	-9.1817491e-11	-9.3018086e-11	-9.4399606e-11	-9.5945474e-11	-9.7145507e-11	-9.9078794e-11	-1.0083549e-10	-1.0197994e-10	-1.0329423e-10	-9.7325828e-11	-1.0998237e-10	-1.23952e-10
	121.666666666667	-9.573721e-11	-8.2526826e-11	-8.1753083e-11	-8.2508979e-11	-8.2483784e-11	-8.1927569e-11	-8.2024693e-11	-8.2318562e-11	-8.2728803e-11	-8.2994389e-11	-8.3047416e-11	-8.2973975e-11	-8.3084137e-11	-8.3276316e-11	-8.3349341e-11	-8.3466657e-11	-8.3711642e-11	-8.3204915e-11	-8.3107861e-11	-8.3071446e-11	-8.252389e-11	-8.3399281e-11	-8.369138e-11	-8.335737e-11	-8.3209169e-11	-8.3687425e-11	-8.402698e-11	-8.4797259e-11	-8.4676634e-11	-8.4972231e-11	-8.5712194e-11	-8.604327e-11	-8.5754001e-11	-8.6829106e-11	-8.740457e-11	-8.8034337e-11	-8.9069634e-11	-9.0073261e-11	-9.048795e-11	-9.134609e-11	-9.2363957e-11	-9.401422e-11	-9.5725199e-11	-9.7465848e-11	-9.8830763e-11	-9.9598441e-11	-1.0158679e-10	-1.0326225e-10	-9.7077339e-11	-1.0937617e-10	-1.2403308e-10
	123.333333333333	-9.3179915e-11	-8.2997588e-11	-8.2229758e-11	-8.2204674e-11	-8.2608927e-11	-8.2210704e-11	-8.2405485e-11	-8.1829349e-11	-8.2627273e-11	-8.2737275e-11	-8.2887919e-11	-8.1914232e-11	-8.2169577e-11	-8.1954228e-11	-8.2435198e-11	-8.2070795e-11	-8.1885013e-11	-8.2556427e-11	-8.2739614e-11	-8.2280863e-11	-8.2310957e-11	-8.2194092e-11	-8.1779299e-11	-8.241656e-11	-8.3314806e-11	-8.3477808e-11	-8.3644681e-11	-8.3995685e-11	-8.4797676e-11	-8.485021e-11	-8.5993143e-11	-8.667967e-11	-8.6862288e-11	-8.7062607e-11	-8.832636e-11	-8.8979664e-11	-8.9275982e-11	-8.9859613e-11	-9.0349318e-11	-9.0389127e-11	-9.2628676e-11	-9.4620825e-11	-9.5870908e-11	-9.6555923e-11	-9.7923204e-11	-1.004184e-10	-1.0205838e-10	-1.033978e-10	-9.7453726e-11	-1.0925807e-10	-1.2328148e-10
	125	-9.4191301e-11	-8.2306134e-11	-8.2070864e-11	-8.1491681e-11	-8.1448667e-11	-8.1781214e-11	-8.2136624e-11	-8.1395758e-11	-8.1722989e-11	-8.1367434e-11	-8.1222702e-11	-8.0947631e-11	-8.1032028e-11	-8.1612196e-11	-8.1202746e-11	-8.1112506e-11	-8.1385398e-11	-8.1418768e-11	-8.1001407e-11	-8.1317834e-11	-8.0838301e-11	-8.1670719e-11	-8.1210462e-11	-8.2031999e-11	-8.2146942e-11	-8.2653634e-11	-8.2395278e-11	-8.2740363e-11	-8.3974702e-11	-8.4210874e-11	-8.4081062e-11	-8.4991326e-11	-8.6149969e-11	-8.684628e-11	-8.7301638e-11	-8.8461821e-11	-8.9496036e-11	-8.9461195e-11	-8.9810992e-11	-9.0599764e-11	-9.216642e-11	-9.4020514e-11	-9.5674357e-11	-9.6449383e-11	-9.7740774e-11	-1.0015831e-10	-1.0222519e-10	-1.0358433e-10	-9.7525731e-11	-1.0964621e-10	-1.2333974e-10
	126.666666666667	-9.0531936e-11	-8.0881309e-11	-8.0284793e-11	-8.0011942e-11	-7.951316e-11	-7.9508448e-11	-7.9577372e-11	-8.0452874e-11	-7.9729105e-11	-7.9104646e-11	-7.924731e-11	-7.8848067e-11	-7.895954e-11	-8.0174221e-11	-7.9640905e-11	-7.935054e-11	-7.8700657e-11	-7.9304369e-11	-8.0355597e-11	-8.0642652e-11	-8.0314658e-11	-7.9678264e-11	-8.016688e-11	-8.073002e-11	-8.1738886e-11	-8.2035316e-11	-8.2542154e-11	-8.1950162e-11	-8.2721274e-11	-8.3656734e-11	-8.4133749e-11	-8.4964397e-11	-8.5178198e-11	-8.610692e-11	-8.7853447e-11	-8.9096334e-11	-8.9821726e-11	-9.0179052e-11	-9.0487687e-11	-9.0676668e-11	-9.2121269e-11	-9.3799933e-11	-9.4980267e-11	-9.6332033e-11	-9.7919513e-11	-1.0014076e-10	-1.0195549e-10	-1.0325999e-10	-9.7013654e-11	-1.0947405e-10	-1.2344507e-10
	128.333333333333	-9.0752551e-11	-7.8984437e-11	-7.8406864e-11	-7.8007621e-11	-7.7793404e-11	-7.8049615e-11	-7.7641255e-11	-7.8207413e-11	-7.8228958e-11	-7.8170692e-11	-7.6733328e-11	-7.7085567e-11	-7.7808697e-11	-7.8343068e-11	-7.7616441e-11	-7.8077864e-11	-7.825246e-11	-7.8026606e-11	-7.8490665e-11	-7.8746981e-11	-7.8336664e-11	-7.8611929e-11	-7.8869647e-11	-7.9626326e-11	-7.9002326e-11	-7.9355814e-11	-8.0154335e-11	-8.0616701e-11	-8.1434963e-11	-8.169377e-11	-8.2959854e-11	-8.2944943e-11	-8.4481512e-11	-8.5390271e-11	-8.7104823e-11	-8.8699235e-11	-8.917915e-11	-9.0101697e-11	-9.0990687e-11	-9.1939852e-11	-9.2570597e-11	-9.3036238e-11	-9.4477676e-11	-9.6131145e-11	-9.8162582e-11	-9.9701108e-11	-1.0176172e-10	-1.0329958e-10	-9.6800228e-11	-1.0920825e-10	-1.225031e-10
	130	-9.0332707e-11	-7.7548155e-11	-7.7024595e-11	-7.6961743e-11	-7.7259678e-11	-7.7177688e-11	-7.691997e-11	-7.7540738e-11	-7.6307641e-11	-7.6735472e-11	-7.6294915e-11	-7.6774337e-11	-7.6979291e-11	-7.6485061e-11	-7.6813805e-11	-7.6873952e-11	-7.697594e-11	-7.6971228e-11	-7.6609497e-11	-7.7011487e-11	-7.8075414e-11	-7.7061878e-11	-7.8359978e-11	-7.8610084e-11	-7.8104412e-11	-7.7237834e-11	-7.8840386e-11	-7.9805898e-11	-7.9755202e-11	-7.9940159e-11	-8.137576e-11	-8.1737041e-11	-8.3444737e-11	-8.5212358e-11	-8.6506691e-11	-8.7199845e-11	-8.8258532e-11	-9.0246463e-11	-9.1346805e-11	-9.1414293e-11	-9.1263837e-11	-9.2311568e-11	-9.3939842e-11	-9.6038837e-11	-9.7481592e-11	-9.919509e-11	-1.0109407e-10	-1.0250237e-10	-9.7065592e-11	-1.0917413e-10	-1.2300154e-10
	131.666666666667	-8.8409287e-11	-7.5455149e-11	-7.5017603e-11	-7.5375796e-11	-7.4617229e-11	-7.5236185e-11	-7.4902057e-11	-7.4801353e-11	-7.5346458e-11	-7.5764686e-11	-7.5051687e-11	-7.4822107e-11	-7.512678e-11	-7.4788814e-11	-7.5584324e-11	-7.5993475e-11	-7.6202572e-11	-7.5527536e-11	-7.587251e-11	-7.6564491e-11	-7.7105114e-11	-7.6240646e-11	-7.6361424e-11	-7.6784579e-11	-7.730995e-11	-7.7424671e-11	-7.7602091e-11	-7.8495294e-11	-7.9176242e-11	-7.9804503e-11	-8.0694847e-11	-8.1944555e-11	-8.3448283e-11	-8.3517686e-11	-8.5732303e-11	-8.6485825e-11	-8.8983279e-11	-9.0270263e-11	-9.1536959e-11	-9.1795051e-11	-9.2374802e-11	-9.351013e-11	-9.4915069e-11	-9.6955166e-11	-9.794475e-11	-1.0029687e-10	-1.023231e-10	-1.0396448e-10	-9.7129541e-11	-1.0977783e-10	-1.2325885e-10
	133.333333333333	-8.7558523e-11	-7.6455273e-11	-7.6279018e-11	-7.5692223e-11	-7.585748e-11	-7.5397751e-11	-7.4717371e-11	-7.4098637e-11	-7.438121e-11	-7.4624425e-11	-7.3824238e-11	-7.4488846e-11	-7.5236713e-11	-7.5305408e-11	-7.5004274e-11	-7.5194947e-11	-7.5227373e-11	-7.5483807e-11	-7.6444275e-11	-7.5932274e-11	-7.5927868e-11	-7.5707891e-11	-7.5466487e-11	-7.5646919e-11	-7.5847724e-11	-7.702787e-11	-7.7183336e-11	-7.7483832e-11	-7.8393195e-11	-8.0006515e-11	-8.0851138e-11	-8.1660699e-11	-8.2141974e-11	-8.3276733e-11	-8.563552e-11	-8.7323974e-11	-8.8859677e-11	-8.9535046e-11	-9.0610533e-11	-9.1375393e-11	-9.2383122e-11	-9.3422305e-11	-9.4776478e-11	-9.5474302e-11	-9.7155978e-11	-9.9534117e-11	-1.0200264e-10	-1.0349827e-10	-9.7180604e-11	-1.0962353e-10	-1.2338226e-10
	135	-8.7005965e-11	-7.6524835e-11	-7.6110937e-11	-7.6038967e-11	-7.5444866e-11	-7.5108704e-11	-7.5657917e-11	-7.5798541e-11	-7.5918001e-11	-7.5186968e-11	-7.5359601e-11	-7.5016625e-11	-7.5527681e-11	-7.4927328e-11	-7.5201803e-11	-7.6308883e-11	-7.6576169e-11	-7.6576766e-11	-7.6720373e-11	-7.6894248e-11	-7.6780554e-11	-7.6172971e-11	-7.6069588e-11	-7.7473514e-11	-7.770927e-11	-7.8091908e-11	-7.7581185e-11	-7.76492e-11	-7.8368638e-11	-7.8661001e-11	-7.9741269e-11	-8.0659104e-11	-8.229676e-11	-8.3396047e-11	-8.5514547e-11	-8.7428259e-11	-8.8789399e-11	-9.0020082e-11	-9.1288505e-11	-9.2423798e-11	-9.2833928e-11	-9.3604735e-11	-9.4411055e-11	-9.585456e-11	-9.7384996e-11	-9.9888806e-11	-1.0240965e-10	-1.0432625e-10	-9.7284701e-11	-1.0947154e-10	-1.2406581e-10
	136.666666666667	-9.1444873e-11	-7.736705e-11	-7.6961139e-11	-7.6140955e-11	-7.4749831e-11	-7.6138283e-11	-7.6591719e-11	-7.6475458e-11	-7.7135472e-11	-7.6198541e-11	-7.5870359e-11	-7.6631451e-11	-7.7335714e-11	-7.6746019e-11	-7.6665348e-11	-7.6428232e-11	-7.6357885e-11	-7.6709299e-11	-7.7053253e-11	-7.7269954e-11	-7.7183898e-11	-7.5627449e-11	-7.4693869e-11	-7.7492644e-11	-7.818015e-11	-7.8433454e-11	-7.8111753e-11	-7.8520114e-11	-7.9640301e-11	-8.0585483e-11	-8.0602129e-11	-8.1253282e-11	-8.1420988e-11	-8.3226419e-11	-8.4641641e-11	-8.6287845e-11	-8.785047e-11	-8.8984368e-11	-9.0346911e-11	-9.1499336e-11	-9.2850651e-11	-9.369297e-11	-9.4276947e-11	-9.5620616e-11	-9.710404e-11	-9.934837e-11	-1.0155832e-10	-1.030561e-10	-9.6277909e-11	-1.088226e-10	-1.2270843e-10
	138.333333333333	-9.3353422e-11	-7.9278382e-11	-7.8847498e-11	-7.8536497e-11	-7.8846596e-11	-7.8747737e-11	-7.8313432e-11	-7.871049e-11	-7.8230047e-11	-7.7675755e-11	-7.8122828e-11	-7.8574043e-11	-7.9036298e-11	-7.8983757e-11	-7.8985943e-11	-7.8624773e-11	-7.9561781e-11	-7.9677362e-11	-7.9668626e-11	-7.9315887e-11	-7.9062541e-11	-7.9445443e-11	-7.9229762e-11	-8.0092273e-11	-8.1180146e-11	-8.1183608e-11	-8.1046829e-11	-8.1167871e-11	-8.127498e-11	-8.1928096e-11	-8.2264071e-11	-8.2485706e-11	-8.2335132e-11	-8.3599752e-11	-8.4905763e-11	-8.6347235e-11	-8.7775641e-11	-8.8683685e-11	-9.0040198e-11	-9.2041125e-11	-9.343315e-11	-9.3370291e-11	-9.4376819e-11	-9.5555494e-11	-9.7856133e-11	-9.9425579e-11	-1.02055e-10	-1.034918e-10	-9.642543e-11	-1.0768964e-10	-1.2281474e-10
	140	-9.2154298e-11	-8.1022911e-11	-8.0005988e-11	-7.9399952e-11	-7.9591868e-11	-8.0183638e-11	-8.0702792e-11	-8.0476299e-11	-7.9563474e-11	-8.0089109e-11	-7.9826083e-11	-8.0069527e-11	-8.0176518e-11	-7.9882385e-11	-7.9417389e-11	-8.0444103e-11	-8.0069978e-11	-8.0300273e-11	-8.0408208e-11	-8.0139388e-11	-8.0636851e-11	-8.1145535e-11	-8.0343246e-11	-8.0577232e-11	-8.0619296e-11	-8.0938437e-11	-8.20993e-11	-8.1598221e-11	-8.2587839e-11	-8.2348614e-11	-8.2465666e-11	-8.2643087e-11	-8.3764634e-11	-8.4732783e-11	-8.5431058e-11	-8.5674724e-11	-8.7029953e-11	-8.8538919e-11	-9.0526101e-11	-9.1497601e-11	-9.2159641e-11	-9.298845e-11	-9.4183168e-11	-9.5762787e-11	-9.7824797e-11	-9.968152e-11	-1.0139917e-10	-1.0271105e-10	-9.6452429e-11	-1.0973904e-10	-1.2387645e-10
	141.666666666667	-8.7690563e-11	-8.169742e-11	-8.0889781e-11	-8.1054469e-11	-8.1474695e-11	-8.1710527e-11	-8.0693265e-11	-8.1053754e-11	-8.1226886e-11	-8.1141732e-11	-8.1298739e-11	-8.1261303e-11	-8.1741669e-11	-8.1363215e-11	-8.1258555e-11	-8.1165082e-11	-8.1341371e-11	-8.1213779e-11	-8.121679e-11	-8.0915052e-11	-8.0923941e-11	-8.1507273e-11	-8.1737943e-11	-8.0652103e-11	-8.1255544e-11	-8.1906856e-11	-8.2056063e-11	-8.2314461e-11	-8.2536318e-11	-8.2352611e-11	-8.2706848e-11	-8.3929363e-11	-8.4448407e-11	-8.5226104e-11	-8.5250133e-11	-8.6410393e-11	-8.7311922e-11	-8.7939579e-11	-8.9959942e-11	-9.1278415e-11	-9.2252969e-11	-9.2891507e-11	-9.4589565e-11	-9.5811553e-11	-9.764764e-11	-1.0011286e-10	-1.0133582e-10	-1.0279932e-10	-9.5736724e-11	-1.0903109e-10	-1.2389852e-10
	143.333333333333	-9.5866724e-11	-8.1706461e-11	-8.1576412e-11	-8.1269783e-11	-8.0950489e-11	-8.0489559e-11	-8.0464288e-11	-8.1467916e-11	-8.1050819e-11	-8.1704539e-11	-8.1725439e-11	-8.1770708e-11	-8.2383565e-11	-8.1844899e-11	-8.2009552e-11	-8.2201024e-11	-8.1327063e-11	-8.1109459e-11	-8.161543e-11	-8.2062732e-11	-8.2433164e-11	-8.1748643e-11	-8.191111e-11	-8.1889488e-11	-8.2224977e-11	-8.2532023e-11	-8.254001e-11	-8.271242e-11	-8.3032956e-11	-8.3783799e-11	-8.3671833e-11	-8.4412179e-11	-8.4710523e-11	-8.5036179e-11	-8.5024314e-11	-8.5334607e-11	-8.7065993e-11	-8.829841e-11	-8.9081534e-11	-9.0302203e-11	-9.1574998e-11	-9.2799012e-11	-9.3991891e-11	-9.5418409e-11	-9.6984358e-11	-9.909424e-11	-1.0166392e-10	-1.0329954e-10	-9.6617082e-11	-1.0940397e-10	-1.2414987e-10
	145	-9.3908548e-11	-8.0992518e-11	-8.1678851e-11	-8.1137555e-11	-8.0718009e-11	-8.0483002e-11	-8.0391187e-11	-8.0421544e-11	-8.0622009e-11	-8.0416569e-11	-8.0383991e-11	-8.0124588e-11	-8.0741663e-11	-8.0274211e-11	-8.0734315e-11	-8.0745612e-11	-8.1095901e-11	-8.0866695e-11	-8.0971806e-11	-8.1343335e-11	-8.0863795e-11	-8.0653609e-11	-8.0724524e-11	-8.1022272e-11	-8.0947367e-11	-8.1640063e-11	-8.1463884e-11	-8.2659393e-11	-8.1914087e-11	-8.1962853e-11	-8.2811168e-11	-8.348771e-11	-8.447823e-11	-8.568922e-11	-8.5611074e-11	-8.6199978e-11	-8.7549711e-11	-8.8663424e-11	-8.9784437e-11	-9.0269778e-11	-9.1249112e-11	-9.3344645e-11	-9.3942853e-11	-9.5931846e-11	-9.7508862e-11	-9.9508429e-11	-1.0139634e-10	-1.0347402e-10	-9.6966955e-11	-1.0972397e-10	-1.2361512e-10
	146.666666666667	-9.3610154e-11	-7.9648212e-11	-8.0261027e-11	-8.1245448e-11	-8.1045247e-11	-7.9493273e-11	-8.0137688e-11	-7.9919141e-11	-8.0173923e-11	-8.0667389e-11	-8.0413745e-11	-8.1209407e-11	-8.0223071e-11	-8.0865037e-11	-8.106317e-11	-8.0607285e-11	-8.0637191e-11	-8.1054247e-11	-8.1415943e-11	-8.1369016e-11	-8.1707065e-11	-8.0877312e-11	-8.0424591e-11	-8.1094804e-11	-8.1543765e-11	-8.1614979e-11	-8.0742975e-11	-8.2024394e-11	-8.254792e-11	-8.3038527e-11	-8.3849636e-11	-8.4878868e-11	-8.5051431e-11	-8.5926634e-11	-8.6229246e-11	-8.6713074e-11	-8.8121593e-11	-8.8480501e-11	-8.9309345e-11	-9.0036922e-11	-9.1498843e-11	-9.3193966e-11	-9.4124528e-11	-9.4987532e-11	-9.7687677e-11	-1.0016053e-10	-1.0217479e-10	-1.0429454e-10	-9.6763625e-11	-1.1031691e-10	-1.250334e-10
	148.333333333333	-9.0941803e-11	-7.9176922e-11	-7.8800313e-11	-7.8252155e-11	-7.8358549e-11	-7.8838013e-11	-7.8121135e-11	-7.8090027e-11	-7.8075151e-11	-7.8550728e-11	-7.8584965e-11	-7.8442156e-11	-7.8317838e-11	-7.8726838e-11	-7.8962219e-11	-7.8687293e-11	-7.9694799e-11	-7.8947036e-11	-7.9446234e-11	-7.8761442e-11	-7.9657246e-11	-7.9493877e-11	-7.9914471e-11	-8.037887e-11	-8.0729798e-11	-8.1064003e-11	-8.0988563e-11	-8.1155853e-11	-8.1824637e-11	-8.2283201e-11	-8.2742514e-11	-8.3453966e-11	-8.4605378e-11	-8.5635443e-11	-8.5784428e-11	-8.6710063e-11	-8.8296495e-11	-8.9264492e-11	-8.9514333e-11	-8.9873657e-11	-9.0664691e-11	-9.2543521e-11	-9.3856645e-11	-9.4882685e-11	-9.7183053e-11	-9.9452203e-11	-1.0099985e-10	-1.0310415e-10	-9.6999686e-11	-1.102539e-10	-1.246494e-10
	150	-9.232283e-11	-7.8131904e-11	-7.7198289e-11	-7.7521496e-11	-7.7379776e-11	-7.7295829e-11	-7.7819015e-11	-7.7634212e-11	-7.7645321e-11	-7.755302e-11	-7.770283e-11	-7.7382975e-11	-7.8703939e-11	-7.778949e-11	-7.8196116e-11	-7.9061077e-11	-7.8274866e-11	-7.7674964e-11	-7.8270349e-11	-7.8684954e-11	-7.8193972e-11	-7.8421519e-11	-7.8245979e-11	-7.8411611e-11	-7.9633369e-11	-8.0689573e-11	-8.0651347e-11	-8.0762071e-11	-8.1393947e-11	-8.2029175e-11	-8.3188421e-11	-8.4054097e-11	-8.4654034e-11	-8.5297922e-11	-8.6617602e-11	-8.8275026e-11	-8.9176402e-11	-8.9891775e-11	-9.004468e-11	-9.0696062e-11	-9.1619809e-11	-9.2856299e-11	-9.4815988e-11	-9.6245747e-11	-9.7577023e-11	-1.0000496e-10	-1.0184296e-10	-1.0397167e-10	-9.7292722e-11	-1.1081682e-10	-1.2367854e-10
