I1_2511
																																																				
		-50	-49	-48	-47	-46	-45	-44	-43	-42	-41	-40	-39	-38	-37	-36	-35	-34	-33	-32	-31	-30	-29	-28	-27	-26	-25	-24	-23	-22	-21	-20	-19	-18	-17	-16	-15	-14	-13	-12	-11	-10	-9	-8	-7	-6	-5	-4	-3	-2	-1	0
	150	-5.949604e-11	-5.9258778e-11	-5.9573436e-11	-6.0569903e-11	-6.0052442e-11	-5.9726377e-11	-5.9039398e-11	-5.8904048e-11	-6.0120915e-11	-5.9932642e-11	-5.9478943e-11	-5.922262e-11	-5.9650299e-11	-6.0217886e-11	-5.9882481e-11	-5.9886623e-11	-5.902321e-11	-5.8626187e-11	-5.9625707e-11	-5.9794392e-11	-6.0249902e-11	-6.035919e-11	-5.9709765e-11	-5.9470241e-11	-6.0184142e-11	-6.0754332e-11	-6.0456959e-11	-6.0413612e-11	-6.0226699e-11	-6.0728422e-11	-6.0768793e-11	-6.1265014e-11	-6.1234885e-11	-6.1663924e-11	-6.2293386e-11	-6.3243383e-11	-6.4035284e-11	-6.4623244e-11	-6.5112762e-11	-6.5979756e-11	-6.7717096e-11	-6.9625979e-11	-7.2610994e-11	-7.6958724e-11	-8.0642389e-11	-8.570214e-11	-8.8837417e-11	-9.0798841e-11	-9.1800359e-11	-9.4142492e-11	-1.0320516e-10
	148.333333333333	-6.4484765e-11	-5.8556965e-11	-5.9513401e-11	-5.9019893e-11	-5.8504541e-11	-6.0118348e-11	-6.0392448e-11	-5.989137e-11	-6.0032784e-11	-5.9579876e-11	-5.9964055e-11	-5.9590985e-11	-5.9479734e-11	-5.9721929e-11	-5.9470096e-11	-5.923588e-11	-5.922552e-11	-5.9569141e-11	-5.9996709e-11	-5.9710445e-11	-6.0056703e-11	-5.9424257e-11	-5.9386822e-11	-5.9896456e-11	-6.014219e-11	-6.0059076e-11	-6.0060582e-11	-6.0053088e-11	-6.0113345e-11	-6.0817906e-11	-6.088946e-11	-6.1428578e-11	-6.1376453e-11	-6.2059399e-11	-6.2308526e-11	-6.2989398e-11	-6.4094861e-11	-6.4760711e-11	-6.5038988e-11	-6.5967704e-11	-6.7603777e-11	-6.9357346e-11	-7.2082944e-11	-7.8382384e-11	-8.0726446e-11	-8.5830378e-11	-8.8458393e-11	-9.0400125e-11	-9.2323094e-11	-9.467005e-11	-1.036928e-10
	146.666666666667	-7.3990855e-11	-6.058825e-11	-6.0876693e-11	-6.06801e-11	-6.041783e-11	-6.0732641e-11	-6.0481363e-11	-6.0870552e-11	-6.1128005e-11	-6.052283e-11	-6.0444837e-11	-6.025476e-11	-6.0881737e-11	-6.142805e-11	-6.1127818e-11	-6.1441685e-11	-6.1346588e-11	-6.1740335e-11	-6.1468199e-11	-6.1315217e-11	-6.0527278e-11	-6.0381297e-11	-6.1718228e-11	-6.1856444e-11	-6.1254772e-11	-6.0958377e-11	-6.1035885e-11	-6.1792869e-11	-6.1835502e-11	-6.2037972e-11	-6.2317713e-11	-6.2063577e-11	-6.2848095e-11	-6.2959381e-11	-6.3150513e-11	-6.4512111e-11	-6.4729035e-11	-6.5084216e-11	-6.5483688e-11	-6.6702512e-11	-6.7663652e-11	-6.9374818e-11	-7.1059846e-11	-7.6480884e-11	-8.0784442e-11	-8.5798139e-11	-8.8890478e-11	-9.087623e-11	-9.1805327e-11	-9.4743567e-11	-1.0304088e-10
	145	-7.4406065e-11	-6.2276212e-11	-6.1518998e-11	-6.0260859e-11	-6.1239028e-11	-6.1696571e-11	-6.1747794e-11	-6.1741612e-11	-6.0853232e-11	-6.0968584e-11	-6.0687823e-11	-6.1788165e-11	-6.1386701e-11	-6.1459837e-11	-6.1212216e-11	-6.1598615e-11	-6.1891582e-11	-6.1267727e-11	-6.1468275e-11	-6.1790913e-11	-6.157376e-11	-6.2019744e-11	-6.2285364e-11	-6.2548348e-11	-6.2718802e-11	-6.2159576e-11	-6.2571628e-11	-6.1981892e-11	-6.220835e-11	-6.2726151e-11	-6.3110746e-11	-6.2492046e-11	-6.3157139e-11	-6.353492e-11	-6.3582486e-11	-6.4443451e-11	-6.4758372e-11	-6.482255e-11	-6.5110313e-11	-6.6371353e-11	-6.7605394e-11	-6.8504702e-11	-7.1552833e-11	-7.6131053e-11	-8.0828205e-11	-8.5907767e-11	-8.7605263e-11	-9.0104181e-11	-9.1948067e-11	-9.3706681e-11	-1.0347229e-10
	143.333333333333	-7.4140742e-11	-6.3809846e-11	-6.2212527e-11	-6.1728699e-11	-6.2130766e-11	-6.2523084e-11	-6.2265068e-11	-6.1921371e-11	-6.1945324e-11	-6.291713e-11	-6.2331688e-11	-6.2790773e-11	-6.2500824e-11	-6.1943853e-11	-6.2517734e-11	-6.3199959e-11	-6.2892649e-11	-6.2897319e-11	-6.2569817e-11	-6.2496452e-11	-6.2733381e-11	-6.2625405e-11	-6.2922209e-11	-6.2898256e-11	-6.3126143e-11	-6.3508143e-11	-6.3186102e-11	-6.3473796e-11	-6.3642626e-11	-6.3912958e-11	-6.3261764e-11	-6.3927155e-11	-6.3762842e-11	-6.4391215e-11	-6.4910563e-11	-6.5030585e-11	-6.5167864e-11	-6.5313081e-11	-6.6046606e-11	-6.7159035e-11	-6.7758035e-11	-6.8801548e-11	-7.0618913e-11	-7.5818241e-11	-8.0568309e-11	-8.5756256e-11	-8.7905648e-11	-9.0712937e-11	-9.1976572e-11	-9.5117046e-11	-1.0386167e-10
	141.666666666667	-6.7725797e-11	-5.2152598e-11	-5.1493306e-11	-5.1710837e-11	-5.1435609e-11	-5.9279186e-11	-6.5033187e-11	-6.5100751e-11	-6.4232251e-11	-6.4666106e-11	-6.4670248e-11	-6.449441e-11	-6.5105116e-11	-6.5160634e-11	-6.433766e-11	-6.4339922e-11	-6.4292772e-11	-6.4879192e-11	-6.5033451e-11	-6.4586225e-11	-6.5211739e-11	-6.5454725e-11	-6.5566011e-11	-6.5333496e-11	-6.5790096e-11	-6.4935231e-11	-6.4742253e-11	-6.5021287e-11	-6.5203787e-11	-6.5559648e-11	-6.5523115e-11	-6.4609387e-11	-6.4760183e-11	-6.5459131e-11	-6.5717334e-11	-6.5831035e-11	-6.5647134e-11	-6.5575954e-11	-6.5962021e-11	-6.6722204e-11	-6.7635487e-11	-6.8936336e-11	-7.1646682e-11	-7.6242263e-11	-8.0542621e-11	-8.5850486e-11	-8.7255543e-11	-9.0601304e-11	-9.2068915e-11	-9.4837867e-11	-1.0388961e-10
	140	-7.8133715e-11	-6.7641739e-11	-6.6363713e-11	-6.639949e-11	-6.5570348e-11	-6.6346879e-11	-6.6569715e-11	-6.646645e-11	-6.6246134e-11	-6.5663745e-11	-6.6603688e-11	-6.6894955e-11	-6.7381427e-11	-6.6406755e-11	-6.6227079e-11	-6.5405951e-11	-6.659992e-11	-6.6011169e-11	-6.6630729e-11	-6.6437036e-11	-6.6226816e-11	-6.697054e-11	-6.7765793e-11	-6.7880507e-11	-6.6845508e-11	-6.6544222e-11	-6.7313072e-11	-6.7094483e-11	-6.6931037e-11	-6.6829688e-11	-6.6374371e-11	-6.6672383e-11	-6.6366121e-11	-6.7112753e-11	-6.7584716e-11	-6.6895864e-11	-6.6562714e-11	-6.6415456e-11	-6.7156211e-11	-6.709501e-11	-6.7876212e-11	-6.9167047e-11	-7.1904392e-11	-7.6006319e-11	-8.0757588e-11	-8.6040376e-11	-8.6662233e-11	-9.0787995e-11	-9.2673376e-11	-9.5076863e-11	-1.0366274e-10
	138.333333333333	-7.7452274e-11	-6.7047486e-11	-6.6928289e-11	-6.623687e-11	-6.6745103e-11	-6.7312086e-11	-6.8390023e-11	-6.7660981e-11	-6.7764135e-11	-6.7773245e-11	-6.7767188e-11	-6.8220658e-11	-6.8168804e-11	-6.7438596e-11	-6.750616e-11	-6.7234919e-11	-6.7698416e-11	-6.7284484e-11	-6.7036446e-11	-6.7047708e-11	-6.6895336e-11	-6.7096481e-11	-6.7460849e-11	-6.7509776e-11	-6.6856694e-11	-6.6452364e-11	-6.6717389e-11	-6.6951902e-11	-6.7242566e-11	-6.745509e-11	-6.6888405e-11	-6.7019237e-11	-6.672661e-11	-6.7053432e-11	-6.744718e-11	-6.7407975e-11	-6.6543653e-11	-6.7043794e-11	-6.7600044e-11	-6.7608898e-11	-6.8218514e-11	-6.9482947e-11	-7.2695051e-11	-7.5750753e-11	-8.0680872e-11	-8.6306524e-11	-8.7477477e-11	-9.0384721e-11	-9.2878594e-11	-9.5267204e-11	-1.0323303e-10
	136.666666666667	-7.9351026e-11	-6.823192e-11	-6.7984715e-11	-6.8625175e-11	-6.845239e-11	-6.7929315e-11	-6.7202383e-11	-6.7567056e-11	-6.7586603e-11	-6.7757203e-11	-6.9533899e-11	-7.0880468e-11	-7.0451887e-11	-7.0831584e-11	-7.0748692e-11	-7.0750503e-11	-7.0672503e-11	-7.0423604e-11	-7.0370237e-11	-7.0460811e-11	-7.0590971e-11	-7.1168009e-11	-7.073845e-11	-7.0089434e-11	-7.0880316e-11	-7.1605027e-11	-7.1429827e-11	-7.1447716e-11	-7.0704401e-11	-7.0511694e-11	-7.0561557e-11	-7.0725266e-11	-7.0339547e-11	-7.0042701e-11	-6.7114182e-11	-6.6739489e-11	-6.7371296e-11	-6.7534513e-11	-6.7511392e-11	-6.7188415e-11	-6.8299824e-11	-6.9438955e-11	-7.2948245e-11	-7.6492257e-11	-8.1019934e-11	-8.6632403e-11	-8.6108953e-11	-9.0509003e-11	-9.3670266e-11	-9.5722069e-11	-1.0436756e-10
	135	-7.834567e-11	-6.7455916e-11	-6.6845696e-11	-6.716299e-11	-6.7230894e-11	-6.6582559e-11	-6.6627787e-11	-6.7168077e-11	-6.7165024e-11	-6.6786458e-11	-6.6495337e-11	-6.5957878e-11	-6.6002884e-11	-6.6978492e-11	-6.712661e-11	-6.6632685e-11	-6.6202557e-11	-6.6305038e-11	-6.7285164e-11	-6.6808038e-11	-6.7075276e-11	-6.6823366e-11	-6.6841928e-11	-6.6488558e-11	-6.6833643e-11	-6.720547e-11	-6.7164198e-11	-6.6641533e-11	-6.6442005e-11	-6.67384e-11	-6.6995437e-11	-6.7564641e-11	-6.7303392e-11	-6.6852322e-11	-6.6715425e-11	-6.7359653e-11	-6.7234884e-11	-6.7672846e-11	-6.7397317e-11	-6.7940993e-11	-6.8821428e-11	-7.0719201e-11	-7.4188461e-11	-7.7214291e-11	-8.0852873e-11	-8.6080636e-11	-8.8893982e-11	-9.1733017e-11	-9.3320504e-11	-9.5634362e-11	-1.0386574e-10
	133.333333333333	-6.6205083e-11	-5.1707749e-11	-5.0633844e-11	-5.0144479e-11	-4.9956175e-11	-5.0376283e-11	-5.0516081e-11	-5.0562589e-11	-5.0907265e-11	-5.0445391e-11	-4.999165e-11	-5.0766863e-11	-5.1120049e-11	-5.0381064e-11	-5.035199e-11	-5.0461281e-11	-5.0290452e-11	-5.0860528e-11	-5.1514397e-11	-5.1224483e-11	-5.0002759e-11	-5.0976712e-11	-6.4289456e-11	-6.6632949e-11	-6.5792205e-11	-6.6004389e-11	-6.6114544e-11	-6.52738e-11	-6.6021334e-11	-6.6304129e-11	-6.5589513e-11	-6.5616214e-11	-6.5832617e-11	-6.5716654e-11	-6.6140003e-11	-6.6533563e-11	-6.6200566e-11	-6.6879065e-11	-6.7229576e-11	-6.7887133e-11	-6.9240336e-11	-7.0699134e-11	-7.5735911e-11	-8.0827414e-11	-8.1957843e-11	-8.6376274e-11	-8.7887905e-11	-8.9979788e-11	-9.2062177e-11	-9.5185818e-11	-1.0329901e-10
	131.666666666667	-8.0154036e-11	-7.2318852e-11	-7.1505753e-11	-7.1964955e-11	-7.2134541e-11	-7.2271404e-11	-7.1784294e-11	-7.1216706e-11	-7.1020793e-11	-7.157791e-11	-7.1959154e-11	-7.1809642e-11	-7.1275492e-11	-7.1663855e-11	-7.1133661e-11	-7.1198214e-11	-7.1687545e-11	-7.1820598e-11	-7.1232409e-11	-7.1194786e-11	-7.1906696e-11	-7.193874e-11	-7.1736957e-11	-7.0691411e-11	-7.1022903e-11	-7.1255536e-11	-7.1307918e-11	-7.1031486e-11	-7.1201642e-11	-7.040063e-11	-6.9847877e-11	-7.0090683e-11	-7.0753889e-11	-7.0269533e-11	-6.892157e-11	-6.8928162e-11	-6.9224931e-11	-6.9236339e-11	-6.9715123e-11	-7.0125593e-11	-7.0529617e-11	-7.3001424e-11	-7.6801114e-11	-7.9600534e-11	-8.1873036e-11	-8.6240654e-11	-8.5774901e-11	-8.9938848e-11	-9.2183712e-11	-9.4903432e-11	-1.0399551e-10
	130	-6.634876e-11	-5.0911254e-11	-5.0489453e-11	-4.9173051e-11	-4.8107733e-11	-4.8437154e-11	-4.7881542e-11	-4.8375654e-11	-4.9002899e-11	-4.9183522e-11	-4.8254123e-11	-4.7607182e-11	-4.8135076e-11	-4.8468979e-11	-4.8381906e-11	-4.7996447e-11	-4.8265947e-11	-4.8330312e-11	-4.8570099e-11	-4.9058448e-11	-4.8885847e-11	-4.8560041e-11	-4.8353661e-11	-6.7096932e-11	-6.8629318e-11	-6.8895167e-11	-6.9118274e-11	-6.8149632e-11	-6.4994919e-11	-6.2281937e-11	-6.1511768e-11	-6.1860059e-11	-6.196909e-11	-6.1895759e-11	-6.2937051e-11	-6.6168286e-11	-6.6939322e-11	-6.6766759e-11	-6.7697591e-11	-6.8664532e-11	-7.1228835e-11	-7.4433598e-11	-7.8807995e-11	-8.0480934e-11	-8.332577e-11	-8.7818725e-11	-8.9735629e-11	-9.2284604e-11	-9.3339489e-11	-9.5636617e-11	-1.0280336e-10
	128.333333333333	-8.1383365e-11	-6.7602382e-11	-6.3828449e-11	-6.3565611e-11	-6.2560179e-11	-6.3275357e-11	-6.3588849e-11	-6.3022129e-11	-6.2869113e-11	-6.2605449e-11	-6.292579e-11	-6.2831976e-11	-6.3695389e-11	-6.3375687e-11	-6.3073421e-11	-6.2684045e-11	-6.2994332e-11	-6.3102606e-11	-6.2965598e-11	-6.2962698e-11	-6.2615052e-11	-6.2391717e-11	-6.3382313e-11	-6.3205156e-11	-6.2932534e-11	-6.3177442e-11	-6.3638601e-11	-6.3624855e-11	-6.3861361e-11	-6.4709411e-11	-6.4215529e-11	-6.5023806e-11	-6.5524246e-11	-6.5537582e-11	-6.6751167e-11	-6.7065825e-11	-6.7348509e-11	-6.8132042e-11	-6.9183125e-11	-7.0284861e-11	-7.1317188e-11	-7.2670682e-11	-7.532145e-11	-7.8326311e-11	-8.359282e-11	-8.7756587e-11	-8.9845562e-11	-9.1050223e-11	-9.3429237e-11	-9.6056912e-11	-1.0353721e-10
	126.666666666667	-6.6298481e-11	-5.1952019e-11	-5.1140085e-11	-5.1506036e-11	-5.1861442e-11	-5.1767139e-11	-5.1523247e-11	-5.1904415e-11	-5.1539707e-11	-5.2069633e-11	-5.199495e-11	-5.2016717e-11	-5.1846152e-11	-5.2051554e-11	-5.219444e-11	-5.2676804e-11	-5.193089e-11	-5.1266401e-11	-5.1522418e-11	-5.1830221e-11	-5.159307e-11	-5.1455798e-11	-6.0479934e-11	-6.2953059e-11	-6.2830505e-11	-6.3356327e-11	-6.3967644e-11	-6.4264108e-11	-6.3610013e-11	-6.3464151e-11	-6.4673898e-11	-6.5300466e-11	-6.601094e-11	-6.6142342e-11	-6.6095074e-11	-6.6828973e-11	-6.7933305e-11	-6.8251356e-11	-6.8813295e-11	-6.9922824e-11	-7.0478817e-11	-7.2377153e-11	-7.555661e-11	-7.9685911e-11	-8.3601522e-11	-8.761479e-11	-8.7712254e-11	-9.0798084e-11	-9.2572595e-11	-9.6244318e-11	-1.037326e-10
	125	-6.4471622e-11	-5.1921363e-11	-5.1268923e-11	-5.1612992e-11	-5.1361793e-11	-5.0821094e-11	-5.1333247e-11	-5.1709557e-11	-5.1660634e-11	-5.1770154e-11	-5.1277056e-11	-5.0809006e-11	-5.1400849e-11	-5.2146912e-11	-5.2004328e-11	-5.1328428e-11	-5.1478016e-11	-5.154362e-11	-5.2039692e-11	-5.189801e-11	-5.1715431e-11	-5.1169988e-11	-5.0874537e-11	-5.1171154e-11	-6.4067973e-11	-6.4876139e-11	-6.4309828e-11	-6.4171501e-11	-6.4652207e-11	-6.5178328e-11	-6.5013002e-11	-6.5754395e-11	-6.6144298e-11	-6.607824e-11	-6.6874395e-11	-6.7764697e-11	-6.8203075e-11	-6.7971573e-11	-6.8774243e-11	-6.977828e-11	-7.0897455e-11	-7.2376098e-11	-7.6021571e-11	-7.9176693e-11	-8.3230332e-11	-8.7255467e-11	-8.9678653e-11	-9.1434818e-11	-9.269157e-11	-9.5181828e-11	-1.0293129e-10
	123.333333333333	-6.7482395e-11	-5.1735279e-11	-5.1595443e-11	-5.0993057e-11	-5.1544713e-11	-5.1065291e-11	-5.1135339e-11	-5.1736407e-11	-5.1539367e-11	-5.1012902e-11	-5.0959612e-11	-5.21529e-11	-5.2040334e-11	-5.1653289e-11	-5.150208e-11	-5.1137559e-11	-5.1136581e-11	-5.1259358e-11	-5.1676791e-11	-5.1420809e-11	-5.112483e-11	-5.0575318e-11	-5.0453523e-11	-6.4469062e-11	-6.6345519e-11	-6.6683339e-11	-6.6172318e-11	-6.6327069e-11	-6.5809531e-11	-6.6602897e-11	-6.6819071e-11	-6.6618148e-11	-6.6561277e-11	-6.7223928e-11	-6.7816974e-11	-6.7710955e-11	-6.8253014e-11	-6.8147973e-11	-6.8579947e-11	-6.9721756e-11	-7.0759766e-11	-7.2064306e-11	-7.5393275e-11	-7.9232322e-11	-8.3485191e-11	-8.756474e-11	-8.8901594e-11	-9.0691052e-11	-9.153428e-11	-9.4054403e-11	-1.0272645e-10
	121.666666666667	-6.6479669e-11	-5.1266474e-11	-5.0229893e-11	-4.9805757e-11	-5.0415224e-11	-5.0680807e-11	-5.0761177e-11	-5.0412435e-11	-5.0459966e-11	-4.9939265e-11	-5.0478795e-11	-5.113775e-11	-5.0647063e-11	-5.0406034e-11	-5.0296704e-11	-5.0153819e-11	-5.0371686e-11	-5.0933289e-11	-5.0167075e-11	-4.991697e-11	-5.0194491e-11	-5.046618e-11	-4.9878442e-11	-5.6554303e-11	-6.7416975e-11	-6.8440226e-11	-6.7962684e-11	-6.9571036e-11	-6.8872047e-11	-6.8065574e-11	-6.7873089e-11	-6.863847e-11	-6.8640656e-11	-6.8752018e-11	-6.8372134e-11	-6.8017557e-11	-6.8673234e-11	-6.9076092e-11	-6.9159511e-11	-7.1161944e-11	-7.2830519e-11	-7.420857e-11	-7.7531967e-11	-8.0176893e-11	-8.2332689e-11	-8.6633763e-11	-8.8018745e-11	-9.0932727e-11	-9.2292736e-11	-9.455417e-11	-1.0281706e-10
	120	-6.5808622e-11	-5.0540447e-11	-5.0544024e-11	-5.0088062e-11	-5.0183271e-11	-5.0039556e-11	-4.9744708e-11	-5.0347622e-11	-5.0684689e-11	-5.0803282e-11	-5.0402078e-11	-4.9867933e-11	-4.9622008e-11	-4.9872717e-11	-4.9992628e-11	-5.0420609e-11	-5.0205038e-11	-4.9917234e-11	-5.0212758e-11	-5.0250495e-11	-5.0406599e-11	-5.0143764e-11	-6.3836547e-11	-7.0535383e-11	-7.0388841e-11	-7.08648e-11	-7.0115275e-11	-6.9016098e-11	-6.9500718e-11	-6.9942746e-11	-6.9677236e-11	-6.9801255e-11	-7.0001872e-11	-7.0006244e-11	-7.0140088e-11	-7.105902e-11	-7.1224464e-11	-7.0895234e-11	-7.1264494e-11	-7.169737e-11	-7.2991405e-11	-7.5277312e-11	-7.8427202e-11	-7.994852e-11	-8.2526111e-11	-8.7043664e-11	-8.8697882e-11	-9.2121005e-11	-9.2810877e-11	-9.4324999e-11	-1.0234558e-10
	118.333333333333	-6.3077786e-11	-5.055182e-11	-4.9278803e-11	-4.9576211e-11	-4.9353674e-11	-4.9618015e-11	-4.9070348e-11	-4.92257e-11	-4.9612141e-11	-4.9516558e-11	-4.8853761e-11	-4.939751e-11	-4.9733672e-11	-4.934712e-11	-4.9307312e-11	-4.9114223e-11	-4.9909663e-11	-4.9587848e-11	-4.9404703e-11	-5.0217993e-11	-5.0166923e-11	-4.9622497e-11	-4.9026287e-11	-4.96733e-11	-6.8141874e-11	-7.2344838e-11	-7.1722982e-11	-7.148749e-11	-7.1692138e-11	-7.132675e-11	-7.0754527e-11	-7.0562986e-11	-7.0852789e-11	-7.1405312e-11	-7.1307245e-11	-7.1499466e-11	-7.0581291e-11	-7.0457987e-11	-7.2064944e-11	-7.268669e-11	-7.396099e-11	-7.5597882e-11	-7.7925562e-11	-8.2032943e-11	-8.3627286e-11	-8.7706606e-11	-8.9286377e-11	-9.2702186e-11	-9.3370672e-11	-9.4694225e-11	-1.0352223e-10
	116.666666666667	-6.6667671e-11	-5.1018967e-11	-4.9988787e-11	-4.9247093e-11	-4.9511999e-11	-4.9614212e-11	-5.018903e-11	-4.9939188e-11	-4.9510344e-11	-4.9749187e-11	-4.9910076e-11	-5.0081359e-11	-4.9926986e-11	-4.9902318e-11	-4.9903373e-11	-4.9553917e-11	-4.9795699e-11	-5.057969e-11	-4.9826244e-11	-4.9122508e-11	-4.914778e-11	-4.9735518e-11	-6.5487754e-11	-7.2613367e-11	-7.3287307e-11	-7.2490285e-11	-7.3980759e-11	-7.425173e-11	-7.468378e-11	-7.4730555e-11	-7.3435577e-11	-7.2508104e-11	-7.4048663e-11	-7.3193986e-11	-7.3823565e-11	-7.329725e-11	-7.3191758e-11	-7.2637243e-11	-7.2806074e-11	-7.3314875e-11	-7.4332283e-11	-7.5650569e-11	-7.8843092e-11	-8.1197812e-11	-8.3427376e-11	-8.7949106e-11	-8.9267017e-11	-9.2448806e-11	-9.3570159e-11	-9.5591347e-11	-1.0290997e-10
	115	-6.570984e-11	-4.9368211e-11	-4.9060971e-11	-4.8727068e-11	-4.9314355e-11	-4.919222e-11	-4.9057619e-11	-4.8845514e-11	-4.8840994e-11	-4.8961848e-11	-4.9716915e-11	-4.9281815e-11	-4.8772753e-11	-4.8451392e-11	-4.9065415e-11	-4.9445226e-11	-4.9557532e-11	-4.9481041e-11	-4.8687072e-11	-4.9600313e-11	-6.0862343e-11	-7.3328545e-11	-5.05972e-11	-7.4541907e-11	-7.5066717e-11	-7.491735e-11	-7.5420725e-11	-7.5856876e-11	-7.5375838e-11	-7.5008375e-11	-7.4959872e-11	-7.4801769e-11	-7.4517052e-11	-7.5023855e-11	-7.4340534e-11	-7.3365827e-11	-7.2953518e-11	-7.3348959e-11	-7.3769747e-11	-7.3700372e-11	-7.3991757e-11	-7.5240633e-11	-7.8415344e-11	-8.0414612e-11	-8.3773405e-11	-8.7249326e-11	-8.8775841e-11	-9.2970784e-11	-9.402356e-11	-9.5575534e-11	-1.0276487e-10
	113.333333333333	-6.4165513e-11	-4.906598e-11	-4.9414986e-11	-4.9664186e-11	-4.9333451e-11	-4.8507618e-11	-4.808156e-11	-4.8369555e-11	-4.8870481e-11	-4.8565919e-11	-4.8329445e-11	-4.8697466e-11	-4.8633784e-11	-4.8538878e-11	-4.9060256e-11	-4.897838e-11	-4.8937406e-11	-4.9165404e-11	-4.8782017e-11	-4.9028243e-11	-4.9679854e-11	-4.9404703e-11	-6.4051327e-11	-7.4555015e-11	-7.5211448e-11	-7.5227824e-11	-7.5399714e-11	-7.584558e-11	-7.5360544e-11	-7.4379058e-11	-7.5087242e-11	-7.5006945e-11	-7.4685431e-11	-7.4644797e-11	-7.4297866e-11	-7.3644486e-11	-7.4087035e-11	-7.4012844e-11	-7.4264046e-11	-7.4134192e-11	-7.425896e-11	-7.4870499e-11	-6.7770047e-11	-6.78851e-11	-6.9533899e-11	-7.5988695e-11	-8.5415543e-11	-9.2067562e-11	-9.4014331e-11	-9.6150088e-11	-1.0403611e-10
	111.666666666667	-6.5770174e-11	-4.9242083e-11	-4.9189132e-11	-4.9432194e-11	-4.9185517e-11	-4.8428005e-11	-4.8856058e-11	-4.8836588e-11	-4.9387907e-11	-4.9383875e-11	-4.9240615e-11	-4.8682555e-11	-4.9548907e-11	-4.902866e-11	-4.8619095e-11	-4.9470233e-11	-4.9194478e-11	-4.8396558e-11	-4.895134e-11	-4.9109779e-11	-4.9335067e-11	-4.9380375e-11	-6.868453e-11	-7.5324656e-11	-7.6283126e-11	-7.6170258e-11	-7.6159481e-11	-7.6118285e-11	-7.6117647e-11	-7.6100397e-11	-7.5723372e-11	-7.5960217e-11	-7.5958677e-11	-7.5173597e-11	-7.4433029e-11	-7.4196177e-11	-7.4116151e-11	-7.4342754e-11	-7.3892822e-11	-7.3873761e-11	-7.4601034e-11	-7.6416595e-11	-8.0328633e-11	-8.4140417e-11	-8.4434772e-11	-8.8452259e-11	-8.9748174e-11	-9.2190075e-11	-9.4084983e-11	-9.6508322e-11	-1.0322395e-10
	110	-6.0872585e-11	-4.9180396e-11	-4.8303722e-11	-4.8263386e-11	-4.8339499e-11	-4.8324924e-11	-4.7893859e-11	-4.8221132e-11	-4.8397498e-11	-4.8915563e-11	-4.8719424e-11	-4.8172286e-11	-4.8618755e-11	-4.8496849e-11	-4.8842125e-11	-4.8769325e-11	-4.8572923e-11	-4.7943833e-11	-4.8417419e-11	-4.8266474e-11	-4.8272501e-11	-4.8013017e-11	-5.1952508e-11	-6.9328307e-11	-6.9042272e-11	-6.9156687e-11	-6.9143621e-11	-6.857663e-11	-6.9027964e-11	-6.9041182e-11	-6.9133831e-11	-6.8847414e-11	-6.8891025e-11	-7.3534963e-11	-7.3994845e-11	-7.4359137e-11	-7.4425008e-11	-7.351704e-11	-7.3527698e-11	-7.3653486e-11	-7.4488089e-11	-7.6203169e-11	-7.9853804e-11	-8.0884958e-11	-8.4131146e-11	-8.785548e-11	-8.9219451e-11	-9.2418302e-11	-9.4254798e-11	-9.645202e-11	-1.0409607e-10
	108.333333333333	-6.6349849e-11	-4.9588566e-11	-4.8520046e-11	-4.8216046e-11	-4.8179856e-11	-4.8260413e-11	-4.8532511e-11	-4.9041049e-11	-4.9117311e-11	-4.85707e-11	-4.8393206e-11	-4.7854314e-11	-4.8878391e-11	-4.9197455e-11	-4.8670429e-11	-4.8670502e-11	-4.8535939e-11	-4.8345713e-11	-4.9164579e-11	-4.8627005e-11	-4.8886901e-11	-4.8380813e-11	-4.8770946e-11	-6.37062e-11	-6.7138017e-11	-6.6866561e-11	-6.6809579e-11	-6.7222228e-11	-6.6784835e-11	-6.6894316e-11	-6.7630887e-11	-6.7806469e-11	-6.7359507e-11	-6.7508679e-11	-6.7910864e-11	-6.8798453e-11	-6.9572764e-11	-6.9709134e-11	-6.9951447e-11	-7.0778931e-11	-7.2628355e-11	-7.446406e-11	-7.716304e-11	-8.0282683e-11	-8.4850398e-11	-8.8177257e-11	-8.9046548e-11	-9.1945958e-11	-9.340434e-11	-9.5560955e-11	-1.0324271e-10
	106.666666666667	-6.5821015e-11	-4.9022182e-11	-4.8169007e-11	-4.7544402e-11	-4.7238595e-11	-4.8039833e-11	-4.8064275e-11	-4.8305908e-11	-4.8218759e-11	-4.782701e-11	-4.7864105e-11	-4.854735e-11	-4.8145883e-11	-4.8150556e-11	-4.8393168e-11	-4.8122534e-11	-4.774231e-11	-4.8120424e-11	-4.7396656e-11	-6.8874642e-11	-7.3510031e-11	-7.4245214e-11	-7.3387338e-11	-7.4395635e-11	-7.4026854e-11	-7.1903115e-11	-6.5032243e-11	-6.4905664e-11	-6.5404411e-11	-6.5708633e-11	-6.5609511e-11	-6.6346352e-11	-6.7042892e-11	-6.7358334e-11	-6.8286189e-11	-6.8412505e-11	-6.8830358e-11	-6.9540304e-11	-7.0784247e-11	-7.185065e-11	-7.2821742e-11	-7.4582847e-11	-7.7358613e-11	-8.068389e-11	-8.4219125e-11	-8.8984181e-11	-9.0047053e-11	-9.1474439e-11	-9.2531281e-11	-9.5631759e-11	-1.0378446e-10
	105	-6.1158287e-11	-4.9005838e-11	-4.7357e-11	-4.79621e-11	-4.8078357e-11	-4.8190816e-11	-4.8581472e-11	-4.8506563e-11	-4.8314793e-11	-4.7387733e-11	-4.801215e-11	-4.883512e-11	-4.846476e-11	-4.8514776e-11	-4.8205617e-11	-4.858761e-11	-4.8596762e-11	-4.8812898e-11	-4.81582e-11	-4.7864518e-11	-4.8582902e-11	-4.8314342e-11	-4.7764754e-11	-6.3511869e-11	-6.4132789e-11	-6.3501739e-11	-6.4439086e-11	-6.4544085e-11	-6.5012246e-11	-6.441099e-11	-6.4867889e-11	-6.566378e-11	-6.5943681e-11	-6.6902602e-11	-6.7491165e-11	-6.7575827e-11	-6.8045611e-11	-6.8982278e-11	-7.0406056e-11	-7.0763229e-11	-7.1516411e-11	-7.3194846e-11	-7.6395015e-11	-7.9289943e-11	-8.3176029e-11	-8.7659532e-11	-8.8369742e-11	-9.1414938e-11	-9.2900736e-11	-9.6243749e-11	-1.0404628e-10
	103.333333333333	-6.4602983e-11	-4.7624356e-11	-4.7172686e-11	-4.764085e-11	-4.7620324e-11	-4.7950425e-11	-4.7775828e-11	-4.7967109e-11	-4.7987971e-11	-4.7709846e-11	-4.8118919e-11	-4.7758505e-11	-4.8215858e-11	-4.7964133e-11	-4.754026e-11	-4.7756958e-11	-4.8309485e-11	-4.8413919e-11	-4.7849908e-11	-4.8328466e-11	-4.8449585e-11	-5.445493e-11	-6.5847112e-11	-6.5135057e-11	-6.5644948e-11	-6.5485083e-11	-6.5895324e-11	-6.5765317e-11	-6.5316169e-11	-6.559072e-11	-6.6235246e-11	-6.6867352e-11	-6.7373065e-11	-6.716834e-11	-6.7615337e-11	-6.8825612e-11	-6.9305145e-11	-6.9438053e-11	-7.0575941e-11	-7.1340156e-11	-7.2214006e-11	-7.3674046e-11	-7.6967953e-11	-8.0527064e-11	-8.5050793e-11	-8.7988762e-11	-8.9607738e-11	-9.1531456e-11	-9.3185189e-11	-9.5884314e-11	-1.0331611e-10
	101.666666666667	-6.2872499e-11	-4.7332256e-11	-4.7980252e-11	-4.7958183e-11	-4.7955622e-11	-4.760933e-11	-4.7484145e-11	-4.7558034e-11	-4.7520449e-11	-4.7658363e-11	-4.7184551e-11	-4.695783e-11	-4.7406825e-11	-4.7673577e-11	-4.7711994e-11	-4.7739524e-11	-4.6837766e-11	-4.7167527e-11	-4.7315159e-11	-4.7604171e-11	-4.7683635e-11	-4.7565264e-11	-4.6687314e-11	-6.0305379e-11	-6.5938255e-11	-6.6817038e-11	-6.622064e-11	-6.576012e-11	-6.6694823e-11	-6.7272354e-11	-6.7151652e-11	-6.704131e-11	-6.7817876e-11	-6.7590405e-11	-6.8409757e-11	-6.9443139e-11	-6.9698136e-11	-7.0471698e-11	-7.0801906e-11	-7.0996424e-11	-7.16898e-11	-7.3732381e-11	-7.6651789e-11	-8.0162509e-11	-8.3212374e-11	-8.7505947e-11	-8.9278543e-11	-9.1481406e-11	-9.2503942e-11	-9.5475433e-11	-1.0342616e-10
	100	-6.3662964e-11	-4.7444524e-11	-4.7265671e-11	-4.7433526e-11	-4.694254e-11	-4.6690627e-11	-4.6650968e-11	-4.7070813e-11	-4.6811142e-11	-4.6877047e-11	-4.6586117e-11	-4.7002385e-11	-4.6684375e-11	-4.6992028e-11	-4.7618218e-11	-4.6827035e-11	-4.6468992e-11	-4.688025e-11	-4.6976211e-11	-4.6955686e-11	-4.7312786e-11	-4.6156631e-11	-4.9559603e-11	-6.7200349e-11	-6.8103759e-11	-6.8428173e-11	-6.8559762e-11	-6.750981e-11	-6.7716756e-11	-6.8003207e-11	-6.8025426e-11	-6.8042599e-11	-6.811024e-11	-6.8838185e-11	-6.9150435e-11	-6.9225306e-11	-6.9766685e-11	-7.0019539e-11	-7.0070269e-11	-7.028482e-11	-7.1910235e-11	-7.3529204e-11	-7.5769807e-11	-7.9065483e-11	-8.3590974e-11	-8.763535e-11	-8.9133471e-11	-9.20801e-11	-9.3094504e-11	-9.516405e-11	-1.0385601e-10
	98.3333333333333	-6.4092752e-11	-4.7443809e-11	-4.6684524e-11	-4.658416e-11	-4.6238919e-11	-4.6768922e-11	-4.6729041e-11	-4.7342876e-11	-4.6876145e-11	-4.6168458e-11	-4.640335e-11	-4.7530129e-11	-4.705383e-11	-4.7478833e-11	-4.7230272e-11	-4.7201233e-11	-4.6943255e-11	-4.7579767e-11	-4.6850308e-11	-4.7047578e-11	-4.6899457e-11	-4.747985e-11	-6.7796976e-11	-7.0392685e-11	-7.0848834e-11	-6.9384914e-11	-7.0367642e-11	-7.0324364e-11	-7.0577259e-11	-7.1191324e-11	-7.0444241e-11	-7.069887e-11	-7.1169556e-11	-7.1521004e-11	-7.0927132e-11	-7.1142515e-11	-7.0827143e-11	-7.0471885e-11	-7.0923024e-11	-7.1383996e-11	-7.2306841e-11	-7.2996678e-11	-7.5540754e-11	-7.9627908e-11	-8.3932e-11	-8.7583718e-11	-8.8918012e-11	-9.1674383e-11	-9.2662759e-11	-9.5076974e-11	-1.0362945e-10
	96.6666666666667	-6.2340313e-11	-4.672113e-11	-4.5698861e-11	-4.6650479e-11	-4.6490985e-11	-4.6197081e-11	-4.6498291e-11	-4.6169662e-11	-4.5741268e-11	-4.6396307e-11	-4.6605702e-11	-4.6753858e-11	-4.6684413e-11	-4.6175914e-11	-4.6462438e-11	-4.6565328e-11	-4.6798374e-11	-4.6722338e-11	-4.6214328e-11	-4.6357477e-11	-4.6471892e-11	-4.6405685e-11	-4.6475584e-11	-6.9639766e-11	-7.2024456e-11	-7.2547718e-11	-7.2135034e-11	-7.2254307e-11	-7.2387887e-11	-7.2328345e-11	-7.1881612e-11	-7.211428e-11	-7.2534465e-11	-7.3077537e-11	-7.2474318e-11	-7.2107161e-11	-7.1613465e-11	-7.2514127e-11	-7.3026883e-11	-7.3730501e-11	-7.4278209e-11	-7.6218615e-11	-7.897144e-11	-8.0107677e-11	-8.4265074e-11	-8.7929219e-11	-8.7807241e-11	-9.2014951e-11	-9.2888759e-11	-9.4741305e-11	-1.0212824e-10
	95	-6.375904e-11	-4.6228979e-11	-4.5668958e-11	-4.6091627e-11	-4.5769326e-11	-4.6062064e-11	-4.5660035e-11	-4.6273117e-11	-4.6393896e-11	-4.6149251e-11	-4.6235869e-11	-4.644082e-11	-4.6012239e-11	-4.6826584e-11	-4.6025156e-11	-4.6121117e-11	-4.6117239e-11	-4.6171695e-11	-4.6070991e-11	-4.5569798e-11	-4.5868677e-11	-4.6390281e-11	-6.9976906e-11	-7.4379891e-11	-7.4564882e-11	-7.5067466e-11	-7.4921604e-11	-7.472746e-11	-7.4647732e-11	-7.441793e-11	-7.4560774e-11	-7.5041327e-11	-7.4621184e-11	-7.4352399e-11	-7.3669418e-11	-7.299969e-11	-7.423339e-11	-7.4500781e-11	-7.431835e-11	-7.4267321e-11	-7.5391617e-11	-7.7027155e-11	-7.9983055e-11	-8.3511136e-11	-8.4469834e-11	-8.7665708e-11	-8.9789898e-11	-9.3689695e-11	-9.4107354e-11	-9.5533463e-11	-1.0255524e-10
	93.3333333333333	-6.1479342e-11	-4.7337904e-11	-4.6293226e-11	-4.6440445e-11	-4.6549133e-11	-4.5865211e-11	-4.6232743e-11	-4.5836137e-11	-4.6384105e-11	-4.6342149e-11	-4.6191693e-11	-4.6115656e-11	-4.6582727e-11	-4.659783e-11	-4.7075937e-11	-4.7124971e-11	-4.6304113e-11	-4.599857e-11	-4.6641628e-11	-4.6649615e-11	-4.6108801e-11	-6.9934308e-11	-7.6502991e-11	-7.6495872e-11	-7.6598838e-11	-7.70548e-11	-7.6571083e-11	-7.6452789e-11	-7.616683e-11	-7.595917e-11	-7.6262337e-11	-7.6414673e-11	-7.6244414e-11	-7.529298e-11	-7.5381257e-11	-7.5661456e-11	-7.533426e-11	-7.5090476e-11	-7.5202441e-11	-7.4955542e-11	-7.5650722e-11	-7.7370436e-11	-7.8562705e-11	-8.2388499e-11	-8.5174284e-11	-8.7559432e-11	-8.8449172e-11	-9.3076311e-11	-9.4218078e-11	-9.6556867e-11	-1.0274705e-10
	91.6666666666667	-6.4347042e-11	-4.6818108e-11	-4.6365387e-11	-4.5868524e-11	-4.6375518e-11	-4.6285132e-11	-4.6163712e-11	-4.6408696e-11	-4.6705615e-11	-4.6636695e-11	-4.6608224e-11	-4.6110008e-11	-4.5729632e-11	-4.6227546e-11	-4.7039969e-11	-4.617708e-11	-4.7010257e-11	-4.6419167e-11	-4.5953338e-11	-4.6100703e-11	-4.6434759e-11	-4.7015527e-11	-6.6536915e-11	-7.6570403e-11	-7.8048221e-11	-7.9003491e-11	-7.9653784e-11	-7.9232169e-11	-7.8250836e-11	-7.7734014e-11	-7.8387359e-11	-7.8632607e-11	-7.7618474e-11	-7.7298994e-11	-7.696023e-11	-7.6375017e-11	-7.6486796e-11	-7.6491355e-11	-7.6244261e-11	-7.6454974e-11	-7.6203245e-11	-7.7554407e-11	-8.1025853e-11	-8.3646e-11	-8.4844715e-11	-8.7836613e-11	-9.0008598e-11	-9.4265498e-11	-9.5385082e-11	-9.7237211e-11	-1.0415177e-10
	90	-5.7110709e-11	-4.6688743e-11	-4.6283963e-11	-4.6481079e-11	-4.7044677e-11	-4.5928969e-11	-4.6158213e-11	-4.7014549e-11	-4.6739623e-11	-4.683099e-11	-4.6521339e-11	-4.6220278e-11	-4.6055926e-11	-4.6493885e-11	-4.6269991e-11	-4.6737929e-11	-4.6581034e-11	-4.595797e-11	-4.5736335e-11	-4.635891e-11	-4.6341847e-11	-4.6273041e-11	-6.5270449e-11	-7.8114355e-11	-7.9316678e-11	-7.9381154e-11	-7.9522534e-11	-7.9011062e-11	-7.8466934e-11	-7.8285031e-11	-7.8279383e-11	-7.8451419e-11	-7.8615094e-11	-7.7986423e-11	-7.7669614e-11	-7.7207629e-11	-7.692276e-11	-7.6628551e-11	-7.6212245e-11	-7.5769356e-11	-7.673235e-11	-7.7614519e-11	-7.8635466e-11	-8.1493375e-11	-8.4564022e-11	-8.8070717e-11	-8.880785e-11	-9.3602549e-11	-9.539864e-11	-9.7405181e-11	-1.0369634e-10
	88.3333333333333	-6.3663567e-11	-4.6582314e-11	-4.6666487e-11	-4.6537798e-11	-4.5853009e-11	-4.6237302e-11	-4.6220239e-11	-4.6379321e-11	-4.7268685e-11	-4.6914295e-11	-4.6060409e-11	-4.6818372e-11	-4.6611839e-11	-4.6661966e-11	-4.6116673e-11	-4.6190978e-11	-4.620352e-11	-4.6064513e-11	-4.6225326e-11	-4.665383e-11	-4.6365838e-11	-4.5711327e-11	-7.0770688e-11	-7.9833619e-11	-8.0169101e-11	-8.0111591e-11	-7.9170968e-11	-7.9198877e-11	-7.8893406e-11	-7.8741035e-11	-7.9484613e-11	-7.9289901e-11	-7.8418841e-11	-7.806069e-11	-7.8093226e-11	-7.7843912e-11	-7.7355747e-11	-7.6184871e-11	-7.6116891e-11	-7.6151876e-11	-7.6395015e-11	-7.8007434e-11	-8.1314525e-11	-8.5159144e-11	-8.5089581e-11	-8.839663e-11	-8.9581183e-11	-9.3187826e-11	-9.4825703e-11	-9.7271066e-11	-1.0350818e-10
	86.6666666666667	-6.3423627e-11	-4.6082325e-11	-4.5199778e-11	-4.5397762e-11	-4.5686621e-11	-4.5747784e-11	-4.613249e-11	-4.5721271e-11	-4.5652239e-11	-4.5380966e-11	-4.5427814e-11	-4.5395052e-11	-4.581192e-11	-4.599017e-11	-4.6060256e-11	-4.5899631e-11	-4.6134374e-11	-4.6474866e-11	-4.5959927e-11	-4.4966468e-11	-4.5654987e-11	-4.5208781e-11	-7.6898619e-11	-7.9062659e-11	-7.8762427e-11	-7.8795415e-11	-7.9047102e-11	-7.956321e-11	-7.912096e-11	-7.8731167e-11	-7.783299e-11	-7.7839318e-11	-7.7513058e-11	-7.7512496e-11	-7.7223561e-11	-7.6950363e-11	-7.6129054e-11	-7.5698586e-11	-7.588697e-11	-7.5526703e-11	-7.5938339e-11	-7.726212e-11	-8.0956401e-11	-8.4851341e-11	-8.4843993e-11	-8.7903088e-11	-8.8743755e-11	-9.2454343e-11	-9.4690346e-11	-9.6605071e-11	-1.0366131e-10
	85	-6.3479479e-11	-4.676241e-11	-4.5475984e-11	-4.5425254e-11	-4.5913152e-11	-4.6038978e-11	-4.5788758e-11	-4.521699e-11	-4.5854025e-11	-4.5594691e-11	-4.5832296e-11	-4.6002674e-11	-4.630769e-11	-4.5326094e-11	-4.5640488e-11	-4.681875e-11	-4.6183748e-11	-4.4809913e-11	-4.4453864e-11	-4.5405447e-11	-4.5684852e-11	-7.6459339e-11	-7.8896764e-11	-7.8475899e-11	-7.8278821e-11	-7.8630047e-11	-7.8475559e-11	-7.8289819e-11	-7.8254903e-11	-7.7373073e-11	-7.69141e-11	-7.7052954e-11	-7.6901256e-11	-7.6440701e-11	-7.6275368e-11	-7.5741219e-11	-7.5025548e-11	-7.4989244e-11	-7.4826471e-11	-7.43791e-11	-7.3476628e-11	-7.6025942e-11	-7.8519739e-11	-8.2238306e-11	-8.5831807e-11	-8.773824e-11	-8.8502275e-11	-9.2228787e-11	-9.5176741e-11	-9.779734e-11	-1.0418024e-10
	83.3333333333333	-6.2752019e-11	-4.6278918e-11	-4.5404052e-11	-4.5582413e-11	-4.5602112e-11	-4.5385522e-11	-4.511316e-11	-4.5799191e-11	-4.6513279e-11	-4.5696603e-11	-4.5539707e-11	-4.5455646e-11	-4.5369819e-11	-4.5550817e-11	-4.6494451e-11	-4.5777573e-11	-4.5241279e-11	-4.5226742e-11	-4.5467321e-11	-4.6124507e-11	-4.5094366e-11	-6.3290949e-11	-7.5922109e-11	-7.6756677e-11	-7.6531836e-11	-7.6396223e-11	-7.6516737e-11	-7.6357282e-11	-7.5465245e-11	-7.522892e-11	-7.5264017e-11	-7.5087957e-11	-7.4370628e-11	-7.4031753e-11	-7.3230061e-11	-7.3354114e-11	-7.3697021e-11	-7.38654e-11	-7.3313293e-11	-7.3711599e-11	-7.4471027e-11	-7.7123835e-11	-8.1026491e-11	-8.556178e-11	-8.594829e-11	-8.7605451e-11	-8.8537976e-11	-9.267255e-11	-9.4793236e-11	-9.6673614e-11	-1.0389489e-10
	81.6666666666667	-6.3166666e-11	-4.5961245e-11	-4.501155e-11	-4.5101711e-11	-4.4628613e-11	-4.4631888e-11	-4.4664012e-11	-4.4846859e-11	-4.505132e-11	-4.5562942e-11	-4.5224109e-11	-4.4271774e-11	-4.4807803e-11	-4.4609441e-11	-4.5247233e-11	-4.5003338e-11	-4.4303072e-11	-4.4201913e-11	-4.4618292e-11	-4.5040662e-11	-4.4815446e-11	-6.4741164e-11	-7.3519899e-11	-7.4024745e-11	-7.370745e-11	-7.4100108e-11	-7.3997107e-11	-7.3472638e-11	-6.4547208e-11	-6.5180701e-11	-6.5814014e-11	-6.5976516e-11	-6.6805061e-11	-6.6898986e-11	-6.7623393e-11	-6.8218139e-11	-6.9299233e-11	-7.0053581e-11	-7.0668742e-11	-7.1851858e-11	-7.3513501e-11	-7.7323099e-11	-8.2274389e-11	-8.5627984e-11	-8.5716712e-11	-8.758809e-11	-8.7741328e-11	-9.1767483e-11	-9.4074179e-11	-9.6458078e-11	-1.0343289e-10
	80	-6.3670916e-11	-4.6257526e-11	-4.5838285e-11	-4.5681802e-11	-4.4934795e-11	-4.5734715e-11	-4.5685945e-11	-4.5593224e-11	-4.5459941e-11	-4.5835648e-11	-4.5279506e-11	-4.5186861e-11	-4.5434895e-11	-4.5548367e-11	-4.5554168e-11	-4.4608539e-11	-4.4777258e-11	-4.4917885e-11	-4.5091052e-11	-4.4988839e-11	-4.5083669e-11	-5.0614637e-11	-6.2741819e-11	-6.4208562e-11	-6.405558e-11	-6.4527848e-11	-6.4516059e-11	-6.4055282e-11	-6.452288e-11	-6.538272e-11	-6.5834609e-11	-6.6498501e-11	-6.6710873e-11	-6.7306216e-11	-6.7572517e-11	-6.840889e-11	-6.9745251e-11	-7.0414077e-11	-7.1091334e-11	-7.1844135e-11	-7.3489846e-11	-7.5538152e-11	-7.857423e-11	-8.1105241e-11	-8.4206059e-11	-8.7624318e-11	-8.9197191e-11	-9.1526828e-11	-9.3320955e-11	-9.5731298e-11	-1.0286839e-10
	78.3333333333333	-6.2334402e-11	-4.5674346e-11	-4.517545e-11	-4.4615544e-11	-4.464842e-11	-4.4722916e-11	-4.4624696e-11	-4.526644e-11	-4.495438e-11	-4.4529224e-11	-4.428341e-11	-4.5199514e-11	-4.4928092e-11	-4.4522747e-11	-4.4884405e-11	-4.4476613e-11	-4.448196e-11	-4.5030191e-11	-4.4909902e-11	-4.4445919e-11	-4.463558e-11	-4.4831531e-11	-5.9362869e-11	-6.4809401e-11	-6.5541267e-11	-6.6049728e-11	-6.5120069e-11	-6.5193129e-11	-6.5594676e-11	-6.6032145e-11	-6.7231158e-11	-6.7033025e-11	-6.7217225e-11	-6.7592175e-11	-6.8957499e-11	-6.9948207e-11	-7.029119e-11	-7.0509661e-11	-7.1450353e-11	-7.228089e-11	-7.4014503e-11	-7.6439119e-11	-7.8959013e-11	-8.1432285e-11	-8.4624169e-11	-8.7295199e-11	-8.8596575e-11	-9.1425291e-11	-9.32407e-11	-9.5608486e-11	-1.0258036e-10
	76.6666666666667	-6.3888214e-11	-4.6833135e-11	-4.5708881e-11	-4.5244634e-11	-4.4932235e-11	-4.5381796e-11	-4.5351591e-11	-4.4943233e-11	-4.5256045e-11	-4.5058964e-11	-4.4990872e-11	-4.474732e-11	-4.5112705e-11	-4.5144832e-11	-4.5738444e-11	-4.5804464e-11	-4.5122989e-11	-4.499863e-11	-4.5334302e-11	-4.5300257e-11	-6.4765117e-11	-6.6579887e-11	-6.7137421e-11	-6.7144082e-11	-6.7094899e-11	-6.6700777e-11	-6.7345948e-11	-6.8315714e-11	-6.7590593e-11	-6.8077322e-11	-6.8978476e-11	-6.9186663e-11	-6.9265114e-11	-6.9260257e-11	-6.9500079e-11	-7.0286631e-11	-7.1257986e-11	-7.2041144e-11	-7.1908125e-11	-7.3455693e-11	-7.5671962e-11	-7.8389885e-11	-8.1973026e-11	-8.2786084e-11	-8.5236158e-11	-8.7537963e-11	-8.779541e-11	-9.2168079e-11	-9.3772552e-11	-9.6210651e-11	-1.0357744e-10
	75	-6.0109535e-11	-4.5609416e-11	-4.4800837e-11	-4.5545658e-11	-4.5355844e-11	-4.4666083e-11	-4.4703029e-11	-4.5469468e-11	-4.528335e-11	-4.5288807e-11	-4.4581686e-11	-4.5195261e-11	-4.544258e-11	-4.5371474e-11	-4.5284818e-11	-4.5417121e-11	-4.504936e-11	-4.5659282e-11	-4.5866078e-11	-4.4894009e-11	-4.4925418e-11	-4.5310953e-11	-6.5687962e-11	-6.9470103e-11	-6.9295847e-11	-7.0351294e-11	-6.9565381e-11	-6.9761787e-11	-7.033378e-11	-7.0522574e-11	-7.0501785e-11	-7.0490225e-11	-7.0389028e-11	-7.1176599e-11	-7.1689654e-11	-7.2357044e-11	-7.234887e-11	-7.2810785e-11	-7.2385889e-11	-7.2901511e-11	-7.36037e-11	-7.5145501e-11	-7.7134299e-11	-7.9637477e-11	-8.3232143e-11	-8.6719888e-11	-9.0469306e-11	-9.3438576e-11	-9.4141139e-11	-9.572787e-11	-1.0397672e-10
	73.3333333333333	-6.0792975e-11	-4.6226155e-11	-4.5057534e-11	-4.4934983e-11	-4.4765209e-11	-4.5011023e-11	-4.502379e-11	-4.5018177e-11	-4.5386049e-11	-4.4992982e-11	-4.4762045e-11	-4.562983e-11	-4.5993407e-11	-4.5235631e-11	-4.4774549e-11	-4.547749e-11	-4.5475006e-11	-4.5306474e-11	-4.5208743e-11	-4.554223e-11	-6.101359e-11	-7.1709083e-11	-7.2226586e-11	-7.2671626e-11	-7.236834e-11	-7.2091874e-11	-7.2502192e-11	-7.1847604e-11	-7.2147198e-11	-7.19967e-11	-7.2071307e-11	-7.225999e-11	-7.2279308e-11	-7.2626696e-11	-7.2717499e-11	-7.3499491e-11	-7.3297438e-11	-7.3093843e-11	-7.3616391e-11	-7.4681025e-11	-7.6260942e-11	-7.8497216e-11	-8.2608552e-11	-8.1530692e-11	-8.424364e-11	-8.639469e-11	-9.142085e-11	-9.4154282e-11	-9.3731953e-11	-9.5821386e-11	-1.0311395e-10
	71.6666666666667	-6.2619153e-11	-4.5398591e-11	-4.4397788e-11	-4.4339751e-11	-4.4309775e-11	-4.4868061e-11	-4.5175263e-11	-4.4901166e-11	-4.4578372e-11	-4.4263676e-11	-4.4939014e-11	-4.5066419e-11	-4.4848365e-11	-4.4677005e-11	-4.4335119e-11	-4.5099639e-11	-4.5043184e-11	-4.4890619e-11	-4.4528586e-11	-4.4593849e-11	-6.3062534e-11	-7.406354e-11	-7.4830732e-11	-7.5183575e-11	-7.5122714e-11	-7.4832314e-11	-7.4572674e-11	-7.5347964e-11	-7.5200221e-11	-7.5094923e-11	-7.4768587e-11	-7.4965742e-11	-7.4953203e-11	-7.5276445e-11	-7.5311174e-11	-7.4654893e-11	-7.5209713e-11	-7.5222176e-11	-7.5500495e-11	-7.5798652e-11	-7.7550459e-11	-7.9161407e-11	-8.1908175e-11	-8.2240117e-11	-8.4595247e-11	-8.6634248e-11	-9.1323983e-11	-9.4336032e-11	-9.4560908e-11	-9.7744202e-11	-1.0514726e-10
	70	-6.1506425e-11	-4.5650202e-11	-4.4685179e-11	-4.557827e-11	-4.5766276e-11	-4.5603767e-11	-4.5461523e-11	-4.4821362e-11	-4.4478986e-11	-4.490704e-11	-4.551037e-11	-4.557605e-11	-4.511444e-11	-4.469275e-11	-4.4893596e-11	-4.4868963e-11	-4.5025633e-11	-4.5114853e-11	-4.4641228e-11	-4.4697003e-11	-4.4392101e-11	-6.7330093e-11	-7.7211133e-11	-7.7197006e-11	-7.7188908e-11	-7.6899112e-11	-7.6879864e-11	-7.6977445e-11	-7.6768085e-11	-7.6444427e-11	-7.6241888e-11	-7.6930406e-11	-7.7213957e-11	-7.7258096e-11	-7.7344943e-11	-7.704723e-11	-7.646303e-11	-7.6293333e-11	-7.7076227e-11	-7.7700908e-11	-7.840284e-11	-7.9995406e-11	-8.3074041e-11	-8.2568181e-11	-8.5764014e-11	-8.728232e-11	-9.0909114e-11	-9.5305618e-11	-9.5574292e-11	-9.6802226e-11	-1.0420238e-10
	68.3333333333333	-6.0745291e-11	-4.5347674e-11	-4.4429158e-11	-4.4924665e-11	-4.4759144e-11	-4.4470625e-11	-4.4529075e-11	-4.4642772e-11	-4.5146976e-11	-4.5124269e-11	-4.4961496e-11	-4.4572648e-11	-4.4540826e-11	-4.4734702e-11	-4.5383301e-11	-4.5335357e-11	-4.4828176e-11	-4.4608199e-11	-4.4658853e-11	-4.4982212e-11	-5.873111e-11	-7.8991438e-11	-7.9041114e-11	-7.9164494e-11	-7.9206558e-11	-7.9182758e-11	-7.8903314e-11	-7.9160463e-11	-7.8637992e-11	-7.8608953e-11	-7.8566736e-11	-7.8646915e-11	-7.8479251e-11	-7.7650782e-11	-7.8039443e-11	-7.7993237e-11	-7.757358e-11	-7.7723133e-11	-7.7702268e-11	-7.7846361e-11	-7.8876725e-11	-8.0962542e-11	-8.2905662e-11	-8.3667691e-11	-8.5408874e-11	-8.7016769e-11	-8.9747342e-11	-9.5499345e-11	-9.6450022e-11	-9.7394481e-11	-1.0472154e-10
	66.6666666666667	-6.2715187e-11	-4.5553793e-11	-4.5292273e-11	-4.4878642e-11	-4.4524478e-11	-4.4696667e-11	-4.5153156e-11	-4.5096135e-11	-4.5041113e-11	-4.4662281e-11	-4.4538227e-11	-4.4507908e-11	-4.5151383e-11	-4.4690224e-11	-4.4733422e-11	-4.4254111e-11	-4.4122823e-11	-4.4375306e-11	-4.4597766e-11	-4.4899393e-11	-4.518735e-11	-4.483492e-11	-4.424093e-11	-7.8673658e-11	-8.0662081e-11	-8.0702493e-11	-8.1142336e-11	-7.9936467e-11	-8.0203032e-11	-8.0619338e-11	-8.0398868e-11	-8.0749116e-11	-8.0484057e-11	-7.9812865e-11	-7.9231607e-11	-7.9621774e-11	-7.9906755e-11	-7.9543476e-11	-7.9003193e-11	-7.9254506e-11	-7.9800812e-11	-8.0650257e-11	-8.2200309e-11	-8.3980128e-11	-8.5137716e-11	-8.6645545e-11	-9.0288874e-11	-9.5618541e-11	-9.6672483e-11	-9.811825e-11	-1.0389805e-10
	65	-6.3646505e-11	-4.5512743e-11	-4.4790366e-11	-4.4901804e-11	-4.4870847e-11	-4.4944475e-11	-4.4840832e-11	-4.4497062e-11	-4.4876686e-11	-4.4886553e-11	-4.5154019e-11	-4.4090738e-11	-4.4305105e-11	-4.4648309e-11	-4.496933e-11	-4.4854728e-11	-4.5080658e-11	-4.5004996e-11	-4.4775527e-11	-4.4948052e-11	-4.5160271e-11	-7.0989534e-11	-8.1949073e-11	-8.2729518e-11	-8.2701353e-11	-8.2614582e-11	-8.3088016e-11	-8.2855382e-11	-8.2778784e-11	-8.2044017e-11	-8.2216803e-11	-8.2113309e-11	-8.1973289e-11	-8.1900077e-11	-8.1213702e-11	-8.1787917e-11	-8.1630307e-11	-8.1779895e-11	-8.1252158e-11	-8.0327425e-11	-8.1111902e-11	-8.1805208e-11	-8.4020992e-11	-8.5790493e-11	-8.7576529e-11	-8.7673542e-11	-8.7576751e-11	-9.4686731e-11	-9.7475077e-11	-9.8627315e-11	-1.0433096e-10
	63.3333333333333	-6.2710517e-11	-4.4331729e-11	-4.4421477e-11	-4.4029915e-11	-4.3728892e-11	-4.400148e-11	-4.3695599e-11	-4.3638392e-11	-4.417024e-11	-4.4526702e-11	-4.3660499e-11	-4.3090385e-11	-4.3649955e-11	-4.4473862e-11	-4.4666083e-11	-4.3880854e-11	-4.368882e-11	-4.3681739e-11	-4.4240063e-11	-4.4779368e-11	-5.6386975e-11	-8.1431119e-11	-8.2680369e-11	-8.287071e-11	-8.2726583e-11	-8.3145296e-11	-8.3621034e-11	-8.3080029e-11	-8.2273598e-11	-8.2799836e-11	-8.2903212e-11	-8.32985e-11	-8.2817461e-11	-8.203125e-11	-8.168631e-11	-8.1589561e-11	-8.137907e-11	-8.0878748e-11	-8.0924427e-11	-8.0009908e-11	-8.0256024e-11	-8.1186967e-11	-8.3255833e-11	-8.6271761e-11	-8.6990144e-11	-8.7400615e-11	-8.7497738e-11	-9.4508255e-11	-9.6048294e-11	-9.7697732e-11	-1.0486127e-10
	61.6666666666667	-6.2632073e-11	-4.4856199e-11	-4.3915351e-11	-4.4368599e-11	-4.4348979e-11	-4.4311357e-11	-4.4171559e-11	-4.4215208e-11	-4.4521126e-11	-4.4704424e-11	-4.4565303e-11	-4.4233964e-11	-4.4509792e-11	-4.4961122e-11	-4.4880148e-11	-4.4708643e-11	-4.4153781e-11	-4.4144067e-11	-4.4268197e-11	-4.4297309e-11	-4.4587826e-11	-4.4444903e-11	-6.7846312e-11	-8.3946496e-11	-8.4693842e-11	-8.49621e-11	-8.4471569e-11	-8.3930717e-11	-8.3631692e-11	-8.3428091e-11	-8.3385007e-11	-8.3613498e-11	-8.3263063e-11	-8.2902608e-11	-8.2470225e-11	-8.2190102e-11	-8.2327679e-11	-8.2223207e-11	-8.1681675e-11	-8.0372618e-11	-8.0686749e-11	-8.1417748e-11	-8.4319454e-11	-8.8064347e-11	-8.7867193e-11	-8.8465929e-11	-8.9852265e-11	-9.5977601e-11	-9.7305268e-11	-9.919969e-11	-1.0465929e-10
	60	-6.0397083e-11	-4.5768798e-11	-4.4765022e-11	-4.427908e-11	-4.4686609e-11	-4.4367808e-11	-4.425061e-11	-4.4242849e-11	-4.4511748e-11	-4.4178449e-11	-4.4413681e-11	-4.4387091e-11	-4.3993913e-11	-4.4118455e-11	-4.4082338e-11	-4.4814846e-11	-4.4498155e-11	-4.4246655e-11	-4.3996282e-11	-4.4608237e-11	-8.1421439e-11	-8.458613e-11	-8.4347702e-11	-8.3976021e-11	-8.4226542e-11	-8.408204e-11	-8.4508095e-11	-8.3649657e-11	-8.340708e-11	-8.3270293e-11	-8.3560776e-11	-8.3444252e-11	-8.3452308e-11	-8.2903816e-11	-8.2785029e-11	-8.2248743e-11	-8.2374378e-11	-8.2024658e-11	-8.1632985e-11	-8.0470838e-11	-8.015618e-11	-8.1254982e-11	-8.4340056e-11	-8.7684013e-11	-8.8132668e-11	-8.7903955e-11	-9.0708004e-11	-9.5382632e-11	-9.6971403e-11	-9.8961145e-11	-1.0496442e-10
	58.3333333333333	-6.2311087e-11	-4.4283563e-11	-4.395256e-11	-4.4086217e-11	-4.3985211e-11	-4.3822366e-11	-4.3670668e-11	-4.379766e-11	-4.4349732e-11	-4.4187942e-11	-4.4124746e-11	-4.3817582e-11	-4.3686523e-11	-4.4735795e-11	-4.4257764e-11	-4.4089798e-11	-4.4391723e-11	-4.4146325e-11	-4.4002309e-11	-4.4215548e-11	-4.4022421e-11	-4.575897e-11	-4.3994704e-11	-6.555001e-11	-7.4730173e-11	-7.5645636e-11	-7.6028801e-11	-7.9122084e-11	-8.2686587e-11	-8.278115e-11	-8.290596e-11	-8.2520914e-11	-8.2387937e-11	-8.1977466e-11	-8.1928582e-11	-8.0980583e-11	-8.0875355e-11	-8.0329118e-11	-7.9323083e-11	-7.8530092e-11	-7.868823e-11	-8.0438566e-11	-8.4209258e-11	-8.7961236e-11	-8.7485276e-11	-8.7431416e-11	-8.853937e-11	-9.5064664e-11	-9.745655e-11	-9.9571323e-11	-1.0563565e-10
	56.6666666666667	-6.3399529e-11	-4.5928594e-11	-4.4845388e-11	-4.5039718e-11	-4.3916745e-11	-4.4137211e-11	-4.398408e-11	-4.4734591e-11	-4.4694106e-11	-4.4644542e-11	-4.4600969e-11	-4.429437e-11	-4.4629932e-11	-4.4695272e-11	-4.4834955e-11	-4.4406489e-11	-4.4457743e-11	-4.4384454e-11	-4.4047089e-11	-4.4808782e-11	-4.4191255e-11	-4.3709949e-11	-4.3997639e-11	-7.036715e-11	-8.207697e-11	-8.2204528e-11	-8.164782e-11	-8.1952986e-11	-8.177873e-11	-8.1740281e-11	-8.2051359e-11	-8.1469116e-11	-8.1051457e-11	-8.0218589e-11	-7.984996e-11	-7.9642862e-11	-7.9785789e-11	-7.8889568e-11	-7.8561692e-11	-7.8467427e-11	-7.9047068e-11	-8.1534536e-11	-8.4882747e-11	-8.8086531e-11	-8.93269e-11	-8.8560041e-11	-8.920107e-11	-9.5046436e-11	-9.7094215e-11	-9.9057332e-11	-1.0506697e-10
	55	-5.8715741e-11	-4.4657122e-11	-4.3498143e-11	-4.3409939e-11	-4.3057471e-11	-4.3241896e-11	-4.3449671e-11	-4.3535991e-11	-4.39297e-11	-4.424093e-11	-4.3541112e-11	-4.350266e-11	-4.3919191e-11	-4.3649615e-11	-4.3812801e-11	-4.3633683e-11	-4.3462591e-11	-4.3588452e-11	-4.3646638e-11	-4.4207298e-11	-4.4128663e-11	-4.3540622e-11	-4.3562015e-11	-4.4856122e-11	-6.7246222e-11	-6.8958214e-11	-6.9182333e-11	-6.8949964e-11	-6.920968e-11	-6.9478541e-11	-6.9577025e-11	-6.909455e-11	-6.981745e-11	-7.0730352e-11	-7.1745616e-11	-7.1657076e-11	-7.2524334e-11	-7.2774932e-11	-7.3728128e-11	-7.5162369e-11	-7.708896e-11	-7.9192625e-11	-8.4226015e-11	-8.8213672e-11	-8.8144457e-11	-8.8428681e-11	-8.8685531e-11	-9.3969402e-11	-9.6327696e-11	-9.8687648e-11	-1.0605433e-10
	53.3333333333333	-6.1823678e-11	-4.3056756e-11	-4.2619585e-11	-4.238639e-11	-4.3063872e-11	-4.3399208e-11	-4.3106393e-11	-4.3227925e-11	-4.2644856e-11	-4.3158213e-11	-4.3273194e-11	-4.3762258e-11	-4.3387117e-11	-4.2959174e-11	-4.2969607e-11	-4.3266338e-11	-4.3332171e-11	-4.3960204e-11	-4.3498254e-11	-4.4034963e-11	-4.2943846e-11	-4.2935187e-11	-4.3890946e-11	-4.5132405e-11	-5.9930727e-11	-6.6001829e-11	-6.6236419e-11	-6.642295e-11	-6.7052155e-11	-6.7237181e-11	-6.7026246e-11	-6.8427874e-11	-6.905293e-11	-6.9271179e-11	-6.9953779e-11	-7.0431133e-11	-7.1326528e-11	-7.2376327e-11	-7.3731785e-11	-7.5189487e-11	-7.6418781e-11	-7.8149945e-11	-8.1782157e-11	-8.5605426e-11	-8.7427128e-11	-8.7634788e-11	-8.8060587e-11	-9.3499396e-11	-9.5105333e-11	-9.6963604e-11	-1.041384e-10
	51.6666666666667	-6.2185486e-11	-4.4286689e-11	-4.2890219e-11	-4.3623629e-11	-4.3509103e-11	-4.3565818e-11	-4.3276167e-11	-4.3439353e-11	-4.3419619e-11	-4.3735782e-11	-4.3503791e-11	-4.3771261e-11	-4.3053214e-11	-4.2932474e-11	-4.3306976e-11	-4.3582426e-11	-4.3633156e-11	-4.2669677e-11	-4.2691631e-11	-4.3316465e-11	-4.4643299e-11	-4.411484e-11	-4.4365362e-11	-4.5408156e-11	-4.5751663e-11	-5.3739221e-11	-6.6467803e-11	-6.7421228e-11	-6.7332952e-11	-6.7426016e-11	-6.8185672e-11	-6.8631809e-11	-6.9292835e-11	-6.9810109e-11	-6.9715955e-11	-7.0959405e-11	-7.1364789e-11	-7.2768229e-11	-7.3756938e-11	-7.484395e-11	-7.6362104e-11	-7.9930215e-11	-8.4011159e-11	-8.8163324e-11	-8.7300736e-11	-8.7028447e-11	-8.9058226e-11	-9.2574858e-11	-9.4855908e-11	-9.7965122e-11	-1.0486149e-10
	50	-6.2892608e-11	-4.3483116e-11	-4.3366217e-11	-4.3472042e-11	-4.3704488e-11	-4.3734391e-11	-4.2898352e-11	-4.350138e-11	-4.3522849e-11	-4.3439918e-11	-4.3573839e-11	-4.3336952e-11	-4.3329909e-11	-4.3005724e-11	-4.3129743e-11	-4.3318613e-11	-4.3505637e-11	-4.2925583e-11	-4.2704437e-11	-4.3389188e-11	-4.3313152e-11	-4.3902621e-11	-4.5699954e-11	-4.4972834e-11	-4.5503063e-11	-5.039677e-11	-6.8297375e-11	-6.908208e-11	-6.8739743e-11	-6.9081137e-11	-6.9218943e-11	-6.9849196e-11	-7.0176885e-11	-7.0081906e-11	-7.1034123e-11	-7.171428e-11	-7.225856e-11	-7.3311822e-11	-7.3939556e-11	-7.4664948e-11	-7.6764095e-11	-8.0993275e-11	-8.4812359e-11	-8.8509727e-11	-8.7127909e-11	-8.6307392e-11	-8.7276408e-11	-9.3413263e-11	-9.5032197e-11	-9.7424728e-11	-1.0409679e-10
	48.3333333333333	-6.1191767e-11	-4.2962942e-11	-4.2576841e-11	-4.2731627e-11	-4.2304854e-11	-4.1985377e-11	-4.2094366e-11	-4.2713399e-11	-4.2679204e-11	-4.2556014e-11	-4.2210662e-11	-4.2553717e-11	-4.2563546e-11	-4.306553e-11	-4.2838774e-11	-4.2861745e-11	-4.2469583e-11	-4.2421226e-11	-4.2466194e-11	-4.3156784e-11	-4.2808004e-11	-4.3010394e-11	-4.3103531e-11	-4.4235431e-11	-4.5432939e-11	-4.6020184e-11	-6.2043842e-11	-7.0790644e-11	-7.0669269e-11	-7.0976162e-11	-7.1716202e-11	-7.1312969e-11	-7.1414014e-11	-7.2267976e-11	-7.1881008e-11	-7.2552617e-11	-7.3537718e-11	-7.4198779e-11	-7.4655455e-11	-7.5539248e-11	-7.6991413e-11	-8.0059466e-11	-8.4012929e-11	-8.760466e-11	-8.6899758e-11	-8.5986628e-11	-8.6927139e-11	-9.3621305e-11	-9.5289082e-11	-9.7320554e-11	-1.0449245e-10
	46.6666666666667	-6.1472563e-11	-4.3752654e-11	-4.3016948e-11	-4.2642709e-11	-4.2613336e-11	-4.2893834e-11	-4.2747521e-11	-4.2905433e-11	-4.3013672e-11	-4.225725e-11	-4.251632e-11	-4.2792037e-11	-4.339977e-11	-4.3024178e-11	-4.2635142e-11	-4.2827776e-11	-4.2999097e-11	-4.3003805e-11	-4.3193088e-11	-4.3247017e-11	-4.2569424e-11	-4.263416e-11	-4.4589634e-11	-4.4594453e-11	-4.4994338e-11	-4.5256118e-11	-4.5722325e-11	-6.4240759e-11	-7.3197746e-11	-7.4153926e-11	-7.3940951e-11	-7.3957562e-11	-7.3633828e-11	-7.4389384e-11	-7.4979342e-11	-7.495659e-11	-7.4915844e-11	-7.5046303e-11	-7.5817901e-11	-7.7721773e-11	-7.9101559e-11	-8.1623527e-11	-8.5306172e-11	-8.8787137e-11	-8.5598986e-11	-8.5536016e-11	-9.1667493e-11	-9.4399905e-11	-9.4764765e-11	-9.6957727e-11	-1.0466347e-10
	45	-5.443139e-11	-4.3030957e-11	-4.304606e-11	-4.2293856e-11	-4.2476061e-11	-4.3093324e-11	-4.3385497e-11	-4.3008059e-11	-4.2967612e-11	-4.3458674e-11	-4.3005575e-11	-4.2587236e-11	-4.2622336e-11	-4.2560344e-11	-4.2605388e-11	-4.2333061e-11	-4.2358974e-11	-4.2554772e-11	-4.3221069e-11	-4.2308469e-11	-4.1773456e-11	-4.2505399e-11	-4.3689951e-11	-4.515982e-11	-4.5245235e-11	-4.4965111e-11	-4.5270204e-11	-6.3543691e-11	-7.6947351e-11	-7.7590941e-11	-7.7999676e-11	-7.7542812e-11	-7.7900512e-11	-7.7406588e-11	-7.773255e-11	-7.8254375e-11	-7.8243044e-11	-7.7911323e-11	-7.7728102e-11	-7.8381295e-11	-8.0334545e-11	-8.2597443e-11	-8.6373825e-11	-8.8339613e-11	-8.6134905e-11	-8.6307461e-11	-9.2665618e-11	-9.5957305e-11	-9.6351011e-11	-9.830859e-11	-1.0598149e-10
	43.3333333333333	-5.5359432e-11	-4.3803083e-11	-4.2951115e-11	-4.2564525e-11	-4.2636231e-11	-4.2810755e-11	-4.3425458e-11	-4.3038149e-11	-4.2452333e-11	-4.2968216e-11	-4.3190715e-11	-4.3069898e-11	-4.3275189e-11	-4.334471e-11	-4.3155087e-11	-4.3121645e-11	-4.3958132e-11	-4.3836452e-11	-4.3462327e-11	-4.2464199e-11	-4.2465177e-11	-4.2733209e-11	-4.3512981e-11	-4.4375267e-11	-4.5219928e-11	-4.4596712e-11	-4.4711089e-11	-4.5067929e-11	-7.1232222e-11	-8.0166311e-11	-8.0383616e-11	-8.0009381e-11	-7.9774673e-11	-7.9770607e-11	-7.9515117e-11	-7.9899865e-11	-7.9456816e-11	-7.9941401e-11	-7.9956881e-11	-8.081559e-11	-8.1890245e-11	-8.4162406e-11	-8.6879497e-11	-8.8509047e-11	-8.5722103e-11	-8.6320798e-11	-9.2836037e-11	-9.6889712e-11	-9.6137209e-11	-9.8156136e-11	-1.0594628e-10
	41.6666666666667	-5.2576887e-11	-4.3085379e-11	-4.2408535e-11	-4.1720918e-11	-4.2313517e-11	-4.2491691e-11	-4.2397124e-11	-4.2256459e-11	-4.17338e-11	-4.2112407e-11	-4.2577518e-11	-4.2984522e-11	-4.3165443e-11	-4.3410657e-11	-4.2597592e-11	-4.254223e-11	-4.3145484e-11	-4.2608854e-11	-4.3504433e-11	-4.350684e-11	-4.3542243e-11	-4.297292e-11	-4.4365286e-11	-4.498078e-11	-4.5165358e-11	-4.5027742e-11	-4.4827763e-11	-5.1687526e-11	-8.163234e-11	-8.2996839e-11	-8.3370172e-11	-8.3240165e-11	-8.2198234e-11	-8.20723e-11	-8.2376071e-11	-8.2815088e-11	-8.2323648e-11	-8.200933e-11	-8.1866708e-11	-8.2326659e-11	-8.3851814e-11	-8.5686437e-11	-8.8432373e-11	-9.0076127e-11	-8.6805986e-11	-8.6267091e-11	-9.0910238e-11	-9.6864822e-11	-9.6975546e-11	-9.8358981e-11	-1.0528815e-10
	40	-5.5242911e-11	-4.3041501e-11	-4.305525e-11	-4.2553228e-11	-4.2654349e-11	-4.2057271e-11	-4.271743e-11	-4.2656531e-11	-4.2443861e-11	-4.2724848e-11	-4.2076852e-11	-4.2357201e-11	-4.2567463e-11	-4.2465514e-11	-4.2540048e-11	-4.1923874e-11	-4.2268886e-11	-4.2709294e-11	-4.2906487e-11	-4.2640752e-11	-4.260196e-11	-4.2044278e-11	-4.3357554e-11	-4.3884282e-11	-4.4651925e-11	-4.5251448e-11	-4.4858006e-11	-4.5070676e-11	-4.5280224e-11	-7.3818555e-11	-8.5441564e-11	-8.5775727e-11	-8.5277438e-11	-8.5201624e-11	-8.5088492e-11	-8.4631968e-11	-8.4529751e-11	-8.4857968e-11	-8.4425508e-11	-8.4724533e-11	-8.5661124e-11	-8.7099473e-11	-8.9505146e-11	-9.1337882e-11	-8.7439819e-11	-8.6770244e-11	-8.9208606e-11	-9.8190261e-11	-9.8524577e-11	-9.9393604e-11	-1.0576893e-10
	38.3333333333333	-5.1811541e-11	-4.3007119e-11	-4.2868188e-11	-4.2940648e-11	-4.2202304e-11	-4.2026126e-11	-4.2298564e-11	-4.259473e-11	-4.2504306e-11	-4.2277098e-11	-4.2072901e-11	-4.2108299e-11	-4.2382247e-11	-4.2134213e-11	-4.2378972e-11	-4.2489241e-11	-4.2017726e-11	-4.2155755e-11	-4.241844e-11	-4.206115e-11	-4.2177786e-11	-4.259311e-11	-4.3152339e-11	-4.4362951e-11	-4.4488777e-11	-4.4535476e-11	-4.4395491e-11	-4.4548996e-11	-4.4267819e-11	-4.5181137e-11	-7.3852972e-11	-8.6797437e-11	-8.6894672e-11	-8.7122483e-11	-8.7186397e-11	-8.6650555e-11	-8.7057556e-11	-8.6539491e-11	-8.638832e-11	-8.6565213e-11	-8.8072674e-11	-8.9242613e-11	-9.1252991e-11	-9.1753473e-11	-8.8299389e-11	-8.7494165e-11	-9.5002561e-11	-9.919366e-11	-9.8933875e-11	-9.960744e-11	-1.0551868e-10
	36.6666666666667	-5.893e-11	-4.2189609e-11	-4.1587751e-11	-4.1223872e-11	-4.1134009e-11	-4.1463506e-11	-4.1699151e-11	-4.1642134e-11	-4.1741482e-11	-4.1726532e-11	-4.1758468e-11	-4.1993999e-11	-4.2161288e-11	-4.2070677e-11	-4.2143927e-11	-4.227043e-11	-4.1706572e-11	-4.2095345e-11	-4.2028572e-11	-4.2035576e-11	-4.1377752e-11	-4.2678226e-11	-4.3018453e-11	-4.3406549e-11	-4.3812762e-11	-4.407812e-11	-4.3850236e-11	-4.3664981e-11	-4.4465012e-11	-4.4768446e-11	-4.5084159e-11	-7.0646967e-11	-8.7934417e-11	-8.899198e-11	-8.955113e-11	-8.964969e-11	-8.903344e-11	-8.8742513e-11	-8.8272355e-11	-8.8370873e-11	-8.8922265e-11	-8.9717817e-11	-9.1193636e-11	-9.1857036e-11	-8.8442767e-11	-8.7560029e-11	-8.8156767e-11	-9.8661662e-11	-9.8764441e-11	-9.9621977e-11	-1.0585728e-10
	35	-5.3835894e-11	-4.1785998e-11	-4.1340546e-11	-4.1213324e-11	-4.0732619e-11	-4.1135404e-11	-4.0976098e-11	-4.1511523e-11	-4.1438162e-11	-4.1580784e-11	-4.099376e-11	-4.0981222e-11	-4.1342162e-11	-4.1440573e-11	-4.2077345e-11	-4.183507e-11	-4.1029125e-11	-4.0793556e-11	-4.1801815e-11	-4.191077e-11	-4.2312612e-11	-4.1210764e-11	-4.1909188e-11	-4.1674747e-11	-4.2583659e-11	-4.3179568e-11	-4.3314283e-11	-4.3325843e-11	-4.3336616e-11	-4.3855808e-11	-4.4535854e-11	-8.3528684e-11	-9.0647892e-11	-9.0859056e-11	-9.1199437e-11	-9.1274724e-11	-9.0890767e-11	-9.1129049e-11	-9.0457593e-11	-9.0713534e-11	-9.0890843e-11	-9.1665606e-11	-9.3125535e-11	-9.310136e-11	-8.8834252e-11	-8.8264743e-11	-8.8946447e-11	-9.9656061e-11	-9.9942665e-11	-1.0035486e-10	-1.0676638e-10
	33.3333333333333	-5.4366463e-11	-4.2672085e-11	-4.2123176e-11	-4.1944063e-11	-4.1497101e-11	-4.1933856e-11	-4.1582515e-11	-4.1793943e-11	-4.2074896e-11	-4.1994339e-11	-4.182479e-11	-4.1497854e-11	-4.1754062e-11	-4.1756661e-11	-4.1868477e-11	-4.1606205e-11	-4.2164001e-11	-4.1905611e-11	-4.1599953e-11	-4.1857892e-11	-4.2260525e-11	-4.3412236e-11	-4.3080445e-11	-4.3319816e-11	-4.4022723e-11	-4.3836299e-11	-4.318066e-11	-4.3574366e-11	-4.3851891e-11	-4.4356133e-11	-4.4497475e-11	-5.0292111e-11	-9.2396757e-11	-9.3588762e-11	-9.3879168e-11	-9.3918824e-11	-9.3426336e-11	-9.2878101e-11	-9.221203e-11	-9.2720151e-11	-9.2749149e-11	-9.3599684e-11	-9.3844522e-11	-9.4131272e-11	-9.0180405e-11	-8.8978533e-11	-9.0111862e-11	-9.8444322e-11	-1.0026308e-10	-1.011529e-10	-1.0729048e-10
	31.6666666666667	-5.3850584e-11	-4.268666e-11	-4.1947414e-11	-4.1792361e-11	-4.1854353e-11	-4.1785356e-11	-4.1946734e-11	-4.221247e-11	-4.1739223e-11	-4.1325554e-11	-4.1798651e-11	-4.1654864e-11	-4.2258492e-11	-4.2050679e-11	-4.1478005e-11	-4.1985113e-11	-4.2203019e-11	-4.2139257e-11	-4.207034e-11	-4.2395466e-11	-4.2820469e-11	-4.2261129e-11	-4.3629128e-11	-4.3494791e-11	-4.3624871e-11	-4.3243027e-11	-4.3976739e-11	-4.3963631e-11	-4.382775e-11	-4.4342915e-11	-4.4323142e-11	-4.4589218e-11	-5.1438961e-11	-9.3816122e-11	-9.5917871e-11	-9.6031343e-11	-9.6251659e-11	-9.5257073e-11	-9.5020672e-11	-9.4512662e-11	-9.4581017e-11	-9.5184534e-11	-9.5320377e-11	-9.4917296e-11	-9.1081073e-11	-8.9856032e-11	-9.0818533e-11	-1.0057785e-10	-1.0124317e-10	-1.0219366e-10	-1.082265e-10
	30	-5.6442226e-11	-4.26899e-11	-4.1630987e-11	-4.1585416e-11	-4.2117414e-11	-4.1791723e-11	-4.1645673e-11	-4.1559128e-11	-4.1376208e-11	-4.1421967e-11	-4.1880187e-11	-4.2378857e-11	-4.1999799e-11	-4.1746454e-11	-4.1407582e-11	-4.1514275e-11	-4.1493749e-11	-4.1653243e-11	-4.1989329e-11	-4.1890658e-11	-4.1177284e-11	-4.1399408e-11	-4.2365979e-11	-4.3343468e-11	-4.3633572e-11	-4.3821915e-11	-4.3888348e-11	-4.4044639e-11	-4.4405209e-11	-4.4347435e-11	-4.4270643e-11	-4.4510319e-11	-4.5608326e-11	-8.5420171e-11	-9.7442165e-11	-9.7634761e-11	-9.7417005e-11	-9.712664e-11	-9.7136695e-11	-9.7114171e-11	-9.6623563e-11	-9.6691995e-11	-9.6278777e-11	-9.619415e-11	-9.2538213e-11	-9.1004919e-11	-9.187922e-11	-1.0076672e-10	-1.018239e-10	-1.0256229e-10	-1.0830344e-10
	28.3333333333333	-5.7202864e-11	-4.1844448e-11	-4.1053983e-11	-4.1210011e-11	-4.1181013e-11	-4.1495557e-11	-4.1687213e-11	-4.1758881e-11	-4.141534e-11	-4.1115143e-11	-4.1413945e-11	-4.1545233e-11	-4.1982362e-11	-4.1838762e-11	-4.166115e-11	-4.1449458e-11	-4.1512654e-11	-4.1569938e-11	-4.2263953e-11	-4.1880378e-11	-4.1020125e-11	-4.0953012e-11	-4.2831506e-11	-4.3270783e-11	-4.2993598e-11	-4.2979436e-11	-4.3076414e-11	-4.3247773e-11	-4.398058e-11	-4.4018806e-11	-4.4104106e-11	-4.4104748e-11	-4.4533217e-11	-4.5737202e-11	-9.5514298e-11	-9.9386825e-11	-9.9026558e-11	-9.8231534e-11	-9.8357662e-11	-9.7584142e-11	-9.7675847e-11	-9.7390568e-11	-9.7321984e-11	-9.7177405e-11	-9.276218e-11	-9.1860505e-11	-9.2856181e-11	-1.0154891e-10	-1.0284478e-10	-1.0375241e-10	-1.0942627e-10
	26.6666666666667	-6.0294984e-11	-4.2771474e-11	-4.0873509e-11	-4.0768812e-11	-4.0697369e-11	-4.1040761e-11	-4.1033871e-11	-4.104803e-11	-4.1101358e-11	-4.1479323e-11	-4.1526324e-11	-4.176634e-11	-4.1474581e-11	-4.1271812e-11	-4.1575285e-11	-4.165859e-11	-4.1977279e-11	-4.1730223e-11	-4.143481e-11	-4.1387206e-11	-4.0936969e-11	-4.1743328e-11	-4.151288e-11	-4.2990434e-11	-4.2989643e-11	-4.3430013e-11	-4.371891e-11	-4.4286311e-11	-4.433625e-11	-4.4076163e-11	-4.4093788e-11	-4.4692711e-11	-4.5491087e-11	-4.5964146e-11	-8.3115355e-11	-1.0004939e-10	-1.0050009e-10	-1.0014995e-10	-9.9914119e-11	-9.9198712e-11	-9.8851025e-11	-9.8195042e-11	-9.8462058e-11	-9.791816e-11	-9.3937129e-11	-9.2490043e-11	-9.2709646e-11	-1.0049703e-10	-1.0338808e-10	-1.0500178e-10	-1.1073902e-10
	25	-5.5937682e-11	-4.2389103e-11	-4.1234981e-11	-4.1072208e-11	-4.1370109e-11	-4.1429388e-11	-4.1336063e-11	-4.1045282e-11	-4.1336438e-11	-4.1574872e-11	-4.1479514e-11	-4.1204963e-11	-4.1110323e-11	-4.0929513e-11	-4.0649539e-11	-4.086835e-11	-4.1183348e-11	-4.1021818e-11	-4.1373197e-11	-4.0845039e-11	-4.0686898e-11	-4.1566622e-11	-4.2781115e-11	-4.2603768e-11	-4.2424238e-11	-4.2792565e-11	-4.3058224e-11	-4.3138555e-11	-4.3189775e-11	-4.3471778e-11	-4.3447527e-11	-4.3932486e-11	-4.4616182e-11	-4.5461936e-11	-4.6423684e-11	-8.0983893e-11	-9.9873103e-11	-1.0112947e-10	-1.0057326e-10	-9.9939272e-11	-9.9389462e-11	-9.8893088e-11	-9.8099383e-11	-9.7909986e-11	-9.4100124e-11	-9.2781539e-11	-9.3391989e-11	-9.7199547e-11	-1.0322644e-10	-1.0507668e-10	-1.1053523e-10
	23.3333333333333	-6.2501386e-11	-4.2076627e-11	-4.1000429e-11	-4.0853061e-11	-4.1082041e-11	-4.1421741e-11	-4.1740465e-11	-4.1532201e-11	-4.1215961e-11	-4.1411572e-11	-4.1175289e-11	-4.1403325e-11	-4.1469533e-11	-4.1217543e-11	-4.1050593e-11	-4.0919646e-11	-4.1228576e-11	-4.1319191e-11	-4.183635e-11	-4.0769263e-11	-4.050835e-11	-4.2629681e-11	-4.234357e-11	-4.252999e-11	-4.3211091e-11	-4.3018755e-11	-4.3163938e-11	-4.3806021e-11	-4.4115784e-11	-4.404253e-11	-4.3542357e-11	-4.4035563e-11	-4.4420159e-11	-4.5192662e-11	-4.6272437e-11	-8.2363456e-11	-1.0073384e-10	-1.0124389e-10	-1.009377e-10	-1.0037558e-10	-9.9966695e-11	-9.8964004e-11	-9.7807207e-11	-9.7974538e-11	-9.4590551e-11	-9.3818876e-11	-9.4110185e-11	-1.0119972e-10	-1.0454152e-10	-1.0553013e-10	-1.1089354e-10
	21.6666666666667	-6.2659378e-11	-4.2375357e-11	-4.1236674e-11	-4.159257e-11	-4.204985e-11	-4.1769276e-11	-4.1602437e-11	-4.1259347e-11	-4.1093715e-11	-4.1268499e-11	-4.1672901e-11	-4.1626015e-11	-4.1869605e-11	-4.1046826e-11	-4.0829937e-11	-4.1687438e-11	-4.1493222e-11	-4.1583757e-11	-4.1732368e-11	-4.1380278e-11	-4.1338245e-11	-4.1579917e-11	-4.2478736e-11	-4.3255378e-11	-4.3590978e-11	-4.277893e-11	-4.3054532e-11	-4.330479e-11	-4.3678991e-11	-4.3446736e-11	-4.3142698e-11	-4.3305241e-11	-4.4144292e-11	-4.4600781e-11	-4.6062855e-11	-4.7603001e-11	-5.2398339e-11	-9.8770693e-11	-1.0064331e-10	-1.0005218e-10	-9.9414997e-11	-9.8067374e-11	-9.7824873e-11	-9.7354638e-11	-9.3802834e-11	-9.2898175e-11	-9.3275276e-11	-9.4159854e-11	-1.0190785e-10	-1.0618143e-10	-1.1134709e-10
	20	-5.891064e-11	-4.2068342e-11	-4.103658e-11	-4.1398694e-11	-4.1275844e-11	-4.1579278e-11	-4.1059555e-11	-4.1034284e-11	-4.1032101e-11	-4.1204665e-11	-4.1169526e-11	-4.1616412e-11	-4.0928948e-11	-4.0681628e-11	-4.1479778e-11	-4.1925872e-11	-4.1553441e-11	-4.0701401e-11	-4.1635168e-11	-4.1164894e-11	-4.1326196e-11	-4.183473e-11	-4.2124984e-11	-4.2367408e-11	-4.2628474e-11	-4.2874249e-11	-4.3153883e-11	-4.337921e-11	-4.3700796e-11	-4.3385611e-11	-4.3708367e-11	-4.4171784e-11	-4.5007519e-11	-4.5241394e-11	-4.5676154e-11	-4.7248084e-11	-4.8582374e-11	-8.418425e-11	-9.9643106e-11	-9.9227591e-11	-9.8593494e-11	-9.7703907e-11	-9.7748497e-11	-9.7189194e-11	-9.3525007e-11	-9.2476068e-11	-9.3253509e-11	-9.9454465e-11	-1.0473231e-10	-1.0639968e-10	-1.1131059e-10
	18.3333333333333	-6.0921282e-11	-4.2040812e-11	-4.1464977e-11	-4.1077933e-11	-4.060156e-11	-4.0997716e-11	-4.0905522e-11	-4.089637e-11	-4.0996775e-11	-4.1393194e-11	-4.1378279e-11	-4.0921228e-11	-4.1360203e-11	-4.1086256e-11	-4.1632191e-11	-4.0811896e-11	-4.0736199e-11	-4.1136195e-11	-4.1235883e-11	-4.24355e-11	-4.1199617e-11	-4.1760276e-11	-4.2984033e-11	-4.2676154e-11	-4.287037e-11	-4.3421804e-11	-4.3359774e-11	-4.2961096e-11	-4.310436e-11	-4.3923636e-11	-4.398781e-11	-4.4291359e-11	-4.4093902e-11	-4.4166438e-11	-4.5143476e-11	-4.6615569e-11	-4.8426121e-11	-5.0087271e-11	-8.50056e-11	-9.7113158e-11	-9.7486227e-11	-9.7096775e-11	-9.5813704e-11	-9.5504049e-11	-9.2299481e-11	-9.159401e-11	-9.2460817e-11	-9.9329843e-11	-1.0422167e-10	-1.0535963e-10	-1.1098875e-10
	16.6666666666667	-6.1832338e-11	-4.1696101e-11	-4.1573817e-11	-4.1089722e-11	-4.0582992e-11	-4.0554823e-11	-4.0600582e-11	-4.0966269e-11	-4.0903187e-11	-4.0776871e-11	-4.0977041e-11	-4.0907781e-11	-4.113582e-11	-4.1075712e-11	-4.0954143e-11	-4.0391978e-11	-4.0831102e-11	-4.1041667e-11	-4.0619674e-11	-4.049204e-11	-4.0574634e-11	-4.1063358e-11	-4.2390647e-11	-4.2554245e-11	-4.2288846e-11	-4.2355734e-11	-4.2665007e-11	-4.2796443e-11	-4.2963581e-11	-4.3226756e-11	-4.3162734e-11	-4.353987e-11	-4.3733864e-11	-4.4458159e-11	-4.494248e-11	-4.6135089e-11	-4.7679756e-11	-4.9695862e-11	-5.0469153e-11	-9.3646688e-11	-9.4720329e-11	-9.4419902e-11	-9.4422276e-11	-9.3983078e-11	-9.0140034e-11	-8.9847747e-11	-9.1013051e-11	-9.8776452e-11	-1.034602e-10	-1.0524186e-10	-1.1114353e-10
	15	-5.9636365e-11	-4.2860618e-11	-4.1344386e-11	-4.148373e-11	-4.1444941e-11	-4.1287442e-11	-4.1399446e-11	-4.1645673e-11	-4.1348414e-11	-4.0935425e-11	-4.1454354e-11	-4.1406562e-11	-4.1339151e-11	-4.1559957e-11	-4.1267257e-11	-4.115416e-11	-4.0896595e-11	-4.0989281e-11	-4.103741e-11	-4.0902056e-11	-4.0549928e-11	-4.0998996e-11	-4.2497075e-11	-4.2770568e-11	-4.3324223e-11	-4.3112795e-11	-4.254852e-11	-4.3158289e-11	-4.3261818e-11	-4.3599978e-11	-4.347404e-11	-4.3271085e-11	-4.353392e-11	-4.4258631e-11	-4.5493009e-11	-4.6335144e-11	-4.786339e-11	-4.8947763e-11	-5.0980439e-11	-5.3178826e-11	-8.9277148e-11	-9.2471024e-11	-9.2596021e-11	-9.158712e-11	-8.8003903e-11	-8.8515036e-11	-9.2275944e-11	-1.009081e-10	-1.032394e-10	-1.0492205e-10	-1.1030791e-10
	13.3333333333333	-6.3359228e-11	-4.1787164e-11	-4.1181426e-11	-4.1067236e-11	-4.0867032e-11	-4.0737365e-11	-4.0516861e-11	-4.1068669e-11	-4.0845792e-11	-4.0714467e-11	-4.0746104e-11	-4.0860065e-11	-4.0780865e-11	-4.0955798e-11	-4.1204852e-11	-4.0447565e-11	-4.0752166e-11	-4.0935838e-11	-4.1269252e-11	-4.1425169e-11	-4.0673079e-11	-4.1894124e-11	-4.2046273e-11	-4.225819e-11	-4.237061e-11	-4.2165809e-11	-4.2152365e-11	-4.2447965e-11	-4.2557673e-11	-4.3092533e-11	-4.2957405e-11	-4.2567689e-11	-4.3400977e-11	-4.3996511e-11	-4.501426e-11	-4.6575948e-11	-4.7710939e-11	-4.880514e-11	-5.0601155e-11	-5.2561146e-11	-5.9470734e-11	-8.9535615e-11	-9.0808257e-11	-8.7764795e-11	-8.6413744e-11	-8.7128853e-11	-8.8605352e-11	-9.791884e-11	-1.0258405e-10	-1.0405073e-10	-1.1003389e-10
	11.6666666666667	-6.1821832e-11	-4.1591629e-11	-4.0177573e-11	-3.9933605e-11	-3.9620491e-11	-3.9830451e-11	-4.0591051e-11	-4.0818373e-11	-4.0912263e-11	-4.0571883e-11	-4.1194079e-11	-4.1290343e-11	-4.118075e-11	-4.1327476e-11	-4.0728063e-11	-4.0970675e-11	-4.0912791e-11	-4.0849182e-11	-4.1150167e-11	-4.1463243e-11	-4.1130623e-11	-4.1366379e-11	-4.1857177e-11	-4.2204674e-11	-4.2360178e-11	-4.2187125e-11	-4.2047251e-11	-4.2036593e-11	-4.2736484e-11	-4.273517e-11	-4.3068618e-11	-4.27984e-11	-4.3440182e-11	-4.3976513e-11	-4.4451755e-11	-4.5849581e-11	-4.7750255e-11	-4.9037621e-11	-5.0589859e-11	-5.331606e-11	-5.5589127e-11	-7.6384475e-11	-8.7171145e-11	-8.3974293e-11	-8.4146023e-11	-8.5418589e-11	-8.7652753e-11	-9.7193108e-11	-1.0014663e-10	-1.0331216e-10	-1.0978898e-10
	10	-6.2819208e-11	-4.1968654e-11	-4.0982086e-11	-4.0977718e-11	-4.1169828e-11	-4.0891623e-11	-4.1014966e-11	-4.1131525e-11	-4.0650445e-11	-4.0538101e-11	-4.1205643e-11	-4.1301677e-11	-4.1509792e-11	-4.1039897e-11	-4.0979151e-11	-4.1528361e-11	-4.1338623e-11	-4.1295085e-11	-4.1397902e-11	-4.1391651e-11	-4.1736586e-11	-4.1864484e-11	-4.1985224e-11	-4.2315925e-11	-4.2265386e-11	-4.2521292e-11	-4.2710727e-11	-4.2926298e-11	-4.276202e-11	-4.2862387e-11	-4.2617777e-11	-4.2796329e-11	-4.3183974e-11	-4.3937382e-11	-4.4605e-11	-4.5343833e-11	-4.6574029e-11	-4.8954427e-11	-5.1428792e-11	-5.3979834e-11	-5.8106613e-11	-6.0179209e-11	-6.3715241e-11	-6.700112e-11	-7.0930595e-11	-7.9357278e-11	-9.0781854e-11	-9.8524425e-11	-1.007001e-10	-1.0294244e-10	-1.0918102e-10
	8.33333333333331	-6.1934589e-11	-4.1277762e-11	-4.0871438e-11	-4.1232458e-11	-4.1159732e-11	-4.1057296e-11	-4.0484435e-11	-4.103903e-11	-4.1372218e-11	-4.0901418e-11	-4.0894035e-11	-4.1164176e-11	-4.0740342e-11	-4.0824136e-11	-4.1241569e-11	-4.1348303e-11	-4.142223e-11	-4.1280476e-11	-4.1062192e-11	-4.0780938e-11	-4.1914083e-11	-4.2199778e-11	-4.254852e-11	-4.1865424e-11	-4.2163925e-11	-4.2142571e-11	-4.209557e-11	-4.2829133e-11	-4.2389592e-11	-4.2324248e-11	-4.2744395e-11	-4.3101911e-11	-4.3902507e-11	-4.4213286e-11	-4.4384756e-11	-4.5556729e-11	-4.7310374e-11	-4.8971716e-11	-5.1594728e-11	-5.4911492e-11	-5.8550602e-11	-6.1911129e-11	-7.4551476e-11	-7.9738674e-11	-8.0692175e-11	-8.1552841e-11	-9.0863504e-11	-9.7860761e-11	-1.0018174e-10	-1.0261979e-10	-1.085653e-10
	6.66666666666666	-5.4996944e-11	-4.1260516e-11	-4.0659632e-11	-4.1087991e-11	-4.1178904e-11	-4.0489518e-11	-4.1124559e-11	-4.0958473e-11	-4.1201011e-11	-4.1758579e-11	-4.1266577e-11	-4.1701639e-11	-4.1273696e-11	-4.1604584e-11	-4.1766226e-11	-4.1420197e-11	-4.1107687e-11	-4.0988112e-11	-4.0934107e-11	-4.1478796e-11	-4.1706645e-11	-4.1854315e-11	-4.1711506e-11	-4.183285e-11	-4.1542443e-11	-4.2387219e-11	-4.250875e-11	-4.2615633e-11	-4.2408837e-11	-4.2415765e-11	-4.2843104e-11	-4.3039319e-11	-4.2821639e-11	-4.32985e-11	-4.4456161e-11	-4.5750494e-11	-4.7163835e-11	-4.8936501e-11	-5.0755677e-11	-5.4967607e-11	-5.9637004e-11	-6.2934151e-11	-6.4686249e-11	-6.5892423e-11	-6.8178484e-11	-7.7760416e-11	-9.0204434e-11	-9.7555859e-11	-9.936562e-11	-1.0097374e-10	-1.077766e-10
	5	-5.6305703e-11	-4.1565456e-11	-4.0904127e-11	-4.105432e-11	-4.0718647e-11	-4.0762334e-11	-4.0836529e-11	-4.1203381e-11	-4.1097178e-11	-4.0990371e-11	-4.1141542e-11	-4.0887595e-11	-4.1169637e-11	-4.132179e-11	-4.0974443e-11	-4.0067075e-11	-4.0390281e-11	-4.0902885e-11	-4.1164665e-11	-4.0801654e-11	-4.0883602e-11	-4.053087e-11	-4.0456e-11	-4.0935463e-11	-4.1578862e-11	-4.1490436e-11	-4.1116159e-11	-4.1730334e-11	-4.2348614e-11	-4.2258454e-11	-4.260731e-11	-4.2581813e-11	-4.2503816e-11	-4.28973e-11	-4.3635227e-11	-4.491521e-11	-4.6621821e-11	-4.7987597e-11	-5.020662e-11	-5.4829655e-11	-5.9637233e-11	-6.2108318e-11	-6.3736065e-11	-6.471864e-11	-6.7832261e-11	-7.7244121e-11	-8.9718948e-11	-9.7009741e-11	-9.8500888e-11	-1.0056991e-10	-1.074766e-10
	3.33333333333331	-6.043975e-11	-4.1048935e-11	-4.1172048e-11	-4.1061779e-11	-4.0847787e-11	-4.0769037e-11	-4.0745688e-11	-4.077062e-11	-4.035507e-11	-4.0712548e-11	-4.0896897e-11	-4.1097029e-11	-4.0982877e-11	-4.0960093e-11	-4.0686184e-11	-4.0610522e-11	-4.0672025e-11	-4.0910834e-11	-4.0751263e-11	-4.1031612e-11	-4.0925333e-11	-4.0993084e-11	-4.1031911e-11	-4.1383102e-11	-4.18095e-11	-4.1968314e-11	-4.1422154e-11	-4.1487948e-11	-4.2093162e-11	-4.2147882e-11	-4.2378104e-11	-4.2203244e-11	-4.2542834e-11	-4.3138704e-11	-4.4333537e-11	-4.548668e-11	-4.6089521e-11	-4.7358017e-11	-5.0047803e-11	-5.4735053e-11	-5.993607e-11	-6.2100373e-11	-6.3119822e-11	-6.4701772e-11	-6.7156322e-11	-7.7943034e-11	-8.9397059e-11	-9.6061659e-11	-9.7217366e-11	-9.9757369e-11	-1.0699065e-10
	1.66666666666666	-5.9767614e-11	-4.1304654e-11	-4.0540963e-11	-4.0613877e-11	-4.0442143e-11	-4.0254741e-11	-4.0383013e-11	-4.1092508e-11	-4.1027768e-11	-4.0556367e-11	-4.0770432e-11	-4.1230575e-11	-4.1027882e-11	-4.067903e-11	-4.1129416e-11	-4.0965367e-11	-4.0946271e-11	-4.1169752e-11	-4.1061779e-11	-4.0700231e-11	-4.0931657e-11	-4.1329284e-11	-4.1713726e-11	-4.1556304e-11	-4.1196265e-11	-4.1844712e-11	-4.171994e-11	-4.2059831e-11	-4.2049399e-11	-4.2433543e-11	-4.1628687e-11	-4.1931444e-11	-4.26989e-11	-4.3702642e-11	-4.4102035e-11	-4.4935965e-11	-4.6117013e-11	-4.7973361e-11	-5.1391811e-11	-5.6897397e-11	-5.9672371e-11	-6.119711e-11	-6.263768e-11	-6.3680443e-11	-6.6986701e-11	-7.6836176e-11	-8.8653515e-11	-9.4905618e-11	-9.6898864e-11	-9.9598441e-11	-1.068414e-10
	0	-6.0435643e-11	-4.1170505e-11	-4.0974481e-11	-4.0943332e-11	-4.0905973e-11	-4.0841799e-11	-4.0444703e-11	-4.031462e-11	-4.038565e-11	-4.0565707e-11	-4.0733673e-11	-4.0738836e-11	-4.0685996e-11	-4.037631e-11	-4.0558022e-11	-4.0838371e-11	-4.1019296e-11	-4.1124031e-11	-4.0432688e-11	-4.0808208e-11	-4.1475746e-11	-4.1458271e-11	-4.1654184e-11	-4.1192348e-11	-4.1394173e-11	-4.1329058e-11	-4.1495706e-11	-4.1407166e-11	-4.1710562e-11	-4.137685e-11	-4.2211453e-11	-4.2283989e-11	-4.2621243e-11	-4.2943472e-11	-4.3584008e-11	-4.4501243e-11	-4.5924941e-11	-4.7535361e-11	-5.1075158e-11	-5.6301411e-11	-5.9158713e-11	-6.073976e-11	-6.1742521e-11	-6.3304958e-11	-6.6597471e-11	-7.6667415e-11	-8.8189532e-11	-9.4983278e-11	-9.7117599e-11	-1.0020128e-10	-1.0726437e-10
