I1_2510
																																																				
		-50	-49	-48	-47	-46	-45	-44	-43	-42	-41	-40	-39	-38	-37	-36	-35	-34	-33	-32	-31	-30	-29	-28	-27	-26	-25	-24	-23	-22	-21	-20	-19	-18	-17	-16	-15	-14	-13	-12	-11	-10	-9	-8	-7	-6	-5	-4	-3	-2	-1	0
	0	-3.8330714e-11	-3.8752255e-11	-3.8973175e-11	-3.863946e-11	-3.8266015e-11	-3.8319115e-11	-3.8709282e-11	-3.8745625e-11	-3.8805431e-11	-3.8354216e-11	-3.7705093e-11	-3.8444414e-11	-3.8904404e-11	-3.9261545e-11	-3.8952497e-11	-3.878374e-11	-3.8932461e-11	-3.9141294e-11	-3.9299772e-11	-3.9074445e-11	-3.9413129e-11	-3.8565078e-11	-3.9288094e-11	-3.9534362e-11	-3.9685005e-11	-3.8913216e-11	-3.7301856e-11	-3.7773371e-11	-3.8229708e-11	-3.8762573e-11	-3.9419381e-11	-6.5490655e-11	-7.8401216e-11	-7.9387524e-11	-7.9505666e-11	-8.0126995e-11	-8.016518e-11	-7.9914284e-11	-7.9848531e-11	-7.990434e-11	-7.9870187e-11	-7.6627614e-11	-7.5876465e-11	-7.8381787e-11	-8.0913505e-11	-8.3718234e-11	-8.6622799e-11	-9.1003524e-11	-9.3786597e-11	-1.0086815e-10	-1.1540819e-10
	1.66666666666667	-5.1125774e-11	-3.7011789e-11	-3.6364248e-11	-3.5773686e-11	-3.5706309e-11	-3.6325758e-11	-3.686864e-11	-3.6555189e-11	-3.6058628e-11	-3.618016e-11	-3.6058666e-11	-3.6200383e-11	-3.6587462e-11	-3.6124007e-11	-3.6266743e-11	-3.6806724e-11	-3.7242313e-11	-3.6560536e-11	-3.6947275e-11	-3.6546866e-11	-3.6813278e-11	-3.7111442e-11	-3.7616663e-11	-3.7336918e-11	-3.7068206e-11	-3.7516559e-11	-3.7551549e-11	-3.7835811e-11	-3.8213779e-11	-3.8707964e-11	-3.9630133e-11	-6.9001187e-11	-7.9713514e-11	-8.1076694e-11	-8.1308724e-11	-8.11664e-11	-8.1614604e-11	-8.184238e-11	-8.2326319e-11	-8.205437e-11	-8.078143e-11	-7.7260878e-11	-7.7117993e-11	-7.9782771e-11	-8.2208067e-11	-8.4929258e-11	-8.6663773e-11	-9.054775e-11	-9.4428451e-11	-1.0170844e-10	-1.1569339e-10
	3.33333333333333	-6.1170978e-11	-3.7367349e-11	-3.6768991e-11	-3.6849319e-11	-3.6938088e-11	-3.7257416e-11	-3.6879447e-11	-3.6933755e-11	-3.6484912e-11	-3.6706548e-11	-3.6590779e-11	-3.6729293e-11	-3.6086235e-11	-3.6053844e-11	-3.6656421e-11	-3.7502362e-11	-3.7074871e-11	-3.6817986e-11	-3.6655855e-11	-3.7279898e-11	-3.7531436e-11	-3.7659934e-11	-3.7482704e-11	-3.6780211e-11	-3.7116789e-11	-3.7712247e-11	-3.7804856e-11	-6.820812e-11	-8.0840029e-11	-8.1452546e-11	-8.1784343e-11	-8.2152667e-11	-8.2100847e-11	-8.1979729e-11	-8.268719e-11	-8.3210189e-11	-8.3237868e-11	-8.3294927e-11	-8.360574e-11	-8.3012167e-11	-8.2455084e-11	-8.2709374e-11	-7.9977441e-11	-8.131501e-11	-8.2832144e-11	-8.4516949e-11	-8.7400878e-11	-9.1679955e-11	-9.5249239e-11	-1.0135819e-10	-1.1519453e-10
	5	-6.1589463e-11	-3.7675151e-11	-3.7058714e-11	-3.7166163e-11	-3.6381721e-11	-3.63331e-11	-3.622961e-11	-3.6380517e-11	-3.6641242e-11	-3.6613712e-11	-3.6182644e-11	-3.6270206e-11	-3.6445822e-11	-3.6619662e-11	-3.7189626e-11	-3.6546901e-11	-3.6600681e-11	-3.6921403e-11	-3.729967e-11	-3.7389793e-11	-3.7305471e-11	-3.6896923e-11	-3.69643e-11	-3.7343434e-11	-3.7727124e-11	-3.7978887e-11	-3.7896068e-11	-3.7651951e-11	-3.8401969e-11	-3.9111089e-11	-7.3628513e-11	-8.2860621e-11	-8.3071182e-11	-8.3037174e-11	-8.3466734e-11	-8.414832e-11	-8.5344169e-11	-8.5049398e-11	-8.5151199e-11	-8.5342476e-11	-8.4997391e-11	-8.4229596e-11	-8.1622625e-11	-8.1953104e-11	-8.3678273e-11	-8.5601394e-11	-8.7776168e-11	-9.240346e-11	-9.5779239e-11	-1.0132636e-10	-1.1531298e-10
	6.66666666666667	-5.8964118e-11	-3.8577055e-11	-3.7075776e-11	-3.665002e-11	-3.695718e-11	-3.7404142e-11	-3.718827e-11	-3.6987875e-11	-3.7075475e-11	-3.6952174e-11	-3.6785599e-11	-3.7301929e-11	-3.7614252e-11	-3.7611653e-11	-3.7856676e-11	-3.7092461e-11	-3.7324487e-11	-3.7969058e-11	-3.821261e-11	-3.8044679e-11	-3.7590601e-11	-3.7627772e-11	-3.7504885e-11	-3.7850462e-11	-3.8093414e-11	-3.7692776e-11	-3.7935047e-11	-3.8369807e-11	-3.9543174e-11	-3.9421189e-11	-6.8551477e-11	-8.3209134e-11	-8.4742914e-11	-8.5053693e-11	-8.5549123e-11	-8.5689636e-11	-8.5935259e-11	-8.683216e-11	-8.7007693e-11	-8.7117022e-11	-8.6204953e-11	-8.5510217e-11	-8.3596366e-11	-8.3466734e-11	-8.5518918e-11	-8.7065244e-11	-8.9016683e-11	-9.2010392e-11	-9.5390695e-11	-1.0165413e-10	-1.1579357e-10
	8.33333333333333	-6.1289342e-11	-3.8106067e-11	-3.7228717e-11	-3.7053142e-11	-3.7525937e-11	-3.7623064e-11	-3.7079995e-11	-3.6816855e-11	-3.6771589e-11	-3.7203258e-11	-3.7478295e-11	-3.7390094e-11	-3.7307466e-11	-3.6757541e-11	-3.7359438e-11	-3.7486958e-11	-3.7684904e-11	-3.7648485e-11	-3.7876827e-11	-3.7962203e-11	-3.8115747e-11	-3.7893057e-11	-3.8313578e-11	-3.8669703e-11	-3.8217769e-11	-3.7957155e-11	-3.8470248e-11	-3.9023413e-11	-3.9316116e-11	-3.9870409e-11	-7.955063e-11	-8.5071318e-11	-8.568813e-11	-8.5889504e-11	-8.6435775e-11	-8.6486991e-11	-8.6948004e-11	-8.7745589e-11	-8.8309714e-11	-8.8003868e-11	-8.7186022e-11	-8.6248189e-11	-8.5633861e-11	-8.4925379e-11	-8.6282419e-11	-8.8181247e-11	-8.9705958e-11	-9.2598956e-11	-9.6110397e-11	-1.0255999e-10	-1.1606473e-10
	10	-6.2665324e-11	-3.7781205e-11	-3.6944527e-11	-3.7265399e-11	-3.7343961e-11	-3.7649089e-11	-3.7215574e-11	-3.6956087e-11	-3.7041731e-11	-3.7571168e-11	-3.7253044e-11	-3.7066548e-11	-3.7488238e-11	-3.7225327e-11	-3.7671762e-11	-3.7554071e-11	-3.7649918e-11	-3.801056e-11	-3.7403313e-11	-3.8251024e-11	-3.8331543e-11	-3.8279307e-11	-3.7998545e-11	-3.8181767e-11	-3.8486707e-11	-3.8504859e-11	-3.893762e-11	-3.8706385e-11	-3.908996e-11	-3.9596465e-11	-7.2496238e-11	-8.631202e-11	-8.6804099e-11	-8.7071003e-11	-8.7369202e-11	-8.8275026e-11	-8.8970283e-11	-8.9413935e-11	-8.981095e-11	-8.9298575e-11	-8.8369853e-11	-8.7694067e-11	-8.8107507e-11	-8.6023952e-11	-8.7311283e-11	-8.8339502e-11	-9.0591402e-11	-9.3996332e-11	-9.6944362e-11	-1.0310001e-10	-1.167247e-10
	11.6666666666667	-5.3396541e-11	-3.8590502e-11	-3.8008298e-11	-3.7700194e-11	-3.8179317e-11	-3.808415e-11	-3.7894188e-11	-3.7466284e-11	-3.7702154e-11	-3.792891e-11	-3.8362126e-11	-3.8312561e-11	-3.8223119e-11	-3.7911962e-11	-3.7676015e-11	-3.7562845e-11	-3.7868691e-11	-3.8155704e-11	-3.8395415e-11	-3.8557737e-11	-3.8232986e-11	-3.8495106e-11	-3.8601573e-11	-3.8797222e-11	-3.8613661e-11	-3.9020061e-11	-3.8493108e-11	-3.9370986e-11	-3.9685869e-11	-6.6511643e-11	-8.7723107e-11	-8.8499749e-11	-8.8280938e-11	-8.9240615e-11	-9.0034584e-11	-9.1149616e-11	-9.0656031e-11	-9.1289185e-11	-9.144141e-11	-9.119349e-11	-9.0907074e-11	-9.004765e-11	-8.9906464e-11	-8.7961839e-11	-8.8929232e-11	-9.0426486e-11	-9.2442179e-11	-9.4862798e-11	-9.7707897e-11	-1.0428972e-10	-1.1702803e-10
	13.3333333333333	-5.1158425e-11	-3.9019687e-11	-3.8283487e-11	-3.7874679e-11	-3.7299819e-11	-3.7478409e-11	-3.746858e-11	-3.7863306e-11	-3.7954972e-11	-3.8234416e-11	-3.8090853e-11	-3.8400425e-11	-3.7993761e-11	-3.8333427e-11	-3.8002199e-11	-3.8154462e-11	-3.7895541e-11	-3.8284504e-11	-3.864669e-11	-3.8135332e-11	-3.8836653e-11	-3.88269e-11	-3.8110549e-11	-3.8499211e-11	-3.8815715e-11	-3.898323e-11	-3.9095047e-11	-3.9480617e-11	-3.9580231e-11	-4.0104472e-11	-8.2014867e-11	-8.9676468e-11	-9.0906623e-11	-9.1128181e-11	-9.1207458e-11	-9.1193074e-11	-9.2066396e-11	-9.2556664e-11	-9.3018503e-11	-9.3033678e-11	-9.2411523e-11	-9.1154244e-11	-9.0020158e-11	-8.8370269e-11	-8.9019132e-11	-9.08826e-11	-9.2790164e-11	-9.4860127e-11	-9.7434255e-11	-1.0424332e-10	-1.1736528e-10
	15	-6.3853228e-11	-3.9674722e-11	-3.7858258e-11	-3.7617982e-11	-3.7797473e-11	-3.8440195e-11	-3.868552e-11	-3.8154951e-11	-3.7968493e-11	-3.7482704e-11	-3.7973916e-11	-3.8271136e-11	-3.8485125e-11	-3.8449875e-11	-3.818075e-11	-3.8264281e-11	-3.8513182e-11	-3.8639196e-11	-3.8702694e-11	-3.8854843e-11	-3.8959728e-11	-3.8815149e-11	-3.9243053e-11	-3.9458398e-11	-3.9840169e-11	-3.9395393e-11	-3.8982439e-11	-3.9668321e-11	-4.0211168e-11	-4.1069235e-11	-8.7825504e-11	-9.2230786e-11	-9.2351751e-11	-9.291113e-11	-9.2990254e-11	-9.3512878e-11	-9.4038478e-11	-9.4214317e-11	-9.4233635e-11	-9.49162e-11	-9.4204713e-11	-9.3700769e-11	-9.2532447e-11	-9.0899246e-11	-9.1081073e-11	-9.2536784e-11	-9.3835634e-11	-9.5595754e-11	-9.8359244e-11	-1.0432625e-10	-1.1687591e-10
	16.6666666666667	-6.3014031e-11	-3.8982324e-11	-3.8809463e-11	-3.8371729e-11	-3.836623e-11	-3.8654677e-11	-3.8734366e-11	-3.8468329e-11	-3.8673731e-11	-3.8598069e-11	-3.8179845e-11	-3.8173895e-11	-3.8497289e-11	-3.8713088e-11	-3.8738734e-11	-3.7994403e-11	-3.8375417e-11	-3.865076e-11	-3.9194734e-11	-3.8908436e-11	-3.8472812e-11	-3.8637427e-11	-3.8550618e-11	-3.8849909e-11	-3.9130785e-11	-3.9397763e-11	-3.9278341e-11	-7.6877532e-11	-9.1818698e-11	-9.2630972e-11	-9.3228689e-11	-9.374905e-11	-9.4391356e-11	-9.3866928e-11	-9.4499256e-11	-9.558996e-11	-9.5920168e-11	-9.6110925e-11	-9.5921188e-11	-9.6063581e-11	-9.5552788e-11	-9.4747446e-11	-9.3788893e-11	-9.3902781e-11	-9.2948302e-11	-9.2991233e-11	-9.4847512e-11	-9.7024389e-11	-9.9149147e-11	-1.0363706e-10	-1.1786523e-10
	18.3333333333333	-6.3240073e-11	-4.0174634e-11	-3.9103783e-11	-3.8770633e-11	-3.8283866e-11	-3.8383779e-11	-3.780512e-11	-3.8362088e-11	-3.8395002e-11	-3.864925e-11	-3.8163462e-11	-3.7680876e-11	-3.7974103e-11	-3.8361671e-11	-3.8686422e-11	-3.8698853e-11	-3.7928497e-11	-3.8328871e-11	-3.8800987e-11	-3.9042318e-11	-3.9070341e-11	-3.8692299e-11	-3.8509793e-11	-3.8980669e-11	-3.8840042e-11	-3.9760063e-11	-3.966109e-11	-3.9935073e-11	-4.0192485e-11	-5.3863764e-11	-9.300901e-11	-9.497951e-11	-9.4942075e-11	-9.515512e-11	-9.5525143e-11	-9.6471824e-11	-9.69331e-11	-9.7253101e-11	-9.719104e-11	-9.7572131e-11	-9.661863e-11	-9.5895805e-11	-9.4617585e-11	-9.4237479e-11	-9.3390629e-11	-9.3815185e-11	-9.5237943e-11	-9.7204293e-11	-9.911371e-11	-1.0525896e-10	-1.1815846e-10
	20	-5.8610068e-11	-3.9680485e-11	-3.8247221e-11	-3.7906501e-11	-3.8416961e-11	-3.7924316e-11	-3.8362917e-11	-3.8502788e-11	-3.8075564e-11	-3.8220972e-11	-3.8371615e-11	-3.8380615e-11	-3.8047693e-11	-3.8296217e-11	-3.8814698e-11	-3.8439744e-11	-3.8070703e-11	-3.831328e-11	-3.8438953e-11	-3.8803624e-11	-3.86404e-11	-3.8764006e-11	-3.8799481e-11	-3.9178955e-11	-3.8685069e-11	-3.9216162e-11	-3.9875644e-11	-7.8900525e-11	-9.4414108e-11	-9.5026924e-11	-9.5791181e-11	-9.6257613e-11	-9.6895138e-11	-9.6650681e-11	-9.7273439e-11	-9.7666736e-11	-9.8220952e-11	-9.877954e-11	-9.9117811e-11	-9.8708285e-11	-9.7987306e-11	-9.734108e-11	-9.6072018e-11	-9.6573437e-11	-9.5229276e-11	-9.5201104e-11	-9.6207861e-11	-9.7931795e-11	-1.0011421e-10	-1.0560672e-10	-1.1781676e-10
	21.6666666666667	-6.4670061e-11	-3.9112446e-11	-3.8512617e-11	-3.8834581e-11	-3.8793493e-11	-3.8145424e-11	-3.8443058e-11	-3.800182e-11	-3.8784493e-11	-3.8620895e-11	-3.9083861e-11	-3.8512055e-11	-3.8700095e-11	-3.9024204e-11	-3.8965341e-11	-3.9369931e-11	-3.8954267e-11	-3.8805733e-11	-3.8740202e-11	-3.9519898e-11	-3.9680034e-11	-3.9634802e-11	-3.926821e-11	-3.8948129e-11	-3.9408948e-11	-3.974835e-11	-3.9930517e-11	-4.0184918e-11	-4.001853e-11	-4.8638718e-11	-9.4613442e-11	-9.8121795e-11	-9.867164e-11	-9.901515e-11	-9.9333236e-11	-9.9260662e-11	-1.0057088e-10	-1.010467e-10	-1.013609e-10	-1.0108541e-10	-1.0031265e-10	-9.9314668e-11	-9.7881932e-11	-9.743395e-11	-9.8063453e-11	-9.6860527e-11	-9.716946e-11	-9.8945026e-11	-1.0053846e-10	-1.0619876e-10	-1.2036486e-10
	23.3333333333333	-6.1198054e-11	-4.003672e-11	-3.8577207e-11	-3.916532e-11	-3.9250322e-11	-3.9317809e-11	-3.8662396e-11	-3.8617391e-11	-3.9007596e-11	-3.8512128e-11	-3.8479477e-11	-3.8797108e-11	-3.8162484e-11	-3.8288761e-11	-3.9120089e-11	-3.9476589e-11	-3.8965227e-11	-3.9703872e-11	-3.9014902e-11	-3.8643679e-11	-3.9520991e-11	-3.9985765e-11	-3.9724172e-11	-3.9064352e-11	-3.9300299e-11	-4.0065305e-11	-3.9974843e-11	-4.0520361e-11	-5.0874048e-11	-9.5769073e-11	-9.8097877e-11	-9.8685012e-11	-9.9629589e-11	-9.9413186e-11	-9.9885759e-11	-1.0041629e-10	-1.0100708e-10	-1.0150405e-10	-1.0182609e-10	-1.0183272e-10	-1.0139208e-10	-9.9834127e-11	-9.9496494e-11	-9.8987804e-11	-9.8706633e-11	-9.7088899e-11	-9.7563131e-11	-9.9317228e-11	-1.0088987e-10	-1.0636375e-10	-1.1859246e-10
	25	-6.2523535e-11	-3.9773244e-11	-3.7875279e-11	-3.8170467e-11	-3.834898e-11	-3.8349584e-11	-3.7753072e-11	-3.8217467e-11	-3.868552e-11	-3.8440574e-11	-3.8252193e-11	-3.7579079e-11	-3.8281378e-11	-3.7556219e-11	-3.8129153e-11	-3.7979189e-11	-3.8481624e-11	-3.8262397e-11	-3.8497101e-11	-3.8898003e-11	-3.9087625e-11	-3.8875181e-11	-3.8480379e-11	-3.8604848e-11	-3.9175111e-11	-3.9549086e-11	-4.005318e-11	-4.0214328e-11	-4.0312021e-11	-4.1227938e-11	-9.3465499e-11	-9.9568236e-11	-1.0015029e-10	-1.0053838e-10	-1.0040786e-10	-1.00714e-10	-1.0132648e-10	-1.0148665e-10	-1.0214116e-10	-1.0198069e-10	-1.0201963e-10	-1.00893e-10	-1.0003474e-10	-9.9078572e-11	-9.682799e-11	-9.6602851e-11	-9.7510854e-11	-9.9343103e-11	-1.0101276e-10	-1.0600427e-10	-1.1802882e-10
	26.6666666666667	-6.323167e-11	-4.0291721e-11	-3.8931219e-11	-3.9105177e-11	-3.8998783e-11	-3.9295778e-11	-3.9186449e-11	-3.896387e-11	-3.9352233e-11	-3.9203921e-11	-3.8013159e-11	-3.8200183e-11	-3.8867385e-11	-3.8851266e-11	-3.9122011e-11	-3.8881207e-11	-3.9097343e-11	-3.9075011e-11	-3.9548108e-11	-3.9983204e-11	-3.9968969e-11	-3.9359311e-11	-3.8991779e-11	-3.9750873e-11	-4.0166388e-11	-4.0178475e-11	-3.9948631e-11	-4.0365201e-11	-4.0927515e-11	-4.1559468e-11	-9.3654522e-11	-9.9363441e-11	-9.9453633e-11	-1.0026817e-10	-1.0051635e-10	-1.0129812e-10	-1.0237233e-10	-1.0223908e-10	-1.0244833e-10	-1.0235719e-10	-1.0264883e-10	-1.0201733e-10	-1.0068093e-10	-9.9819659e-11	-9.916154e-11	-9.8529962e-11	-9.8386514e-11	-9.9672368e-11	-9.9908616e-11	-1.0517585e-10	-1.1778283e-10
	28.3333333333333	-6.3524637e-11	-3.8922972e-11	-3.8423813e-11	-3.7996134e-11	-3.8022648e-11	-3.8381444e-11	-3.8119362e-11	-3.824048e-11	-3.8235394e-11	-3.8166775e-11	-3.7922433e-11	-3.8236223e-11	-3.8572121e-11	-3.821423e-11	-3.7774839e-11	-3.8087426e-11	-3.9084576e-11	-3.9109584e-11	-3.9009667e-11	-3.8666011e-11	-3.9265837e-11	-3.9611339e-11	-3.9784391e-11	-3.9745224e-11	-3.9398443e-11	-3.9408837e-11	-3.9739274e-11	-4.0175013e-11	-7.2563351e-11	-9.691084e-11	-9.8751597e-11	-9.9084178e-11	-9.9300242e-11	-1.0026022e-10	-1.0096539e-10	-1.0141118e-10	-1.0175122e-10	-1.0177047e-10	-1.0304115e-10	-1.0322893e-10	-1.0308849e-10	-1.0235425e-10	-1.0110944e-10	-9.9744074e-11	-9.9804977e-11	-9.952493e-11	-9.8288593e-11	-9.8995111e-11	-9.9632677e-11	-1.0409901e-10	-1.1881474e-10
	30	-6.0927347e-11	-4.0208191e-11	-3.862579e-11	-3.8262924e-11	-3.8551634e-11	-3.8623566e-11	-3.8986054e-11	-3.8610573e-11	-3.8581686e-11	-3.8164895e-11	-3.8341299e-11	-3.9258381e-11	-3.8761029e-11	-3.8147832e-11	-3.8919583e-11	-3.8649892e-11	-3.8677537e-11	-3.9217556e-11	-3.9161029e-11	-3.9131726e-11	-3.9069775e-11	-3.9780776e-11	-4.0022447e-11	-4.0274287e-11	-4.0067036e-11	-4.0228001e-11	-4.0559868e-11	-4.0908988e-11	-4.1166549e-11	-5.9462789e-11	-9.6145945e-11	-9.8747038e-11	-9.9045959e-11	-9.99427e-11	-1.006592e-10	-1.0070225e-10	-1.0124969e-10	-1.0201338e-10	-1.0289235e-10	-1.0352923e-10	-1.0289596e-10	-1.0207051e-10	-1.0114973e-10	-9.988263e-11	-9.9733118e-11	-9.9077135e-11	-9.8732952e-11	-9.9350861e-11	-9.9401661e-11	-1.038863e-10	-1.169507e-10
	31.6666666666667	-6.2622921e-11	-4.0219602e-11	-3.9304855e-11	-3.8623868e-11	-3.871678e-11	-3.9003981e-11	-3.88942e-11	-3.9193603e-11	-3.9367936e-11	-3.9135379e-11	-3.9189575e-11	-3.8997163e-11	-3.929574e-11	-3.9179219e-11	-3.8846031e-11	-3.8823961e-11	-3.8866407e-11	-3.9536582e-11	-3.9236801e-11	-3.9509354e-11	-3.9397086e-11	-3.9783149e-11	-4.0000565e-11	-4.0441803e-11	-4.0623064e-11	-4.0070353e-11	-4.0393369e-11	-4.0904769e-11	-6.2306077e-11	-9.5469931e-11	-9.7562562e-11	-9.7837453e-11	-9.8105107e-11	-9.8526798e-11	-9.9263972e-11	-1.0032688e-10	-1.0035961e-10	-1.0100756e-10	-1.021479e-10	-1.0274377e-10	-1.0300149e-10	-1.0194612e-10	-1.0116883e-10	-9.9713043e-11	-9.9933097e-11	-9.8527103e-11	-9.8079427e-11	-9.8730281e-11	-9.9381024e-11	-1.0436561e-10	-1.1745303e-10
	33.3333333333333	-6.3298561e-11	-4.085984e-11	-3.8980742e-11	-3.8490586e-11	-3.9084652e-11	-3.9081297e-11	-3.894764e-11	-3.8662244e-11	-3.8933367e-11	-3.8673429e-11	-3.8519285e-11	-3.8699679e-11	-3.9217556e-11	-3.8645184e-11	-3.8508738e-11	-3.9109167e-11	-3.9471277e-11	-4.0097092e-11	-3.9368425e-11	-3.9529428e-11	-4.0382409e-11	-4.0487072e-11	-4.0217944e-11	-4.0335974e-11	-4.0329122e-11	-4.0313378e-11	-4.0885711e-11	-4.1545007e-11	-4.1449497e-11	-5.2665657e-11	-9.4235633e-11	-9.6366568e-11	-9.6687283e-11	-9.7451915e-11	-9.7590547e-11	-9.912561e-11	-9.9585978e-11	-1.0047907e-10	-1.0135928e-10	-1.0177461e-10	-1.014412e-10	-1.0094226e-10	-1.0075041e-10	-9.9985069e-11	-9.9213318e-11	-9.7754409e-11	-9.7034408e-11	-9.8554366e-11	-9.9474352e-11	-1.0341693e-10	-1.1709705e-10
	35	-6.3124186e-11	-3.9741457e-11	-3.9473841e-11	-3.9679995e-11	-3.9446082e-11	-3.9205882e-11	-3.9069924e-11	-3.924102e-11	-3.8942669e-11	-3.9147921e-11	-3.8825467e-11	-3.8463961e-11	-3.9093954e-11	-3.8875181e-11	-3.8520978e-11	-3.8193781e-11	-3.9557899e-11	-3.863208e-11	-3.8897663e-11	-3.969039e-11	-3.9701235e-11	-3.9947049e-11	-3.9622486e-11	-4.02164e-11	-4.0511549e-11	-4.0529288e-11	-4.1050292e-11	-4.1331695e-11	-6.9015724e-11	-9.2641249e-11	-9.4511121e-11	-9.5596094e-11	-9.5598057e-11	-9.5893841e-11	-9.6188238e-11	-9.735332e-11	-9.7716786e-11	-9.9164892e-11	-1.0045338e-10	-1.0047372e-10	-1.0032115e-10	-1.000677e-10	-1.0005938e-10	-9.9734096e-11	-9.9276781e-11	-9.6826179e-11	-9.665211e-11	-9.7676076e-11	-9.8320865e-11	-1.0363551e-10	-1.1647347e-10
	36.6666666666667	-6.2889902e-11	-3.9919179e-11	-3.8588317e-11	-3.8270082e-11	-3.8261193e-11	-3.7820976e-11	-3.806935e-11	-3.8283151e-11	-3.8858909e-11	-3.8785773e-11	-3.8602514e-11	-3.7968077e-11	-3.8818952e-11	-3.871467e-11	-3.9080659e-11	-3.8866934e-11	-3.7987283e-11	-3.8655391e-11	-3.9044729e-11	-4.0014502e-11	-4.0326447e-11	-4.0238243e-11	-3.9414222e-11	-3.9770721e-11	-4.0338798e-11	-4.0912263e-11	-4.106818e-11	-7.8514389e-11	-9.2265737e-11	-9.2837689e-11	-9.2824776e-11	-9.4047214e-11	-9.3714439e-11	-9.4241052e-11	-9.5150977e-11	-9.5948902e-11	-9.7384538e-11	-9.8280682e-11	-9.8675824e-11	-9.9484407e-11	-9.9842072e-11	-9.9332854e-11	-9.9018196e-11	-9.9302691e-11	-9.8183406e-11	-9.6214751e-11	-9.6506136e-11	-9.8187514e-11	-9.8582274e-11	-1.0269783e-10	-1.1583643e-10
	38.3333333333333	-6.0391581e-11	-4.0605627e-11	-3.9031927e-11	-3.9138769e-11	-3.8679043e-11	-3.8560599e-11	-3.8791987e-11	-3.8803058e-11	-3.9178692e-11	-3.8357643e-11	-3.8613134e-11	-3.888919e-11	-3.9295064e-11	-3.9919217e-11	-3.9144608e-11	-3.8700321e-11	-3.9351553e-11	-3.93038e-11	-3.9765108e-11	-3.9998494e-11	-4.0263102e-11	-4.0451819e-11	-4.039194e-11	-4.0767192e-11	-4.117879e-11	-4.0724295e-11	-4.0720646e-11	-4.1373873e-11	-6.2951776e-11	-8.9505826e-11	-9.1263802e-11	-9.1242298e-11	-9.1678297e-11	-9.2611238e-11	-9.3563192e-11	-9.4515153e-11	-9.5655227e-11	-9.656681e-11	-9.7446759e-11	-9.8621555e-11	-9.8862168e-11	-9.8956586e-11	-9.8981968e-11	-9.8110985e-11	-9.7908064e-11	-9.6385698e-11	-9.6650417e-11	-9.8036607e-11	-9.7979548e-11	-1.0231591e-10	-1.1635479e-10
	40	-6.2185715e-11	-3.99153e-11	-3.8751766e-11	-3.8008978e-11	-3.8203232e-11	-3.848618e-11	-3.878502e-11	-3.8649816e-11	-3.8206282e-11	-3.8668006e-11	-3.8778879e-11	-3.9101673e-11	-3.913685e-11	-3.9623277e-11	-3.9114892e-11	-3.8250045e-11	-3.8541541e-11	-3.9149465e-11	-3.9207311e-11	-3.9556167e-11	-3.9719616e-11	-4.0283402e-11	-4.0815438e-11	-4.0756835e-11	-4.0701699e-11	-4.0512944e-11	-4.066001e-11	-4.1111226e-11	-4.1408935e-11	-5.6382194e-11	-8.7788034e-11	-8.907796e-11	-8.9916782e-11	-9.0820643e-11	-9.1514213e-11	-9.2420412e-11	-9.3073597e-11	-9.4281354e-11	-9.5754273e-11	-9.6917807e-11	-9.7696559e-11	-9.8595833e-11	-9.7512172e-11	-9.783617e-11	-9.6400381e-11	-9.5375291e-11	-9.5793214e-11	-9.7213557e-11	-9.7289933e-11	-1.0221942e-10	-1.1568733e-10
	41.6666666666667	-5.5026848e-11	-4.0259674e-11	-3.9076593e-11	-3.915504e-11	-3.9290394e-11	-3.9279319e-11	-3.886938e-11	-3.9110035e-11	-3.8843921e-11	-3.95028e-11	-3.928817e-11	-3.8735948e-11	-3.8549788e-11	-3.874864e-11	-3.9237818e-11	-3.9514135e-11	-3.9006205e-11	-3.9187126e-11	-3.902605e-11	-3.9472859e-11	-4.0336089e-11	-4.0933579e-11	-4.0885111e-11	-4.0723432e-11	-4.0303021e-11	-4.1298968e-11	-4.174559e-11	-4.1800046e-11	-4.2202717e-11	-7.0042888e-11	-8.6643324e-11	-8.7361895e-11	-8.8073951e-11	-8.9145143e-11	-8.9310177e-11	-8.995836e-11	-9.1387703e-11	-9.3252642e-11	-9.4499145e-11	-9.5918697e-11	-9.6166249e-11	-9.6876306e-11	-9.7492514e-11	-9.7868672e-11	-9.5601971e-11	-9.4087398e-11	-9.4591147e-11	-9.6424264e-11	-9.6685743e-11	-1.0179337e-10	-1.1545052e-10
	43.3333333333333	-5.7161022e-11	-3.9782056e-11	-3.8849948e-11	-3.8564478e-11	-3.9300597e-11	-3.8965116e-11	-3.8541843e-11	-3.8469006e-11	-3.9108376e-11	-3.9091806e-11	-3.9598987e-11	-3.8805431e-11	-3.8863655e-11	-3.8936642e-11	-3.915086e-11	-3.8780538e-11	-3.9436291e-11	-3.9112973e-11	-3.9227122e-11	-3.9786462e-11	-3.9998345e-11	-4.0502737e-11	-4.0263928e-11	-3.9884117e-11	-4.0455923e-11	-4.0743051e-11	-4.0986606e-11	-4.1282394e-11	-6.5521387e-11	-8.3651912e-11	-8.4286612e-11	-8.5125698e-11	-8.5674343e-11	-8.6692285e-11	-8.7292673e-11	-8.7833636e-11	-8.945758e-11	-9.0623752e-11	-9.2552445e-11	-9.3941382e-11	-9.456818e-11	-9.5824695e-11	-9.6837781e-11	-9.723141e-11	-9.7176614e-11	-9.5517871e-11	-9.4597968e-11	-9.6246913e-11	-9.64194e-11	-1.0121753e-10	-1.1567969e-10
	45	-5.7920568e-11	-3.9171347e-11	-3.8765924e-11	-3.9266403e-11	-3.898579e-11	-3.8780236e-11	-3.8736889e-11	-3.9437158e-11	-3.9382136e-11	-3.9854817e-11	-3.9330126e-11	-3.9285609e-11	-3.9383077e-11	-3.8966018e-11	-3.9268172e-11	-4.0127259e-11	-3.9507887e-11	-3.9542685e-11	-3.9948593e-11	-4.0425833e-11	-4.0995193e-11	-4.0997077e-11	-4.0800561e-11	-4.0583481e-11	-4.1174043e-11	-4.1444525e-11	-4.1607259e-11	-4.1992229e-11	-6.7912974e-11	-8.1454433e-11	-8.3224386e-11	-8.3342375e-11	-8.411917e-11	-8.5307983e-11	-8.5822578e-11	-8.6671385e-11	-8.7942514e-11	-8.9421352e-11	-9.1480989e-11	-9.3015373e-11	-9.3645446e-11	-9.4471236e-11	-9.5801762e-11	-9.6798125e-11	-9.6709203e-11	-9.4776367e-11	-9.4795082e-11	-9.5350811e-11	-9.5818672e-11	-1.0062776e-10	-1.1530473e-10
	46.6666666666667	-6.2150236e-11	-4.0412954e-11	-3.9761645e-11	-4.0117916e-11	-3.9910894e-11	-3.9485928e-11	-3.9303949e-11	-3.9561139e-11	-3.9660036e-11	-4.0180699e-11	-3.9961322e-11	-3.9373133e-11	-3.9373813e-11	-3.9882913e-11	-3.9703647e-11	-4.0236814e-11	-4.0681854e-11	-3.96983e-11	-4.0322943e-11	-4.0640314e-11	-4.1193552e-11	-4.1510847e-11	-4.1839213e-11	-4.1639383e-11	-4.1670493e-11	-4.1549975e-11	-4.2139712e-11	-4.234323e-11	-7.7038119e-11	-8.0504318e-11	-8.1083168e-11	-8.1555103e-11	-8.2191157e-11	-8.3101762e-11	-8.4073415e-11	-8.4601687e-11	-8.5941324e-11	-8.7892388e-11	-8.9622684e-11	-9.0860451e-11	-9.2188833e-11	-9.3377375e-11	-9.5168304e-11	-9.6606952e-11	-9.480533e-11	-9.3629327e-11	-9.4685267e-11	-9.5620463e-11	-9.6264129e-11	-1.0125839e-10	-1.153506e-10
	48.3333333333333	-5.9851936e-11	-4.0900287e-11	-3.9952926e-11	-3.9466271e-11	-4.031929e-11	-3.9898428e-11	-3.994317e-11	-3.9878847e-11	-3.9976914e-11	-3.9781792e-11	-3.980985e-11	-3.9770156e-11	-3.9634462e-11	-3.9711855e-11	-4.0669274e-11	-4.0210186e-11	-3.9290318e-11	-3.9580644e-11	-4.0844324e-11	-4.1424905e-11	-4.1580333e-11	-4.1844223e-11	-4.1854541e-11	-4.1740316e-11	-4.1834883e-11	-4.2193377e-11	-4.2775616e-11	-7.1448243e-11	-7.8025364e-11	-7.8171372e-11	-7.8707894e-11	-7.9385942e-11	-8.0305963e-11	-8.0812503e-11	-8.154448e-11	-8.2287302e-11	-8.3926047e-11	-8.608067e-11	-8.792244e-11	-8.9545218e-11	-9.1062768e-11	-9.2359696e-11	-9.429766e-11	-9.625388e-11	-9.6464822e-11	-9.4239845e-11	-9.4417724e-11	-9.5900926e-11	-9.476183e-11	-9.9763545e-11	-1.1494194e-10
	50	-6.4586336e-11	-4.0678613e-11	-3.9907695e-11	-4.0036571e-11	-3.9229307e-11	-3.9132066e-11	-3.897728e-11	-3.9677622e-11	-3.9897526e-11	-3.9566145e-11	-3.9733852e-11	-3.9304629e-11	-3.9501746e-11	-4.0127068e-11	-4.0234364e-11	-4.083649e-11	-3.9907768e-11	-4.0330701e-11	-4.084259e-11	-4.162511e-11	-4.1482526e-11	-4.1693843e-11	-4.1538151e-11	-4.1856952e-11	-4.2166336e-11	-4.2395389e-11	-4.2493987e-11	-4.2180422e-11	-5.6546094e-11	-7.4640502e-11	-7.6042395e-11	-7.624637e-11	-7.7530343e-11	-7.7862022e-11	-7.8832024e-11	-8.0485563e-11	-8.1899168e-11	-8.3654327e-11	-8.5718294e-11	-8.7689737e-11	-8.9776533e-11	-9.1164035e-11	-9.3625933e-11	-9.5717517e-11	-9.5386699e-11	-9.4442391e-11	-9.4160908e-11	-9.4653368e-11	-9.3592835e-11	-9.9209821e-11	-1.1463621e-10
	51.6666666666667	-6.3996565e-11	-4.0995419e-11	-4.037665e-11	-4.0248187e-11	-3.9982902e-11	-4.0003466e-11	-3.996313e-11	-4.0360153e-11	-4.0298993e-11	-4.0753109e-11	-3.9714607e-11	-3.9736901e-11	-4.0312021e-11	-4.0261065e-11	-4.0390621e-11	-4.069315e-11	-4.0644078e-11	-4.1297195e-11	-4.1294596e-11	-4.171689e-11	-4.1804903e-11	-4.1617616e-11	-4.1674032e-11	-4.1846745e-11	-4.2000403e-11	-4.2303799e-11	-4.2772039e-11	-6.1422138e-11	-7.2566363e-11	-7.3810832e-11	-7.3872859e-11	-7.4197877e-11	-7.4588419e-11	-7.5345251e-11	-7.6895906e-11	-7.8246506e-11	-8.0305811e-11	-8.2218385e-11	-8.4070403e-11	-8.6450125e-11	-8.7755643e-11	-8.9743428e-11	-9.1828038e-11	-9.4063105e-11	-9.53609e-11	-9.3949744e-11	-9.397249e-11	-9.2750654e-11	-9.276143e-11	-9.8622117e-11	-1.1382398e-10
	53.3333333333333	-6.3610957e-11	-4.0709758e-11	-3.9614804e-11	-3.9380027e-11	-3.9667079e-11	-3.9892929e-11	-3.9544229e-11	-3.9629567e-11	-3.9976238e-11	-3.9459075e-11	-3.9436291e-11	-3.9973715e-11	-4.0165482e-11	-4.0201637e-11	-3.9745564e-11	-4.0024706e-11	-4.0182281e-11	-4.0217382e-11	-4.1043398e-11	-4.1314747e-11	-4.123385e-11	-4.1176229e-11	-4.1971891e-11	-4.1762233e-11	-4.153879e-11	-4.152945e-11	-4.1924592e-11	-4.2395806e-11	-6.4970897e-11	-7.1389984e-11	-7.2122038e-11	-7.214742e-11	-7.2443739e-11	-7.3462354e-11	-7.4610151e-11	-7.6534779e-11	-7.8070821e-11	-7.9641807e-11	-8.1903311e-11	-8.4649066e-11	-8.7078608e-11	-8.934313e-11	-9.1220718e-11	-9.3733007e-11	-9.6011532e-11	-9.3591968e-11	-9.2447709e-11	-9.1509952e-11	-9.2012314e-11	-9.8242761e-11	-1.1447197e-10
	55	-6.1229126e-11	-4.0793743e-11	-4.0062821e-11	-4.0962955e-11	-4.056401e-11	-4.0301065e-11	-3.9967085e-11	-3.9672161e-11	-3.9838886e-11	-3.9787593e-11	-3.9831468e-11	-4.0219564e-11	-3.9702779e-11	-3.9442467e-11	-3.9481484e-11	-4.0072952e-11	-3.9855268e-11	-4.0572976e-11	-4.0726519e-11	-4.0588529e-11	-4.170092e-11	-4.1677987e-11	-4.2042998e-11	-4.2120842e-11	-4.2045256e-11	-4.2253069e-11	-6.0040847e-11	-7.0035845e-11	-7.0346361e-11	-7.0874369e-11	-7.1116189e-11	-7.1299786e-11	-7.2173184e-11	-7.2999273e-11	-7.3471208e-11	-7.4834569e-11	-7.6711672e-11	-7.8253098e-11	-8.0917953e-11	-8.3026662e-11	-8.4419673e-11	-8.7837591e-11	-9.0808139e-11	-9.3551257e-11	-9.5070347e-11	-9.2464168e-11	-9.3888924e-11	-9.1173638e-11	-9.1452068e-11	-9.8273112e-11	-1.1425248e-10
	56.6666666666667	-6.2927712e-11	-4.0628563e-11	-4.0408472e-11	-4.0212746e-11	-3.9997401e-11	-4.0145786e-11	-4.005973e-11	-3.9801828e-11	-4.0138858e-11	-4.0536446e-11	-4.0207324e-11	-4.0150907e-11	-4.0349609e-11	-4.0098147e-11	-4.0403764e-11	-4.1020499e-11	-4.0769339e-11	-4.0666411e-11	-4.0465867e-11	-4.0584047e-11	-4.1389805e-11	-4.1269214e-11	-4.1832059e-11	-4.1909073e-11	-4.2467096e-11	-4.6280462e-11	-7.0041008e-11	-7.0514365e-11	-7.0694575e-11	-7.1275229e-11	-7.1588568e-11	-7.2663493e-11	-7.2894163e-11	-7.3455124e-11	-7.3864352e-11	-7.536273e-11	-7.7002071e-11	-7.8857858e-11	-8.0581715e-11	-8.3066623e-11	-8.5447288e-11	-8.7481397e-11	-9.1113762e-11	-9.4272312e-11	-9.6473073e-11	-9.4552394e-11	-9.4292275e-11	-9.2024513e-11	-9.1659395e-11	-9.7295852e-11	-1.1444391e-10
	58.3333333333333	-6.5680843e-11	-4.1565643e-11	-4.1153407e-11	-4.1174422e-11	-4.1676329e-11	-4.1479889e-11	-4.1645749e-11	-4.1273245e-11	-4.1264808e-11	-4.1412779e-11	-4.1400838e-11	-4.1481922e-11	-4.1318549e-11	-4.0609054e-11	-4.1058049e-11	-4.1031574e-11	-4.1357452e-11	-4.0595194e-11	-4.0847523e-11	-4.1341749e-11	-4.2331968e-11	-4.2563019e-11	-4.2323721e-11	-4.2338823e-11	-4.2739763e-11	-4.3266564e-11	-6.7854486e-11	-7.1936443e-11	-7.2330114e-11	-7.2557252e-11	-7.2903163e-11	-7.3521411e-11	-7.397933e-11	-7.4422149e-11	-7.4933094e-11	-7.6159412e-11	-7.6862537e-11	-7.9212435e-11	-8.0422786e-11	-8.2500166e-11	-8.4860188e-11	-8.7232797e-11	-9.0177435e-11	-9.457405e-11	-9.689638e-11	-9.4713286e-11	-9.5184652e-11	-9.1693514e-11	-9.1723983e-11	-9.8633719e-11	-1.1436181e-10
	60	-6.3212956e-11	-4.2146151e-11	-4.1675691e-11	-4.223567e-11	-4.1437936e-11	-4.1176153e-11	-4.151416e-11	-4.1907908e-11	-4.1707589e-11	-4.1775e-11	-4.1684992e-11	-4.1654111e-11	-4.1845579e-11	-4.4020163e-11	-4.4533065e-11	-4.4050968e-11	-4.3745237e-11	-4.4295276e-11	-4.4564703e-11	-4.4724949e-11	-4.4888097e-11	-4.5339274e-11	-4.5176807e-11	-4.5624518e-11	-4.6517009e-11	-4.6023386e-11	-4.8320143e-11	-7.4787572e-11	-7.6930101e-11	-7.6962985e-11	-7.6615221e-11	-7.6877796e-11	-7.749227e-11	-7.7156372e-11	-7.876589e-11	-7.910371e-11	-7.975276e-11	-8.0454421e-11	-8.2435878e-11	-8.394533e-11	-8.6792989e-11	-8.9494114e-11	-9.2119763e-11	-9.5911772e-11	-9.8054231e-11	-9.7206104e-11	-9.6977766e-11	-9.3510505e-11	-9.2253004e-11	-9.9342271e-11	-1.1630584e-10
	61.6666666666667	-6.6723863e-11	-4.5567349e-11	-4.4501392e-11	-4.4422608e-11	-4.415706e-11	-4.4560484e-11	-4.4497701e-11	-4.4583569e-11	-4.4120717e-11	-4.445699e-11	-4.4840794e-11	-4.5187954e-11	-4.4953628e-11	-4.4233173e-11	-4.4009504e-11	-4.405639e-11	-4.4666951e-11	-4.5145134e-11	-4.4819065e-11	-4.4733647e-11	-4.5154585e-11	-4.5762134e-11	-4.6189056e-11	-4.8976007e-11	-7.7814456e-11	-7.8117859e-11	-7.7737629e-11	-7.7734014e-11	-7.7919719e-11	-7.8052891e-11	-7.867814e-11	-7.847567e-11	-7.9183514e-11	-7.9506006e-11	-8.0125337e-11	-8.1236039e-11	-8.1755158e-11	-8.1780881e-11	-8.2894698e-11	-8.4204775e-11	-8.6461949e-11	-8.8918539e-11	-9.1969189e-11	-9.5112793e-11	-9.7985835e-11	-9.6131561e-11	-9.6557019e-11	-9.694455e-11	-9.3283596e-11	-9.9545414e-11	-1.170696e-10
	63.3333333333333	-5.4735806e-11	-4.5499712e-11	-4.4765133e-11	-4.4406413e-11	-4.4210087e-11	-4.4308269e-11	-4.4602138e-11	-4.4935135e-11	-4.507885e-11	-4.4754134e-11	-4.5049322e-11	-4.4423586e-11	-4.4877664e-11	-4.4646613e-11	-4.4380163e-11	-4.4190013e-11	-4.4469383e-11	-4.4841585e-11	-4.5194844e-11	-4.5949911e-11	-4.5556881e-11	-4.6142472e-11	-4.6227848e-11	-4.6609092e-11	-4.6579639e-11	-6.6215103e-11	-7.8988767e-11	-7.9237741e-11	-7.9462693e-11	-8.0428171e-11	-8.069112e-11	-8.0662456e-11	-8.0434687e-11	-8.1165158e-11	-8.1671586e-11	-8.3019695e-11	-8.3410695e-11	-8.2897522e-11	-8.3075852e-11	-8.406837e-11	-8.6215042e-11	-8.8591377e-11	-9.1651638e-11	-9.5251196e-11	-9.7941245e-11	-9.6562744e-11	-9.6695235e-11	-9.1975781e-11	-9.342848e-11	-1.0075343e-10	-1.1684748e-10
	65	-6.0180264e-11	-4.6138968e-11	-4.4999348e-11	-4.5054557e-11	-4.4323031e-11	-4.4536794e-11	-4.4751688e-11	-4.5074142e-11	-4.4630306e-11	-4.4767808e-11	-4.4541766e-11	-4.5075763e-11	-4.4867419e-11	-4.4947903e-11	-4.4833224e-11	-4.4533932e-11	-4.5318298e-11	-4.5998795e-11	-4.6264343e-11	-4.5367331e-11	-4.5971491e-11	-4.6047451e-11	-4.627421e-11	-4.5895641e-11	-4.6502923e-11	-7.7483193e-11	-8.0289539e-11	-8.0145258e-11	-8.0792727e-11	-8.1459249e-11	-8.1597201e-11	-8.1452171e-11	-8.1592531e-11	-8.2448569e-11	-8.2939176e-11	-8.590046e-11	-8.6964991e-11	-8.7582101e-11	-8.7854161e-11	-8.7795111e-11	-8.8777388e-11	-9.1254539e-11	-9.4476808e-11	-9.7237399e-11	-1.0006333e-10	-9.9882554e-11	-9.8720379e-11	-9.739181e-11	-9.5067149e-11	-1.0147366e-10	-1.1722368e-10
	66.6666666666667	-6.2513099e-11	-4.955885e-11	-4.8481105e-11	-4.8317281e-11	-4.8092596e-11	-4.840469e-11	-4.8044992e-11	-4.8147503e-11	-4.8782204e-11	-4.8493948e-11	-4.818396e-11	-4.7968692e-11	-4.8118089e-11	-4.8621392e-11	-4.8765936e-11	-4.8017423e-11	-4.7915248e-11	-4.8406234e-11	-4.8578384e-11	-4.8763299e-11	-4.9157421e-11	-4.9099461e-11	-4.9459312e-11	-4.9154972e-11	-4.9484358e-11	-7.6103256e-11	-8.3153207e-11	-8.3210265e-11	-8.3655791e-11	-8.381295e-11	-8.4773383e-11	-8.5120203e-11	-8.5325455e-11	-8.5161933e-11	-8.5835311e-11	-8.6812502e-11	-8.7608802e-11	-8.782166e-11	-8.7633505e-11	-8.7602661e-11	-8.7852919e-11	-8.9530945e-11	-9.3469496e-11	-9.7360064e-11	-9.9432206e-11	-9.837544e-11	-9.8221785e-11	-9.8954629e-11	-9.5993498e-11	-1.0119606e-10	-1.1782474e-10
	68.3333333333333	-6.215084e-11	-4.9192709e-11	-4.924295e-11	-4.895262e-11	-4.8514096e-11	-4.8709106e-11	-4.8659958e-11	-4.8892702e-11	-4.9260877e-11	-4.8608589e-11	-4.8292686e-11	-4.8551833e-11	-4.8965276e-11	-4.8743301e-11	-4.9074869e-11	-4.8899405e-11	-4.9056075e-11	-4.8895679e-11	-4.9016683e-11	-4.9673377e-11	-4.9789936e-11	-4.9751862e-11	-7.4204275e-11	-8.2662745e-11	-8.3893358e-11	-8.440118e-11	-8.453533e-11	-8.3924277e-11	-8.4106257e-11	-8.432488e-11	-8.5019346e-11	-8.4756507e-11	-8.5000139e-11	-8.6093702e-11	-8.6214404e-11	-8.7731988e-11	-8.8421076e-11	-8.8428528e-11	-8.8319463e-11	-8.7852281e-11	-8.8665797e-11	-9.0248309e-11	-9.266355e-11	-9.6259868e-11	-9.9223831e-11	-1.0006977e-10	-9.8140773e-11	-9.5203102e-11	-9.5248372e-11	-1.0141189e-10	-1.1673441e-10
	70	-6.7735324e-11	-4.9438786e-11	-4.9381089e-11	-4.8996081e-11	-4.8703718e-11	-4.8709668e-11	-4.9028961e-11	-4.920318e-11	-4.9524277e-11	-4.9215496e-11	-4.9055811e-11	-4.8872441e-11	-4.9352883e-11	-4.9373672e-11	-4.928739e-11	-4.8841708e-11	-4.8963996e-11	-4.9965136e-11	-5.0095029e-11	-4.9262722e-11	-4.9571167e-11	-6.8125533e-11	-8.216449e-11	-8.3704675e-11	-8.3713828e-11	-8.3380379e-11	-8.3995304e-11	-8.3505522e-11	-8.3011334e-11	-8.3449338e-11	-8.4051342e-11	-8.4516234e-11	-8.5316268e-11	-8.5251826e-11	-8.5753737e-11	-8.699888e-11	-8.8635439e-11	-8.9443682e-11	-8.9617001e-11	-8.9108047e-11	-8.9152602e-11	-9.0413982e-11	-9.299387e-11	-9.6641112e-11	-9.9563718e-11	-9.8410766e-11	-9.8093922e-11	-9.6022641e-11	-9.6307927e-11	-1.0238724e-10	-1.1721968e-10
	71.6666666666667	-6.4950594e-11	-5.0684047e-11	-5.0125949e-11	-4.9755592e-11	-4.9715218e-11	-4.9437846e-11	-4.9188417e-11	-4.9943407e-11	-5.0436766e-11	-5.0009955e-11	-4.9823454e-11	-4.9358982e-11	-4.9493319e-11	-4.9661438e-11	-5.0046106e-11	-5.0009163e-11	-4.9738116e-11	-4.9591237e-11	-5.0467346e-11	-5.0378354e-11	-5.0362835e-11	-5.1184751e-11	-5.0897359e-11	-5.7060655e-11	-8.0960696e-11	-8.2708694e-11	-8.2773323e-11	-8.3398684e-11	-8.3304939e-11	-8.3247624e-11	-8.3715257e-11	-8.4368491e-11	-8.4746189e-11	-8.5855496e-11	-8.6414195e-11	-8.6820745e-11	-8.795905e-11	-8.8751062e-11	-8.9728967e-11	-8.9971273e-11	-9.0347022e-11	-9.0792401e-11	-9.2279857e-11	-9.6301897e-11	-9.951525e-11	-9.8493845e-11	-9.8597977e-11	-9.5281061e-11	-9.5674732e-11	-1.0156073e-10	-1.1655975e-10
	73.3333333333333	-7.0208374e-11	-5.0949179e-11	-4.9903259e-11	-4.9142093e-11	-4.9847033e-11	-4.9732919e-11	-4.9525183e-11	-4.9570938e-11	-4.9315711e-11	-4.9437621e-11	-4.9883035e-11	-4.9914635e-11	-4.9771031e-11	-4.9575871e-11	-4.9456109e-11	-4.9844396e-11	-4.9860064e-11	-5.0511786e-11	-4.9802253e-11	-4.944711e-11	-4.9596625e-11	-5.0428026e-11	-5.0554946e-11	-7.1497128e-11	-8.0763354e-11	-8.1619836e-11	-8.1601122e-11	-8.1696025e-11	-8.2461787e-11	-8.2663536e-11	-8.2856853e-11	-8.2751743e-11	-8.3173433e-11	-8.4251439e-11	-8.5001832e-11	-8.6383505e-11	-8.7600892e-11	-8.815617e-11	-8.8615483e-11	-9.0547035e-11	-9.0671887e-11	-9.0783853e-11	-9.3263224e-11	-9.5951989e-11	-9.8990406e-11	-9.9432809e-11	-9.936419e-11	-9.628013e-11	-9.611887e-11	-1.0117794e-10	-1.1683385e-10
	75	-6.8676134e-11	-5.0318361e-11	-4.9899494e-11	-4.9923069e-11	-4.9425644e-11	-4.9395214e-11	-4.945502e-11	-4.9796001e-11	-5.0072585e-11	-4.997135e-11	-4.9257449e-11	-4.9604456e-11	-4.9993835e-11	-4.9821612e-11	-4.9580617e-11	-4.9522057e-11	-4.9764515e-11	-4.9702867e-11	-4.9803456e-11	-5.0236485e-11	-4.9924426e-11	-6.7154893e-11	-7.9196545e-11	-8.0200173e-11	-8.066954e-11	-8.0623966e-11	-8.0440821e-11	-8.0246226e-11	-8.0462102e-11	-8.0844546e-11	-8.1258972e-11	-8.1969674e-11	-8.214536e-11	-8.2243691e-11	-8.3390884e-11	-8.464876e-11	-8.6239113e-11	-8.6862587e-11	-8.8743908e-11	-8.936181e-11	-9.0287174e-11	-9.0592006e-11	-9.2214326e-11	-9.6296929e-11	-9.923317e-11	-9.9216524e-11	-9.8355817e-11	-9.60498e-11	-9.5878777e-11	-1.0237951e-10	-1.1730694e-10
	76.6666666666667	-7.1509028e-11	-5.1616232e-11	-5.0390029e-11	-5.0367582e-11	-5.0659379e-11	-5.0383551e-11	-5.0092618e-11	-5.0311543e-11	-5.0770065e-11	-5.0702425e-11	-5.054248e-11	-4.9921112e-11	-5.0204473e-11	-5.0872993e-11	-5.0392364e-11	-5.0326382e-11	-5.07521e-11	-5.0336096e-11	-4.9770091e-11	-4.9863565e-11	-5.0399594e-11	-6.6273889e-11	-7.8527115e-11	-7.9163592e-11	-7.8958187e-11	-7.9091546e-11	-7.9193194e-11	-7.9354905e-11	-7.9201964e-11	-7.9808986e-11	-7.9629192e-11	-8.0611996e-11	-8.0993462e-11	-8.21022e-11	-8.3213311e-11	-8.3958319e-11	-8.5347333e-11	-8.6587251e-11	-8.8407892e-11	-8.9530793e-11	-8.9844174e-11	-9.0589668e-11	-9.2243969e-11	-9.4163885e-11	-9.864027e-11	-9.8436717e-11	-9.8105676e-11	-9.5275905e-11	-9.5657593e-11	-1.0117342e-10	-1.163482e-10
	78.3333333333333	-6.8519801e-11	-5.1162265e-11	-5.0736658e-11	-5.0413604e-11	-5.038208e-11	-5.0543535e-11	-5.0190803e-11	-5.0484745e-11	-5.0644541e-11	-5.0945529e-11	-5.097027e-11	-5.0040722e-11	-5.0365698e-11	-5.0136683e-11	-5.0596749e-11	-5.0862637e-11	-5.0785168e-11	-5.0524591e-11	-5.0784189e-11	-5.0709242e-11	-5.0816726e-11	-6.6923654e-11	-7.7197838e-11	-7.7756759e-11	-7.7718609e-11	-7.8089382e-11	-7.8214608e-11	-7.8160867e-11	-7.7874381e-11	-7.8168812e-11	-7.884144e-11	-7.899148e-11	-8.0050883e-11	-8.0177948e-11	-8.1031196e-11	-8.2787742e-11	-8.4295841e-11	-8.5670582e-11	-8.7357829e-11	-8.8553227e-11	-8.9950748e-11	-9.0951628e-11	-9.2282001e-11	-9.5219263e-11	-9.8952214e-11	-9.9699936e-11	-9.9303704e-11	-9.5496784e-11	-9.5121716e-11	-1.0048404e-10	-1.1570228e-10
	80	-6.7727525e-11	-5.1406952e-11	-5.0808215e-11	-5.1229906e-11	-5.0195584e-11	-5.0198221e-11	-5.0351352e-11	-5.0111335e-11	-5.0774208e-11	-5.0886212e-11	-5.0839211e-11	-4.9951692e-11	-4.9850308e-11	-5.0484898e-11	-5.125864e-11	-5.1338107e-11	-5.0823692e-11	-4.9999144e-11	-5.0772626e-11	-5.0635843e-11	-5.059415e-11	-5.083424e-11	-7.290505e-11	-7.4998958e-11	-7.5606695e-11	-7.6127438e-11	-7.6307641e-11	-7.5658292e-11	-7.5844567e-11	-7.5955478e-11	-7.656302e-11	-7.71627e-11	-7.7809259e-11	-7.8983042e-11	-7.9405711e-11	-8.0344301e-11	-8.2931155e-11	-8.4243869e-11	-8.6512075e-11	-8.7860004e-11	-8.9937571e-11	-9.0672865e-11	-9.2129325e-11	-9.5492413e-11	-9.8664639e-11	-1.0060493e-10	-9.8943291e-11	-9.4091429e-11	-9.3985111e-11	-1.0009794e-10	-1.183207e-10
	81.6666666666667	-6.6393654e-11	-5.1191756e-11	-5.0635579e-11	-5.0514572e-11	-5.0463054e-11	-4.9807412e-11	-4.9791407e-11	-5.0150127e-11	-5.0623412e-11	-5.0289585e-11	-5.0151033e-11	-4.9371601e-11	-4.9396418e-11	-5.0220252e-11	-5.0341068e-11	-5.0454429e-11	-5.0165531e-11	-5.0423773e-11	-5.1017725e-11	-5.0384943e-11	-5.1115716e-11	-6.3377532e-11	-7.3222414e-11	-7.382827e-11	-7.3738897e-11	-7.4642799e-11	-7.4520404e-11	-7.5258369e-11	-7.4731943e-11	-7.5019976e-11	-7.5575587e-11	-7.6240604e-11	-7.6587729e-11	-7.731786e-11	-7.8268385e-11	-7.9838962e-11	-8.1197618e-11	-8.3098257e-11	-8.4977733e-11	-8.6881606e-11	-8.9096334e-11	-9.0056393e-11	-9.2781879e-11	-9.4930327e-11	-9.8530413e-11	-1.0012623e-10	-9.8536478e-11	-9.4150895e-11	-9.3335832e-11	-9.9835251e-11	-1.1575264e-10
	83.3333333333333	-6.7694503e-11	-5.0685289e-11	-5.0207033e-11	-5.0265632e-11	-5.0136079e-11	-5.02401e-11	-5.004042e-11	-4.9988184e-11	-5.0122746e-11	-5.0417143e-11	-5.0697793e-11	-5.062379e-11	-4.9899269e-11	-4.9677783e-11	-5.0246841e-11	-5.0717791e-11	-5.1039641e-11	-5.0304913e-11	-5.0256219e-11	-5.069237e-11	-6.6307071e-11	-7.3332389e-11	-7.3333589e-11	-7.2678481e-11	-7.2599503e-11	-7.2964398e-11	-7.3251717e-11	-7.4085342e-11	-7.4331041e-11	-7.4288527e-11	-7.4548194e-11	-7.5088366e-11	-7.5680628e-11	-7.6381117e-11	-7.7176522e-11	-7.7994104e-11	-8.0022447e-11	-8.2090265e-11	-8.4348528e-11	-8.6905823e-11	-8.9233877e-11	-9.0643298e-11	-9.2787979e-11	-9.4884677e-11	-9.8312622e-11	-9.9823164e-11	-9.8613492e-11	-9.3045467e-11	-9.2613535e-11	-9.9718844e-11	-1.1695531e-10
	85	-6.2145643e-11	-5.0503726e-11	-5.0427575e-11	-5.018308e-11	-4.9958621e-11	-5.0348562e-11	-5.0149225e-11	-4.991757e-11	-5.0210197e-11	-5.054003e-11	-5.0637123e-11	-5.0786261e-11	-5.0663973e-11	-5.0563456e-11	-5.0524779e-11	-5.0367131e-11	-5.0689095e-11	-5.1012226e-11	-5.096127e-11	-5.0463692e-11	-6.9154092e-11	-7.3039311e-11	-7.3574771e-11	-7.3955148e-11	-7.4175804e-11	-7.371536e-11	-7.4058981e-11	-7.4240961e-11	-7.4529403e-11	-7.5016098e-11	-7.5323033e-11	-7.5541282e-11	-7.6329484e-11	-7.6996687e-11	-7.8002535e-11	-7.9217521e-11	-8.0511021e-11	-8.1969785e-11	-8.3966459e-11	-8.6595536e-11	-8.9160922e-11	-9.0689622e-11	-9.2893054e-11	-9.4870445e-11	-9.7923808e-11	-1.0054287e-10	-9.9742305e-11	-9.8875089e-11	-9.2762707e-11	-9.9717151e-11	-1.1720717e-10
	86.6666666666667	-6.4057315e-11	-5.138729e-11	-5.0078344e-11	-5.0366867e-11	-5.0712483e-11	-5.0509829e-11	-5.1010793e-11	-5.0651698e-11	-5.0063093e-11	-5.0552534e-11	-5.0488586e-11	-5.091039e-11	-5.1075384e-11	-5.1035388e-11	-5.0803809e-11	-5.0251022e-11	-5.0798161e-11	-5.1089469e-11	-5.1245574e-11	-5.0930048e-11	-5.4315281e-11	-7.3344587e-11	-7.4476154e-11	-7.468931e-11	-7.4784332e-11	-7.4787003e-11	-7.4685431e-11	-7.4555695e-11	-7.5302507e-11	-7.5644283e-11	-7.5995321e-11	-7.5822341e-11	-7.5865127e-11	-7.6928561e-11	-7.7915313e-11	-7.9238761e-11	-8.0917911e-11	-8.1916647e-11	-8.3452759e-11	-8.5454102e-11	-8.7957919e-11	-9.0105083e-11	-9.2837883e-11	-9.4715846e-11	-9.7280857e-11	-1.0013202e-10	-9.4295398e-11	-9.0865614e-11	-9.2840062e-11	-9.9723362e-11	-1.1604801e-10
	88.3333333333333	-6.765865e-11	-5.1473121e-11	-5.1015463e-11	-5.1486454e-11	-5.0926055e-11	-5.1057793e-11	-5.0942438e-11	-5.0693914e-11	-5.1215858e-11	-5.1031394e-11	-5.0913742e-11	-5.0665631e-11	-5.0955358e-11	-5.1311403e-11	-5.0588613e-11	-5.0816802e-11	-5.0567488e-11	-6.7199447e-11	-7.5029052e-11	-7.5497934e-11	-7.5756401e-11	-7.5728153e-11	-7.5310341e-11	-7.5217957e-11	-7.5227977e-11	-7.5593254e-11	-7.6129318e-11	-7.5829308e-11	-7.5534197e-11	-7.5426866e-11	-7.6205015e-11	-7.7099015e-11	-7.6786688e-11	-7.7759098e-11	-7.8142902e-11	-7.9224446e-11	-8.0915316e-11	-8.1759488e-11	-8.2995215e-11	-8.4702731e-11	-8.7456951e-11	-8.9265734e-11	-9.2229731e-11	-9.4654687e-11	-9.7120763e-11	-9.987465e-11	-9.9281978e-11	-9.3392329e-11	-9.3191101e-11	-1.0009447e-10	-1.1689312e-10
	90	-6.5849791e-11	-5.1708124e-11	-5.1251597e-11	-5.1352041e-11	-5.1149952e-11	-5.0591288e-11	-5.0384943e-11	-5.1117902e-11	-5.1058095e-11	-5.0687322e-11	-5.1350871e-11	-5.0818044e-11	-5.1221243e-11	-5.1019643e-11	-5.1149536e-11	-5.1095645e-11	-5.0960028e-11	-5.0860864e-11	-6.4279852e-11	-7.6060776e-11	-6.4527661e-11	-6.5710819e-11	-6.6902109e-11	-6.6258297e-11	-6.6239958e-11	-6.6514093e-11	-6.6703712e-11	-6.6992648e-11	-6.7169846e-11	-6.7108347e-11	-6.7275824e-11	-6.7957258e-11	-6.8153885e-11	-6.8834084e-11	-6.9474961e-11	-7.036572e-11	-7.114323e-11	-7.2779525e-11	-7.3974507e-11	-7.5904595e-11	-7.8317457e-11	-8.1334106e-11	-8.3951131e-11	-8.6435886e-11	-9.0469646e-11	-9.4803783e-11	-9.4562226e-11	-8.8477413e-11	-8.8916201e-11	-9.6662768e-11	-1.1605381e-10
	91.6666666666667	-6.3511911e-11	-4.5491048e-11	-4.4946283e-11	-4.510909e-11	-4.5250696e-11	-4.4662468e-11	-4.4867495e-11	-4.4148886e-11	-4.4978257e-11	-4.5419155e-11	-4.5137977e-11	-4.508563e-11	-4.463957e-11	-4.5109281e-11	-4.5439076e-11	-4.5107772e-11	-4.5513305e-11	-4.4933664e-11	-6.8813372e-11	-7.3377582e-11	-7.3582383e-11	-7.3574022e-11	-7.3205018e-11	-7.3077495e-11	-7.3206864e-11	-7.3334269e-11	-7.3435542e-11	-7.3905514e-11	-7.3529433e-11	-7.356777e-11	-7.3084844e-11	-7.4736578e-11	-7.5019865e-11	-7.5240481e-11	-7.5720735e-11	-7.6217671e-11	-7.6613112e-11	-7.8165571e-11	-7.8904855e-11	-8.0151101e-11	-8.1702013e-11	-8.4262132e-11	-8.7449194e-11	-9.0321903e-11	-9.3882298e-11	-9.6987446e-11	-9.6390104e-11	-8.9979899e-11	-9.1052561e-11	-9.8514294e-11	-1.1816452e-10
	93.3333333333333	-5.8126764e-11	-4.5980077e-11	-4.5428494e-11	-4.5296343e-11	-4.5534285e-11	-4.5646851e-11	-4.5245575e-11	-4.5068529e-11	-4.5477417e-11	-4.5485626e-11	-4.5626291e-11	-4.5403448e-11	-4.5042619e-11	-4.5361947e-11	-4.5572171e-11	-4.5763299e-11	-4.5917936e-11	-4.5222e-11	-4.537716e-11	-4.58222e-11	-7.0671864e-11	-7.4496e-11	-7.4474232e-11	-7.4217833e-11	-7.3987309e-11	-7.3905965e-11	-7.4389758e-11	-7.4472047e-11	-7.4338161e-11	-7.4032051e-11	-7.4622614e-11	-7.4981223e-11	-7.5587564e-11	-7.6583587e-11	-7.7407344e-11	-7.754801e-11	-7.8567042e-11	-7.9000632e-11	-7.9943357e-11	-8.1266389e-11	-8.3022825e-11	-8.5512666e-11	-8.8225087e-11	-9.1578009e-11	-9.4194583e-11	-9.7333551e-11	-9.741629e-11	-9.3132731e-11	-9.0837067e-11	-9.8335708e-11	-1.177133e-10
	95	-6.7310435e-11	-4.6041615e-11	-4.5479752e-11	-4.6474942e-11	-4.7458495e-11	-4.7676064e-11	-4.7123163e-11	-4.7599386e-11	-4.7963494e-11	-4.7980894e-11	-4.8004316e-11	-4.7746904e-11	-4.7783021e-11	-4.7744531e-11	-4.7826593e-11	-4.8342025e-11	-4.8887505e-11	-7.581745e-11	-7.6005938e-11	-7.672455e-11	-7.7371491e-11	-7.7208871e-11	-7.7316958e-11	-7.7065458e-11	-7.7183225e-11	-7.7414804e-11	-7.7548419e-11	-7.7757287e-11	-7.7890874e-11	-7.784888e-11	-7.787581e-11	-7.7955198e-11	-7.8460682e-11	-7.9182418e-11	-7.9745863e-11	-7.9771925e-11	-8.02979e-11	-8.0930866e-11	-8.232711e-11	-8.3025122e-11	-8.4149188e-11	-8.6030696e-11	-8.8940945e-11	-9.2430279e-11	-9.5453437e-11	-9.8667727e-11	-9.7809656e-11	-9.0926246e-11	-9.1452033e-11	-9.9213658e-11	-1.180077e-10
	96.6666666666667	-7.0410726e-11	-4.8950174e-11	-4.7786223e-11	-4.7629175e-11	-4.8175824e-11	-4.8262595e-11	-4.8159518e-11	-4.7814808e-11	-4.8254348e-11	-4.8142761e-11	-4.8165357e-11	-4.8774446e-11	-4.8679578e-11	-4.8165506e-11	-4.8083027e-11	-4.8817644e-11	-4.8726016e-11	-4.8569457e-11	-5.1134697e-11	-7.5248086e-11	-7.7014201e-11	-7.6953381e-11	-7.7656472e-11	-7.7841573e-11	-7.7504884e-11	-7.7228758e-11	-7.7582017e-11	-7.7660649e-11	-7.8296897e-11	-7.8951672e-11	-7.8772364e-11	-7.8703294e-11	-7.9386206e-11	-7.9793956e-11	-8.0511625e-11	-8.177229e-11	-8.1893256e-11	-8.277648e-11	-8.2749405e-11	-8.3668746e-11	-8.4578601e-11	-8.6905823e-11	-8.9218549e-11	-9.2407755e-11	-9.5613233e-11	-9.876433e-11	-9.8282757e-11	-9.2466847e-11	-9.235706e-11	-9.9700991e-11	-1.1603844e-10
	98.3333333333333	-6.3674677e-11	-4.9754346e-11	-4.8877753e-11	-4.844028e-11	-4.854012e-11	-4.8731776e-11	-4.8561172e-11	-4.9169096e-11	-4.8744394e-11	-4.8666172e-11	-4.8212094e-11	-4.8303798e-11	-4.881821e-11	-4.8944637e-11	-4.9051294e-11	-4.8528067e-11	-6.9716441e-11	-7.7271238e-11	-7.7867338e-11	-7.8356516e-11	-7.8298895e-11	-7.7235759e-11	-7.6673862e-11	-7.7196444e-11	-7.7538934e-11	-7.7842857e-11	-7.7851933e-11	-7.7380075e-11	-7.7907972e-11	-7.7568084e-11	-7.8207718e-11	-7.8885613e-11	-7.9133727e-11	-7.9185242e-11	-8.0016382e-11	-8.153514e-11	-8.2590851e-11	-8.3805983e-11	-8.4584589e-11	-8.4405281e-11	-8.4940936e-11	-8.6601858e-11	-8.9904091e-11	-9.2627961e-11	-9.5742032e-11	-9.8734271e-11	-9.8482396e-11	-9.3008524e-11	-9.3209482e-11	-9.9288452e-11	-1.1699225e-10
	100	-6.7391176e-11	-4.976557e-11	-4.8946559e-11	-4.8843818e-11	-4.8716073e-11	-4.8402771e-11	-4.8686357e-11	-4.8987495e-11	-4.873283e-11	-4.9134939e-11	-4.9356234e-11	-4.8668056e-11	-4.8705377e-11	-4.9086429e-11	-4.9869327e-11	-4.943566e-11	-4.9298159e-11	-4.9254927e-11	-7.4610491e-11	-7.6385114e-11	-7.7259865e-11	-7.7066666e-11	-7.6405521e-11	-7.6192774e-11	-7.7099202e-11	-7.7313531e-11	-7.7597567e-11	-7.7097731e-11	-7.684469e-11	-7.7275152e-11	-7.7788435e-11	-7.8813907e-11	-7.8776506e-11	-7.9039268e-11	-7.9430303e-11	-8.1102826e-11	-8.2318111e-11	-8.3613727e-11	-8.4425134e-11	-8.460873e-11	-8.5213378e-11	-8.6071858e-11	-8.9358382e-11	-9.331444e-11	-9.5834451e-11	-9.8200427e-11	-9.7957135e-11	-9.2767002e-11	-9.2928942e-11	-1.0032025e-10	-1.1608473e-10
	101.666666666667	-6.0990241e-11	-5.0332256e-11	-4.9698197e-11	-4.9514712e-11	-4.9254587e-11	-4.8693813e-11	-4.901363e-11	-4.8909123e-11	-4.9524579e-11	-4.934516e-11	-4.9342336e-11	-4.8788307e-11	-4.8421978e-11	-4.8758855e-11	-4.9076413e-11	-4.9150153e-11	-4.8871612e-11	-4.8867129e-11	-6.2090617e-11	-7.3199932e-11	-7.3814864e-11	-7.4657752e-11	-7.4142359e-11	-7.4468542e-11	-7.4602845e-11	-7.4914679e-11	-7.5444262e-11	-7.5446635e-11	-7.516994e-11	-7.4795024e-11	-7.5805959e-11	-7.6564602e-11	-7.6664973e-11	-7.7085116e-11	-7.785235e-11	-7.9151498e-11	-8.099877e-11	-8.2633789e-11	-8.3816003e-11	-8.4244396e-11	-8.4315915e-11	-8.5572736e-11	-8.8472292e-11	-9.2479198e-11	-9.5976511e-11	-9.829771e-11	-9.817655e-11	-9.359253e-11	-9.3197131e-11	-9.9941118e-11	-1.1891679e-10
	103.333333333333	-7.0952286e-11	-5.0611362e-11	-4.9316991e-11	-4.9442138e-11	-4.986285e-11	-4.9734463e-11	-4.9323205e-11	-4.9667312e-11	-4.9710208e-11	-4.9180732e-11	-4.9377287e-11	-4.9584083e-11	-4.9237413e-11	-4.8984219e-11	-4.9283209e-11	-4.9353899e-11	-6.2068628e-11	-7.3534963e-11	-7.3918129e-11	-7.3756147e-11	-7.3786657e-11	-7.4104702e-11	-7.4108657e-11	-7.3850752e-11	-7.3791515e-11	-7.3650926e-11	-7.396897e-11	-7.4237269e-11	-7.4096791e-11	-7.4659223e-11	-7.4772202e-11	-7.5043326e-11	-7.5786079e-11	-7.6312463e-11	-7.6471017e-11	-7.8517817e-11	-8.013027e-11	-8.1613133e-11	-8.3284532e-11	-8.4540035e-11	-8.4798918e-11	-8.5463969e-11	-8.8399156e-11	-9.2956365e-11	-9.5615418e-11	-9.7651442e-11	-9.773761e-11	-9.227745e-11	-9.2371145e-11	-9.8839839e-11	-1.1616001e-10
	105	-6.7923174e-11	-4.9689156e-11	-4.8910102e-11	-4.8857751e-11	-4.8977253e-11	-4.8882495e-11	-4.8955257e-11	-4.8728049e-11	-5.1449695e-11	-5.2661361e-11	-5.3044034e-11	-5.2630896e-11	-5.2490044e-11	-5.2134599e-11	-5.2201146e-11	-5.2153504e-11	-5.2651911e-11	-7.2218752e-11	-7.4565784e-11	-7.4428734e-11	-7.3623545e-11	-7.496416e-11	-7.4568046e-11	-7.4627589e-11	-7.4866134e-11	-7.4533511e-11	-7.5171223e-11	-7.5393573e-11	-7.5251326e-11	-7.574661e-11	-7.583225e-11	-7.5909494e-11	-7.6869434e-11	-7.7957384e-11	-7.9330278e-11	-7.9943059e-11	-8.1532503e-11	-8.3205817e-11	-8.5068452e-11	-8.6631577e-11	-8.7122413e-11	-8.7925119e-11	-8.9949999e-11	-9.3259983e-11	-9.7391359e-11	-9.9467608e-11	-9.9890429e-11	-9.4691782e-11	-9.3319678e-11	-9.9971365e-11	-1.1617651e-10
	106.666666666667	-6.7805712e-11	-5.3241644e-11	-5.2257296e-11	-5.1803107e-11	-5.2100779e-11	-5.23191e-11	-5.2406926e-11	-5.232776e-11	-5.2021127e-11	-5.2268558e-11	-5.206342e-11	-5.2390842e-11	-5.2775135e-11	-5.2983101e-11	-5.2500022e-11	-5.211603e-11	-6.6123662e-11	-7.2514238e-11	-7.3071584e-11	-7.2932167e-11	-7.2829763e-11	-7.2885503e-11	-7.3259551e-11	-7.3371254e-11	-7.3247013e-11	-7.3470452e-11	-7.3630171e-11	-7.3524721e-11	-7.4089034e-11	-7.4386892e-11	-7.4751268e-11	-7.5253477e-11	-7.5382652e-11	-7.6453129e-11	-7.7758869e-11	-7.9225654e-11	-8.1292036e-11	-8.2771699e-11	-8.4452022e-11	-8.6905975e-11	-8.7840228e-11	-8.8531987e-11	-9.0693876e-11	-9.3768708e-11	-9.6565041e-11	-9.9412249e-11	-9.9798197e-11	-9.4274984e-11	-9.3261829e-11	-9.9332029e-11	-1.1492424e-10
	108.333333333333	-6.8106097e-11	-5.4206594e-11	-5.3457065e-11	-5.2979711e-11	-5.2414195e-11	-5.2806093e-11	-5.3129751e-11	-5.3445616e-11	-5.2878629e-11	-5.2909246e-11	-5.2724897e-11	-5.2738265e-11	-5.2983628e-11	-5.3193738e-11	-5.269277e-11	-5.2732655e-11	-5.7084382e-11	-7.0759315e-11	-7.2214422e-11	-7.2287822e-11	-7.145344e-11	-7.206935e-11	-7.2335353e-11	-7.2665561e-11	-7.2710865e-11	-7.301728e-11	-7.2829347e-11	-7.2776778e-11	-7.2748564e-11	-7.3523743e-11	-7.413125e-11	-7.4292406e-11	-7.4828019e-11	-7.603667e-11	-7.7116265e-11	-7.8513751e-11	-8.0292703e-11	-8.2018822e-11	-8.4009619e-11	-8.5702778e-11	-8.7157059e-11	-8.8103858e-11	-9.0346078e-11	-9.3417371e-11	-9.6649175e-11	-9.9935171e-11	-9.5088916e-11	-9.2186418e-11	-9.3160937e-11	-9.9215768e-11	-1.1622889e-10
	110	-6.4314047e-11	-5.3619685e-11	-5.2960615e-11	-5.2970784e-11	-5.2748847e-11	-5.2548643e-11	-5.291162e-11	-5.2890452e-11	-5.3360351e-11	-5.3061246e-11	-5.2617487e-11	-5.2844468e-11	-5.2867707e-11	-5.3328942e-11	-5.3387694e-11	-7.1647847e-11	-7.1498599e-11	-7.1142328e-11	-7.1364942e-11	-7.2411764e-11	-7.2470481e-11	-7.1720574e-11	-7.2009697e-11	-7.2250692e-11	-7.2970956e-11	-7.3514063e-11	-7.2858122e-11	-7.2833753e-11	-7.3435279e-11	-7.3734158e-11	-7.4460826e-11	-7.4971994e-11	-7.4669881e-11	-7.4921118e-11	-7.6674611e-11	-7.8240858e-11	-7.9470527e-11	-8.0866057e-11	-8.31233e-11	-8.5310876e-11	-8.7568015e-11	-8.9644493e-11	-9.0924213e-11	-9.3535665e-11	-9.6387502e-11	-9.9756127e-11	-1.0096207e-10	-9.4586707e-11	-9.2214743e-11	-9.9221194e-11	-1.1560907e-10
	111.666666666667	-6.9363071e-11	-5.4653931e-11	-5.405915e-11	-5.3399028e-11	-5.2881415e-11	-5.3412434e-11	-5.3814654e-11	-5.3489792e-11	-5.3391985e-11	-5.3750969e-11	-7.1278657e-11	-7.2563726e-11	-7.2523917e-11	-7.2293095e-11	-7.2630728e-11	-7.1138748e-11	-6.845461e-11	-7.3074408e-11	-7.3268065e-11	-7.263317e-11	-7.2703898e-11	-7.3385034e-11	-7.3310767e-11	-7.3289791e-11	-7.3637478e-11	-7.3154552e-11	-7.3291075e-11	-7.3786692e-11	-7.4128877e-11	-7.4259598e-11	-7.3591459e-11	-7.44119e-11	-7.5179619e-11	-7.6232361e-11	-7.7307015e-11	-7.834465e-11	-7.9469244e-11	-8.0940962e-11	-8.2653218e-11	-8.5491503e-11	-8.7693616e-11	-8.8818702e-11	-9.1087922e-11	-9.4048346e-11	-9.7127389e-11	-1.0026727e-10	-1.0066541e-10	-9.3573961e-11	-9.2016228e-11	-9.919076e-11	-1.1639215e-10
	113.333333333333	-7.0437572e-11	-5.4779379e-11	-5.3511709e-11	-5.3759219e-11	-5.4293438e-11	-5.4238041e-11	-5.3924209e-11	-5.377997e-11	-5.4122422e-11	-5.3730482e-11	-5.4373166e-11	-5.4376028e-11	-5.424252e-11	-5.3491073e-11	-5.3380914e-11	-6.9148062e-11	-7.4179531e-11	-7.4471554e-11	-7.4330181e-11	-7.3713174e-11	-7.4596551e-11	-7.4864025e-11	-7.4261708e-11	-7.4403657e-11	-7.3802055e-11	-7.3927503e-11	-7.4409527e-11	-7.4762189e-11	-7.5267369e-11	-7.5340657e-11	-7.50962e-11	-7.4847191e-11	-7.6264217e-11	-7.6908299e-11	-7.7653418e-11	-7.7856339e-11	-7.9089887e-11	-8.0475474e-11	-8.2486871e-11	-8.4309212e-11	-8.6796834e-11	-8.8399385e-11	-9.0602886e-11	-9.3631249e-11	-9.6989403e-11	-9.976539e-11	-1.0037444e-10	-9.395118e-11	-9.1668353e-11	-9.9878751e-11	-1.1623006e-10
	115	-7.0811475e-11	-5.4666886e-11	-5.4092932e-11	-5.4192355e-11	-5.4372978e-11	-5.4357539e-11	-5.4541212e-11	-5.4049772e-11	-6.826785e-11	-7.4664191e-11	-7.544837e-11	-7.5420954e-11	-7.5264094e-11	-7.4535919e-11	-7.4532755e-11	-7.5220746e-11	-7.5219164e-11	-7.5220712e-11	-7.5068035e-11	-7.5389091e-11	-7.5277763e-11	-7.5718737e-11	-7.5376698e-11	-7.5313207e-11	-7.5751128e-11	-7.5548699e-11	-7.5847315e-11	-7.6181894e-11	-7.6147623e-11	-7.5898191e-11	-7.6280454e-11	-7.7241033e-11	-7.7308521e-11	-7.7722079e-11	-7.8074096e-11	-7.9120051e-11	-7.9793845e-11	-8.0835359e-11	-8.2995368e-11	-8.4684537e-11	-8.5935301e-11	-8.8009364e-11	-9.1090746e-11	-9.4440622e-11	-9.7436628e-11	-9.9355114e-11	-9.9900671e-11	-9.28096e-11	-9.1704623e-11	-9.7860199e-11	-1.1605118e-10
	116.666666666667	-7.0941558e-11	-5.4782352e-11	-5.3600478e-11	-5.3444523e-11	-5.3743513e-11	-5.4058358e-11	-5.3639832e-11	-5.3389463e-11	-5.3957956e-11	-5.3960704e-11	-5.3873933e-11	-5.3714325e-11	-5.3511785e-11	-5.4007403e-11	-5.3851451e-11	-6.8039172e-11	-7.5976718e-11	-7.5774137e-11	-7.6016186e-11	-7.657628e-11	-7.6814034e-11	-7.5905539e-11	-7.6071136e-11	-7.593081e-11	-7.6441943e-11	-7.6448008e-11	-7.6917639e-11	-7.6567995e-11	-7.6104123e-11	-7.6445066e-11	-7.6852261e-11	-7.7667164e-11	-7.7985063e-11	-7.7581601e-11	-7.8569221e-11	-7.9034453e-11	-8.0355562e-11	-8.1830216e-11	-8.2616948e-11	-8.355467e-11	-8.5141671e-11	-8.7391122e-11	-9.067791e-11	-9.366085e-11	-9.6448287e-11	-9.8894483e-11	-1.0033701e-10	-9.3071793e-11	-9.2329457e-11	-9.96149e-11	-1.1659707e-10
	118.333333333333	-7.0512179e-11	-5.5280835e-11	-5.4373957e-11	-5.412867e-11	-5.3459136e-11	-5.3824334e-11	-5.4552585e-11	-5.4622182e-11	-5.4478165e-11	-5.3884442e-11	-5.3828778e-11	-5.4065741e-11	-5.3940442e-11	-5.3986239e-11	-5.4123966e-11	-7.4674926e-11	-7.7121795e-11	-7.7163491e-11	-7.7959077e-11	-7.7879501e-11	-7.7131329e-11	-7.6836933e-11	-7.738106e-11	-7.7682832e-11	-7.7863868e-11	-7.837022e-11	-7.7982842e-11	-7.8044265e-11	-7.4423127e-11	-7.4992595e-11	-7.9081373e-11	-7.8605379e-11	-7.8776735e-11	-7.9802207e-11	-8.1034887e-11	-8.1748906e-11	-8.2311331e-11	-8.2612243e-11	-8.3259677e-11	-8.5131124e-11	-8.6408394e-11	-8.8698708e-11	-9.119458e-11	-9.3894573e-11	-9.6911291e-11	-9.9711316e-11	-1.0109735e-10	-9.3119096e-11	-9.3015942e-11	-9.9765016e-11	-1.1735349e-10
	120	-7.3994734e-11	-5.5993495e-11	-5.4916391e-11	-5.5042214e-11	-5.4573335e-11	-5.4251298e-11	-5.4622033e-11	-5.5046773e-11	-5.4786498e-11	-5.4539404e-11	-5.4262369e-11	-7.4056608e-11	-7.8291928e-11	-7.7917575e-11	-7.7995763e-11	-7.774701e-11	-7.7891887e-11	-7.8223497e-11	-7.7826585e-11	-7.880438e-11	-7.8779407e-11	-7.7921565e-11	-7.7791107e-11	-7.7825454e-11	-7.8357834e-11	-7.8613512e-11	-7.9002062e-11	-7.7873437e-11	-7.8349924e-11	-7.8596525e-11	-7.9298866e-11	-7.9209764e-11	-7.9315589e-11	-7.9728578e-11	-8.0226797e-11	-8.1816505e-11	-8.2339878e-11	-8.2322781e-11	-8.3027453e-11	-8.3769415e-11	-8.5176921e-11	-8.7521844e-11	-9.0315005e-11	-9.31226e-11	-9.6033077e-11	-9.9264576e-11	-1.0055484e-10	-9.3767577e-11	-9.2662607e-11	-9.9460939e-11	-1.1569983e-10
	121.666666666667	-7.4120932e-11	-5.4827809e-11	-5.4094854e-11	-5.378091e-11	-5.3930652e-11	-5.4146524e-11	-5.4098052e-11	-5.4399041e-11	-5.406962e-11	-5.3855479e-11	-5.3724945e-11	-5.4433878e-11	-5.4804914e-11	-7.3074789e-11	-7.69321e-11	-7.7180623e-11	-7.7318804e-11	-7.7601259e-11	-7.7726443e-11	-7.7862286e-11	-7.783197e-11	-7.8153144e-11	-7.7972559e-11	-7.7799732e-11	-7.798337e-11	-7.7988525e-11	-7.7862813e-11	-7.7730662e-11	-7.8317387e-11	-7.8382502e-11	-7.9018479e-11	-7.9175451e-11	-7.9197295e-11	-8.0064365e-11	-8.1075716e-11	-8.1755533e-11	-8.2909991e-11	-8.31114e-11	-8.3903565e-11	-8.4656858e-11	-8.6015896e-11	-8.8195222e-11	-9.0692676e-11	-9.380189e-11	-9.626857e-11	-9.9558708e-11	-1.0158931e-10	-9.4132022e-11	-9.3062905e-11	-9.9863236e-11	-1.1593254e-10
	123.333333333333	-7.3447401e-11	-5.629433e-11	-5.5542012e-11	-5.5212557e-11	-5.4742547e-11	-5.4824985e-11	-5.5006812e-11	-5.5043269e-11	-6.2062785e-11	-5.5153389e-11	-5.5058486e-11	-7.2835411e-11	-7.7318804e-11	-7.8004235e-11	-7.7468094e-11	-7.767071e-11	-7.7484547e-11	-7.7664757e-11	-7.7662571e-11	-7.7729836e-11	-7.6880051e-11	-7.7182018e-11	-7.7856561e-11	-7.7859844e-11	-7.784455e-11	-7.7362713e-11	-7.7558855e-11	-7.8101546e-11	-7.8028223e-11	-7.8107874e-11	-7.8604741e-11	-7.8338322e-11	-7.8834807e-11	-8.0211997e-11	-8.1137777e-11	-8.1602891e-11	-8.2212549e-11	-8.3326408e-11	-8.4679944e-11	-8.5808347e-11	-8.6502132e-11	-8.748844e-11	-9.0328189e-11	-9.3543305e-11	-9.6691842e-11	-9.936265e-11	-1.0129703e-10	-9.4747973e-11	-9.3312372e-11	-9.9876038e-11	-1.1604677e-10
	125	-7.3879868e-11	-5.4726088e-11	-5.4033767e-11	-5.4713772e-11	-5.459597e-11	-5.4563919e-11	-5.4249865e-11	-5.422791e-11	-7.4653048e-11	-7.6526452e-11	-7.6781081e-11	-7.6646064e-11	-7.6747261e-11	-7.5868478e-11	-7.6094409e-11	-7.6155603e-11	-7.6486643e-11	-7.6211343e-11	-7.5562896e-11	-7.5747665e-11	-7.582833e-11	-7.5974609e-11	-7.5945347e-11	-7.5671552e-11	-7.5728264e-11	-7.6359009e-11	-7.6444844e-11	-7.6660414e-11	-7.7123904e-11	-7.4577462e-11	-7.4333456e-11	-7.5232459e-11	-7.6330803e-11	-7.7107036e-11	-7.8048595e-11	-7.8352186e-11	-7.9837269e-11	-8.0605932e-11	-8.2196049e-11	-8.3414047e-11	-8.4252834e-11	-8.5466648e-11	-8.7538074e-11	-9.1192019e-11	-9.5199862e-11	-9.8045828e-11	-1.0046555e-10	-9.3568125e-11	-9.2428239e-11	-9.8526499e-11	-1.1560602e-10
	126.666666666667	-7.0556581e-11	-5.443463e-11	-5.3079399e-11	-5.2644188e-11	-5.2875426e-11	-5.303304e-11	-5.3098796e-11	-5.2767003e-11	-5.2933199e-11	-7.1532794e-11	-7.2732861e-11	-7.3378525e-11	-7.2436016e-11	-7.1953693e-11	-7.2259768e-11	-7.253996e-11	-7.2829992e-11	-7.297412e-11	-7.3007073e-11	-7.2417149e-11	-7.1885338e-11	-7.2850739e-11	-7.3030235e-11	-7.3071209e-11	-7.291627e-11	-7.2914993e-11	-7.2981197e-11	-7.3085857e-11	-7.3771926e-11	-7.3747335e-11	-7.3496022e-11	-7.4107602e-11	-7.5325711e-11	-7.6324363e-11	-7.720239e-11	-7.8035113e-11	-7.9231344e-11	-8.0569697e-11	-8.2582718e-11	-8.371763e-11	-8.4630872e-11	-8.5085064e-11	-8.7627447e-11	-9.170293e-11	-9.5179718e-11	-9.7787931e-11	-9.9781704e-11	-9.3205756e-11	-9.226743e-11	-9.8881715e-11	-1.1608654e-10
	128.333333333333	-8.1203648e-11	-7.2136422e-11	-7.1204806e-11	-7.1763845e-11	-7.2027245e-11	-7.1903379e-11	-7.164476e-11	-7.0853164e-11	-7.125147e-11	-7.0774719e-11	-7.0786169e-11	-7.1067943e-11	-7.0869588e-11	-7.0826497e-11	-7.1452164e-11	-7.0815957e-11	-7.1264647e-11	-7.1112199e-11	-7.101187e-11	-7.0217034e-11	-7.1231583e-11	-7.1547331e-11	-7.1028364e-11	-7.0466577e-11	-7.1001961e-11	-7.1563561e-11	-7.1539462e-11	-7.1715377e-11	-7.2200974e-11	-7.2165308e-11	-7.2352485e-11	-7.2779713e-11	-7.3584562e-11	-7.3969157e-11	-7.5115449e-11	-7.6214958e-11	-7.8330606e-11	-8.005465e-11	-8.0463719e-11	-8.1547269e-11	-8.2899299e-11	-8.3216101e-11	-8.6351488e-11	-9.1341122e-11	-9.462512e-11	-9.7556123e-11	-9.8869815e-11	-9.2373706e-11	-9.1467438e-11	-9.9104967e-11	-1.1767565e-10
	130	-8.4558485e-11	-7.0840507e-11	-7.0039835e-11	-7.0508377e-11	-7.0439612e-11	-7.0308551e-11	-6.9783929e-11	-7.0147887e-11	-7.0174325e-11	-6.9714748e-11	-6.9868819e-11	-6.9678784e-11	-6.989051e-11	-7.0107212e-11	-7.0002441e-11	-6.9898122e-11	-6.9098539e-11	-7.0279213e-11	-7.0052526e-11	-7.0227463e-11	-7.0319882e-11	-6.983835e-11	-6.9582368e-11	-6.9255282e-11	-6.9841702e-11	-7.0897795e-11	-7.0353626e-11	-7.0284896e-11	-7.0473238e-11	-7.1239792e-11	-7.1131594e-11	-7.1989852e-11	-7.2782613e-11	-7.3295175e-11	-7.4106471e-11	-7.5345404e-11	-7.7554602e-11	-7.9478507e-11	-8.1525911e-11	-8.2963775e-11	-8.4019521e-11	-8.5432376e-11	-8.8036932e-11	-9.1466834e-11	-9.4326734e-11	-9.7806874e-11	-9.9853258e-11	-9.386595e-11	-9.2422368e-11	-9.8180693e-11	-1.1605347e-10
	131.666666666667	-8.3655187e-11	-6.9881552e-11	-6.9304167e-11	-6.9074926e-11	-6.8614107e-11	-6.8159915e-11	-6.8782147e-11	-6.8697902e-11	-6.8144664e-11	-6.8509448e-11	-6.8078605e-11	-6.8708372e-11	-6.8619603e-11	-6.880365e-11	-6.8428138e-11	-6.8435743e-11	-6.8661972e-11	-6.8951095e-11	-6.892413e-11	-6.9482947e-11	-6.8802596e-11	-6.8676696e-11	-6.8114493e-11	-6.9090816e-11	-6.9639391e-11	-7.002432e-11	-6.9969634e-11	-6.9825284e-11	-6.999084e-11	-7.0475951e-11	-7.1134265e-11	-7.1296587e-11	-7.1363096e-11	-7.1658318e-11	-7.3261661e-11	-7.4955014e-11	-7.7079503e-11	-7.8811159e-11	-8.0854941e-11	-8.2450262e-11	-8.3692248e-11	-8.5233827e-11	-8.8366238e-11	-9.1468486e-11	-9.3778277e-11	-9.7156241e-11	-9.9732556e-11	-9.3390705e-11	-9.1964783e-11	-9.8011294e-11	-1.1602696e-10
	133.333333333333	-8.0551545e-11	-6.9160795e-11	-6.7714161e-11	-6.7865741e-11	-6.7855201e-11	-6.7698076e-11	-6.8025766e-11	-6.830201e-11	-6.7919337e-11	-6.7548259e-11	-6.7827632e-11	-6.7587089e-11	-6.7454257e-11	-6.8062785e-11	-6.8303252e-11	-6.7990932e-11	-6.7499568e-11	-6.8643292e-11	-6.8267926e-11	-6.7814296e-11	-6.8288299e-11	-6.9047996e-11	-6.8751983e-11	-6.8593395e-11	-6.8535434e-11	-6.8347127e-11	-6.9217243e-11	-6.9184145e-11	-6.9949602e-11	-7.0174026e-11	-7.0404925e-11	-7.0610628e-11	-7.1336881e-11	-7.1951889e-11	-7.2560111e-11	-7.4359324e-11	-7.5858611e-11	-7.8209182e-11	-8.0035367e-11	-8.1938227e-11	-8.4548431e-11	-8.5873607e-11	-8.6927361e-11	-9.0830211e-11	-9.4112329e-11	-9.7520908e-11	-9.9804449e-11	-9.2539379e-11	-9.1497566e-11	-9.8625733e-11	-1.1676474e-10
	135	-8.3406587e-11	-6.8418569e-11	-6.7894294e-11	-6.8472915e-11	-6.8545072e-11	-6.8531479e-11	-6.8872422e-11	-6.8471145e-11	-6.8836568e-11	-6.8460446e-11	-6.8433897e-11	-6.8931097e-11	-6.8550686e-11	-6.7517381e-11	-6.7850565e-11	-6.8715637e-11	-6.8179233e-11	-6.8196823e-11	-6.8129523e-11	-6.828834e-11	-6.8230907e-11	-6.8707581e-11	-6.862879e-11	-6.8437325e-11	-6.9033196e-11	-6.9346313e-11	-6.9998375e-11	-6.9906289e-11	-6.9644658e-11	-6.9574346e-11	-7.0196585e-11	-7.0332955e-11	-7.1208234e-11	-7.2288085e-11	-7.2919698e-11	-7.3912633e-11	-7.5317912e-11	-7.7336845e-11	-7.9623204e-11	-8.1203079e-11	-8.2842198e-11	-8.4894536e-11	-8.7652829e-11	-9.0908434e-11	-9.4746953e-11	-9.7419982e-11	-9.9587442e-11	-9.2392989e-11	-9.1394413e-11	-9.8967279e-11	-1.1640598e-10
	136.666666666667	-8.3828201e-11	-6.9468105e-11	-6.904969e-11	-6.9428449e-11	-6.9101211e-11	-6.9064268e-11	-6.9354522e-11	-6.9505582e-11	-6.9416889e-11	-6.892447e-11	-6.9019526e-11	-6.8834952e-11	-6.8982056e-11	-6.9030337e-11	-6.9024307e-11	-6.8928613e-11	-6.9547874e-11	-6.9305069e-11	-6.9149117e-11	-6.9527648e-11	-6.9339985e-11	-7.0028316e-11	-6.9878762e-11	-6.9490323e-11	-7.0353098e-11	-7.0063566e-11	-7.0049591e-11	-7.034523e-11	-7.0362216e-11	-7.0287269e-11	-7.1239757e-11	-7.1612861e-11	-7.2056208e-11	-7.2737115e-11	-7.3214393e-11	-7.3947917e-11	-7.5040765e-11	-7.6944111e-11	-7.8701337e-11	-8.0798757e-11	-8.2655854e-11	-8.4841474e-11	-8.6743279e-11	-9.0215925e-11	-9.4171379e-11	-9.6751572e-11	-9.8408504e-11	-9.2298502e-11	-9.1392414e-11	-9.8128533e-11	-1.1789932e-10
	138.333333333333	-8.562083e-11	-7.0610101e-11	-7.0282301e-11	-6.9830065e-11	-7.0360107e-11	-7.0507961e-11	-7.0184344e-11	-6.9752974e-11	-7.0233902e-11	-7.1293534e-11	-7.0338152e-11	-7.0211573e-11	-7.0287234e-11	-7.0706135e-11	-6.9580446e-11	-7.0745187e-11	-7.1066514e-11	-7.0764394e-11	-7.0629572e-11	-7.0459534e-11	-7.1020113e-11	-7.1003432e-11	-7.075792e-11	-7.0591345e-11	-7.072154e-11	-7.0914663e-11	-7.1058832e-11	-7.1663966e-11	-7.1625254e-11	-7.1448243e-11	-7.1674285e-11	-7.2109686e-11	-7.2874054e-11	-7.3111767e-11	-7.4171627e-11	-7.4349985e-11	-7.6049965e-11	-7.7225212e-11	-7.887789e-11	-8.0870345e-11	-8.2646591e-11	-8.5218159e-11	-8.7073411e-11	-9.053476e-11	-9.4615024e-11	-9.7661351e-11	-9.9714514e-11	-9.2706974e-11	-9.1417533e-11	-9.8738039e-11	-1.1702007e-10
	140	-8.4599161e-11	-7.1660129e-11	-7.0610552e-11	-7.1374094e-11	-7.1439209e-11	-7.1466097e-11	-7.1528804e-11	-7.1190755e-11	-7.0865896e-11	-7.0789589e-11	-7.1680842e-11	-7.1852385e-11	-7.0712422e-11	-7.0833957e-11	-7.1111027e-11	-7.171172e-11	-7.1525751e-11	-7.1733605e-11	-7.1481501e-11	-7.1574219e-11	-7.1510992e-11	-7.1831256e-11	-7.2181545e-11	-7.1340947e-11	-7.0944188e-11	-7.1974066e-11	-7.2047243e-11	-7.1815665e-11	-7.2034552e-11	-7.2367702e-11	-7.2808225e-11	-7.328603e-11	-7.3883032e-11	-7.408011e-11	-7.4830017e-11	-7.4998473e-11	-7.5448744e-11	-7.6850824e-11	-7.8133187e-11	-8.0088318e-11	-8.2194473e-11	-8.4176381e-11	-8.6644004e-11	-9.0406752e-11	-9.4014067e-11	-9.7111916e-11	-9.9191474e-11	-9.2847223e-11	-9.1323116e-11	-9.8647805e-11	-1.1672624e-10
	141.666666666667	-8.5457343e-11	-7.2274374e-11	-7.1969548e-11	-7.2492096e-11	-7.2092589e-11	-7.2300513e-11	-7.1943937e-11	-7.2047694e-11	-7.1577501e-11	-7.236578e-11	-7.228082e-11	-7.2232609e-11	-7.1889106e-11	-7.2810445e-11	-7.2849421e-11	-7.2270911e-11	-7.3143214e-11	-7.2533486e-11	-7.1553888e-11	-7.2282964e-11	-7.3205435e-11	-7.3364134e-11	-7.2675956e-11	-7.3019008e-11	-7.3362406e-11	-7.3305306e-11	-7.3519336e-11	-7.3622525e-11	-7.3421984e-11	-7.3223094e-11	-7.3522764e-11	-7.4018534e-11	-7.4733525e-11	-7.5183158e-11	-7.4848697e-11	-7.6029329e-11	-7.6858249e-11	-7.8805698e-11	-7.9882802e-11	-8.055584e-11	-8.1870476e-11	-8.4902821e-11	-8.8039194e-11	-9.110581e-11	-9.4098278e-11	-9.7427399e-11	-9.9440456e-11	-9.2487747e-11	-9.1540574e-11	-9.9169145e-11	-1.1759133e-10
	143.333333333333	-8.5749928e-11	-7.3066761e-11	-7.2556232e-11	-7.2965418e-11	-7.316954e-11	-7.3740104e-11	-7.3301767e-11	-7.2858275e-11	-7.3164121e-11	-7.2864902e-11	-7.3145323e-11	-7.2765814e-11	-7.2907382e-11	-7.3270022e-11	-7.3775472e-11	-7.3636534e-11	-7.3235112e-11	-7.3082956e-11	-7.2863958e-11	-7.2553519e-11	-7.3371177e-11	-7.354909e-11	-7.3475274e-11	-7.309147e-11	-7.2700811e-11	-7.3667572e-11	-7.3507249e-11	-7.3947244e-11	-7.4018042e-11	-7.3942796e-11	-7.3479493e-11	-7.4585824e-11	-7.4723963e-11	-7.5887872e-11	-7.5810296e-11	-7.778226e-11	-7.7998885e-11	-7.8992458e-11	-7.9826985e-11	-8.0837018e-11	-8.204782e-11	-8.4844333e-11	-8.8160909e-11	-9.1660145e-11	-9.4856512e-11	-9.7156845e-11	-9.8854487e-11	-9.2770243e-11	-9.170726e-11	-9.942238e-11	-1.1612495e-10
	145	-8.4128059e-11	-7.342963e-11	-7.2994569e-11	-7.2571935e-11	-7.2813193e-11	-7.2951561e-11	-7.2887987e-11	-7.2548703e-11	-7.2901733e-11	-7.2930807e-11	-7.2907236e-11	-7.2470252e-11	-7.2257055e-11	-7.2928927e-11	-7.2928698e-11	-7.2499361e-11	-7.2765738e-11	-7.2428674e-11	-7.2198719e-11	-7.2134729e-11	-7.240427e-11	-7.302059e-11	-7.2418016e-11	-7.2467726e-11	-7.3027105e-11	-7.2996373e-11	-7.2315688e-11	-7.3119191e-11	-7.3373363e-11	-7.3280867e-11	-7.4099997e-11	-7.4253048e-11	-7.5279727e-11	-7.5592803e-11	-7.607396e-11	-7.7553054e-11	-7.8415795e-11	-7.9189912e-11	-7.9860091e-11	-8.0501605e-11	-8.146505e-11	-8.4087799e-11	-8.7770895e-11	-9.1233257e-11	-9.4065138e-11	-9.7288504e-11	-9.8939225e-11	-9.3214714e-11	-9.2447036e-11	-1.0056257e-10	-1.1801696e-10
	146.666666666667	-8.7270233e-11	-7.2581843e-11	-7.2656749e-11	-7.2595138e-11	-7.2300513e-11	-7.1709805e-11	-7.2453835e-11	-7.2552277e-11	-7.2446868e-11	-7.209338e-11	-7.2185306e-11	-7.212396e-11	-7.2256486e-11	-7.2257277e-11	-7.2644619e-11	-7.2381975e-11	-7.2176799e-11	-7.2385362e-11	-7.2616524e-11	-7.2470023e-11	-7.1812167e-11	-7.2121357e-11	-7.1883534e-11	-7.2310304e-11	-7.2700207e-11	-7.2079405e-11	-7.2258595e-11	-7.2714369e-11	-7.317523e-11	-7.3440698e-11	-7.3431622e-11	-7.3317734e-11	-7.3398558e-11	-7.4551962e-11	-7.5994377e-11	-7.7345207e-11	-7.8128851e-11	-7.8498645e-11	-7.9989494e-11	-8.1438273e-11	-8.2104462e-11	-8.4303786e-11	-8.6880329e-11	-9.0809645e-11	-9.3971324e-11	-9.8088197e-11	-1.0052863e-10	-9.368966e-11	-9.2367648e-11	-9.9105231e-11	-1.1569837e-10
	148.333333333333	-8.3213575e-11	-7.257047e-11	-7.1360196e-11	-7.0516815e-11	-7.1602127e-11	-7.1252823e-11	-7.1187591e-11	-7.1827079e-11	-7.1101049e-11	-7.0887095e-11	-7.1153923e-11	-7.1297489e-11	-7.1082105e-11	-7.1019586e-11	-7.1055405e-11	-7.1218476e-11	-7.1637529e-11	-7.1386667e-11	-7.143966e-11	-7.101518e-11	-7.0911235e-11	-7.1373601e-11	-7.1005167e-11	-7.1081051e-11	-7.1545221e-11	-7.1264307e-11	-7.084669e-11	-7.1948912e-11	-7.2319158e-11	-7.236834e-11	-7.2750334e-11	-7.2984063e-11	-7.3918656e-11	-7.3859037e-11	-7.4863081e-11	-7.6011739e-11	-7.7653307e-11	-7.9047408e-11	-8.0579154e-11	-8.2191157e-11	-8.287105e-11	-8.3805497e-11	-8.7104858e-11	-9.0945113e-11	-9.4081826e-11	-9.6716322e-11	-9.9168167e-11	-9.3110845e-11	-9.2096449e-11	-9.8695559e-11	-1.1627578e-10
	150	-8.2964677e-11	-7.0794599e-11	-7.0032986e-11	-6.9881323e-11	-6.9822009e-11	-6.9542712e-11	-7.019451e-11	-6.9886145e-11	-6.9109121e-11	-6.9287784e-11	-6.939007e-11	-6.9766457e-11	-6.978574e-11	-6.9135669e-11	-6.8921077e-11	-6.945914e-11	-6.948031e-11	-6.9546029e-11	-6.9867237e-11	-6.9320924e-11	-6.9004011e-11	-6.9705748e-11	-6.9665447e-11	-6.9882378e-11	-6.9725781e-11	-6.9044687e-11	-6.9608277e-11	-7.0328847e-11	-7.0694083e-11	-7.0436636e-11	-7.0753362e-11	-7.155667e-11	-7.2017982e-11	-7.2771275e-11	-7.4102856e-11	-7.4639787e-11	-7.5877707e-11	-7.8119927e-11	-7.9170032e-11	-8.070377e-11	-8.2294387e-11	-8.3418945e-11	-8.6333864e-11	-9.040995e-11	-9.3527831e-11	-9.659204e-11	-9.9395561e-11	-9.3216296e-11	-9.1129958e-11	-9.7992461e-11	-1.154112e-10
