I1_2509
																																																				
		-50	-49	-48	-47	-46	-45	-44	-43	-42	-41	-40	-39	-38	-37	-36	-35	-34	-33	-32	-31	-30	-29	-28	-27	-26	-25	-24	-23	-22	-21	-20	-19	-18	-17	-16	-15	-14	-13	-12	-11	-10	-9	-8	-7	-6	-5	-4	-3	-2	-1	0
	150	-3.2922672e-11	-3.3023039e-11	-3.3437347e-11	-3.3620304e-11	-3.3383907e-11	-3.3871014e-11	-3.2828972e-11	-3.2750261e-11	-3.3487664e-11	-3.3453691e-11	-3.3513387e-11	-3.3314837e-11	-3.345919e-11	-3.3506004e-11	-3.3598877e-11	-3.3506944e-11	-3.3440774e-11	-3.3199631e-11	-3.3390006e-11	-3.658027e-11	-3.6865667e-11	-3.381008e-11	-4.2783787e-11	-4.7336513e-11	-4.786482e-11	-4.870131e-11	-4.9435622e-11	-5.0191518e-11	-4.9861944e-11	-5.0677157e-11	-5.1353095e-11	-5.1923583e-11	-5.1740778e-11	-5.2477387e-11	-5.3477289e-11	-5.5232818e-11	-5.7099447e-11	-5.8674426e-11	-5.9634069e-11	-6.0063669e-11	-6.0548025e-11	-6.2276968e-11	-6.5757635e-11	-6.9848183e-11	-7.070286e-11	-7.047004e-11	-7.101477e-11	-7.6743646e-11	-8.7551667e-11	-9.5737966e-11	-9.598148e-11
	148.333333333333	-5.0931516e-11	-3.4304455e-11	-3.3393059e-11	-3.3254618e-11	-3.3316756e-11	-3.3524645e-11	-3.3166414e-11	-3.2895707e-11	-3.3463822e-11	-3.3750537e-11	-3.3075088e-11	-3.2948394e-11	-3.3206299e-11	-3.3167431e-11	-3.3829398e-11	-3.3924492e-11	-3.3324215e-11	-3.2625642e-11	-3.3273335e-11	-3.3865893e-11	-3.3289153e-11	-4.2970058e-11	-4.5457756e-11	-4.6921828e-11	-4.7686459e-11	-4.7925719e-11	-4.867344e-11	-4.8952131e-11	-5.0308001e-11	-5.1092894e-11	-5.1641278e-11	-5.1606101e-11	-5.1717578e-11	-5.2984041e-11	-5.4435685e-11	-5.5447862e-11	-5.6620774e-11	-5.8109326e-11	-5.8806432e-11	-5.9799964e-11	-6.0577252e-11	-6.1563477e-11	-6.6731357e-11	-6.9836692e-11	-7.0765338e-11	-7.1032735e-11	-7.1466132e-11	-7.724265e-11	-8.8812784e-11	-9.4930591e-11	-9.6755298e-11
	146.666666666667	-4.6687577e-11	-3.5023366e-11	-3.4613576e-11	-3.4568383e-11	-3.3338225e-11	-3.344262e-11	-3.4075888e-11	-3.3900993e-11	-3.3907054e-11	-3.345569e-11	-3.3665914e-11	-3.3395169e-11	-3.3602263e-11	-3.3790231e-11	-3.3729259e-11	-3.3225506e-11	-3.3090114e-11	-3.3734869e-11	-3.3913306e-11	-3.3737318e-11	-3.3263167e-11	-4.1622775e-11	-4.6439089e-11	-4.7206319e-11	-4.7295012e-11	-4.8512815e-11	-4.9259218e-11	-4.9681512e-11	-5.0599688e-11	-5.1014824e-11	-5.1616045e-11	-5.189274e-11	-5.3241189e-11	-5.4019494e-11	-5.4032674e-11	-5.5920431e-11	-5.6813412e-11	-5.8233154e-11	-5.938381e-11	-5.976479e-11	-5.98116e-11	-6.0970208e-11	-6.4475349e-11	-6.9204406e-11	-7.1780304e-11	-7.1978777e-11	-7.2138046e-11	-7.7204312e-11	-8.8775466e-11	-9.5921937e-11	-9.6733684e-11
	145	-5.2359471e-11	-3.3911915e-11	-3.3658118e-11	-3.4286303e-11	-3.4166465e-11	-3.3942758e-11	-3.408553e-11	-3.3589836e-11	-3.351474e-11	-3.3392043e-11	-3.4041468e-11	-3.4235347e-11	-3.3883254e-11	-3.3268475e-11	-3.3343987e-11	-3.3832034e-11	-3.3894099e-11	-4.0438073e-11	-4.2716903e-11	-3.468453e-11	-4.0274211e-11	-4.5914245e-11	-4.6703582e-11	-4.7318812e-11	-4.8126413e-11	-4.8406387e-11	-4.7212647e-11	-4.9948642e-11	-5.0479097e-11	-5.1372753e-11	-5.1012073e-11	-5.2425453e-11	-5.281792e-11	-5.3723893e-11	-5.4715545e-11	-5.5776831e-11	-5.7328614e-11	-5.8414981e-11	-5.8461645e-11	-5.9143836e-11	-5.8889962e-11	-5.9409082e-11	-6.2362344e-11	-6.8961531e-11	-7.110685e-11	-7.1203862e-11	-7.1561229e-11	-7.7484887e-11	-8.9112495e-11	-9.5742858e-11	-9.6949296e-11
	143.333333333333	-5.2496785e-11	-3.3643203e-11	-3.3907772e-11	-3.4080409e-11	-3.3949839e-11	-3.3988555e-11	-3.4095098e-11	-3.3948934e-11	-3.3826424e-11	-3.4027458e-11	-3.396558e-11	-3.3781079e-11	-3.3701351e-11	-3.3983771e-11	-3.3638758e-11	-3.3683577e-11	-3.4054384e-11	-3.3649229e-11	-3.3596542e-11	-3.3783941e-11	-3.3901972e-11	-3.3717019e-11	-4.4578861e-11	-4.7279607e-11	-4.7933778e-11	-4.9408845e-11	-4.9724218e-11	-5.0098269e-11	-4.9327951e-11	-5.0520147e-11	-5.0815296e-11	-5.1538048e-11	-5.2428843e-11	-5.3010027e-11	-5.3865308e-11	-5.5233457e-11	-5.6912197e-11	-5.872252e-11	-5.8643472e-11	-5.8269008e-11	-5.7594349e-11	-5.9254372e-11	-6.4731706e-11	-6.8555994e-11	-7.1073557e-11	-7.1036725e-11	-7.2082416e-11	-7.7955427e-11	-8.9329683e-11	-9.5791104e-11	-9.6844067e-11
	141.666666666667	-5.1781412e-11	-3.5092509e-11	-3.4460143e-11	-3.462958e-11	-3.4617378e-11	-3.4230487e-11	-3.3805146e-11	-3.4474756e-11	-3.5091607e-11	-3.4302193e-11	-3.387576e-11	-3.4273383e-11	-3.4024519e-11	-3.3896774e-11	-3.419539e-11	-3.4304944e-11	-3.4072124e-11	-3.3995862e-11	-3.3900389e-11	-4.348899e-11	-4.5681913e-11	-4.5737577e-11	-4.6341698e-11	-4.7796843e-11	-4.8336109e-11	-4.9149136e-11	-4.8978644e-11	-4.9408581e-11	-5.0553402e-11	-5.0641265e-11	-5.1111573e-11	-5.1532851e-11	-5.2298686e-11	-5.2664526e-11	-5.355871e-11	-5.554333e-11	-5.7510326e-11	-5.8959601e-11	-5.862219e-11	-5.850985e-11	-5.882541e-11	-6.0195592e-11	-6.3636416e-11	-6.8247213e-11	-7.0542162e-11	-7.1138782e-11	-7.1826586e-11	-7.8299006e-11	-8.9375063e-11	-9.4922376e-11	-9.6110356e-11
	140	-5.2395362e-11	-3.4286338e-11	-3.4074008e-11	-3.3826233e-11	-3.3738901e-11	-3.3315701e-11	-3.3166189e-11	-3.3661431e-11	-3.4027194e-11	-3.3755696e-11	-3.3665421e-11	-3.3626067e-11	-3.3899824e-11	-3.3636913e-11	-3.3630172e-11	-3.3769744e-11	-3.3624371e-11	-3.3528826e-11	-3.3525738e-11	-3.376285e-11	-3.3492632e-11	-3.2765402e-11	-4.3730134e-11	-4.6068958e-11	-4.7712181e-11	-4.7915928e-11	-4.7998744e-11	-4.8496773e-11	-4.935518e-11	-4.9993381e-11	-5.0268647e-11	-5.0804073e-11	-5.111361e-11	-5.1963579e-11	-5.3369201e-11	-5.5093922e-11	-5.6757671e-11	-5.7974989e-11	-5.8258766e-11	-5.8399015e-11	-5.8202124e-11	-5.9280393e-11	-6.3018889e-11	-6.8043807e-11	-7.0197598e-11	-7.0028462e-11	-7.129463e-11	-7.7673083e-11	-8.8451281e-11	-9.5091025e-11	-9.5826243e-11
	138.333333333333	-4.8287527e-11	-3.4788172e-11	-3.3600081e-11	-3.3074748e-11	-3.3023868e-11	-3.3897642e-11	-3.3587012e-11	-3.3607988e-11	-3.3638269e-11	-3.3924644e-11	-3.3444088e-11	-3.3236955e-11	-3.3765414e-11	-3.3701465e-11	-3.3397802e-11	-3.4150006e-11	-3.405529e-11	-3.3643806e-11	-3.3991716e-11	-3.374696e-11	-3.6501146e-11	-4.5441109e-11	-4.6842891e-11	-4.7797519e-11	-4.8029625e-11	-4.8223203e-11	-4.8631561e-11	-5.0176717e-11	-5.0765735e-11	-5.0962963e-11	-5.0967598e-11	-5.1136092e-11	-5.203054e-11	-5.2537346e-11	-5.346068e-11	-5.5655109e-11	-5.7293816e-11	-5.9086437e-11	-5.9511368e-11	-6.0416477e-11	-6.0174164e-11	-6.0933973e-11	-6.4189841e-11	-6.7089667e-11	-7.0565248e-11	-7.10478e-11	-7.1534487e-11	-7.7602466e-11	-8.8217968e-11	-9.5205101e-11	-9.6455517e-11
	136.666666666667	-5.2090499e-11	-3.4032166e-11	-3.3621321e-11	-3.3556206e-11	-3.3289978e-11	-3.3509508e-11	-3.3765938e-11	-3.3668474e-11	-3.3051097e-11	-3.3422244e-11	-3.3013623e-11	-3.3356904e-11	-3.3839528e-11	-3.6251151e-11	-3.3916283e-11	-3.6525324e-11	-3.4073029e-11	-3.8472885e-11	-3.3710805e-11	-3.3029895e-11	-3.3847061e-11	-3.3953566e-11	-4.5730798e-11	-4.6550978e-11	-4.7168432e-11	-4.7746376e-11	-4.8690087e-11	-4.9529249e-11	-5.0264015e-11	-5.0489866e-11	-5.0615127e-11	-5.1022318e-11	-5.1635966e-11	-5.218171e-11	-5.2794116e-11	-5.0893293e-11	-5.7276416e-11	-5.9502368e-11	-6.080815e-11	-6.1524764e-11	-6.1231839e-11	-6.3162378e-11	-6.7205019e-11	-7.0426241e-11	-7.1429827e-11	-7.1829563e-11	-7.2681833e-11	-7.8562747e-11	-8.955546e-11	-9.5823717e-11	-9.6408367e-11
	135	-5.1555787e-11	-3.5612156e-11	-3.5387471e-11	-3.5695991e-11	-3.5315764e-11	-3.5782273e-11	-3.5450403e-11	-3.4908236e-11	-3.5384608e-11	-3.6171836e-11	-3.5825846e-11	-3.5770296e-11	-3.5624132e-11	-3.5386905e-11	-3.5673693e-11	-3.5898569e-11	-3.580208e-11	-3.5371879e-11	-3.5334558e-11	-3.5251364e-11	-3.5790069e-11	-4.2513645e-11	-4.724281e-11	-4.7779933e-11	-4.8286437e-11	-4.9660685e-11	-4.9901642e-11	-5.0767918e-11	-5.0670565e-11	-5.1721984e-11	-5.2294169e-11	-5.204696e-11	-5.2765757e-11	-5.3500111e-11	-5.5322941e-11	-5.6507417e-11	-5.7756855e-11	-5.9943529e-11	-6.1924042e-11	-6.2504592e-11	-6.2794651e-11	-6.4573798e-11	-6.9044756e-11	-7.1438265e-11	-7.2209905e-11	-7.1627246e-11	-7.1954824e-11	-7.8657879e-11	-8.9586005e-11	-9.5669118e-11	-9.5723915e-11
	133.333333333333	-5.3149186e-11	-3.6745752e-11	-3.5719077e-11	-3.5381257e-11	-3.5749393e-11	-3.5590125e-11	-3.5187228e-11	-3.587183e-11	-3.5955211e-11	-3.5474658e-11	-3.5212687e-11	-3.5213929e-11	-3.5736098e-11	-3.5522033e-11	-3.5614945e-11	-3.5586735e-11	-3.5227977e-11	-3.4874718e-11	-3.488658e-11	-3.535881e-11	-3.5373763e-11	-4.1465203e-11	-4.630946e-11	-4.6778942e-11	-4.8424615e-11	-4.9127934e-11	-4.9517838e-11	-5.0013268e-11	-5.101667e-11	-5.0843881e-11	-5.1955405e-11	-5.2655599e-11	-5.3333723e-11	-5.3321746e-11	-5.4308766e-11	-5.6480112e-11	-5.7823291e-11	-5.9324309e-11	-6.0680627e-11	-6.1792418e-11	-6.3384728e-11	-6.4914102e-11	-6.9543808e-11	-7.1796118e-11	-7.2029882e-11	-7.1108772e-11	-7.3097493e-11	-7.9859903e-11	-8.917192e-11	-9.4848338e-11	-9.5521299e-11
	131.666666666667	-5.2461872e-11	-3.5682509e-11	-3.522858e-11	-3.4807643e-11	-3.476934e-11	-3.5038129e-11	-3.4805121e-11	-3.4708594e-11	-3.4931398e-11	-3.49407e-11	-3.5528438e-11	-3.5647672e-11	-3.5185233e-11	-3.5326575e-11	-3.6017953e-11	-3.5531977e-11	-3.504182e-11	-3.529332e-11	-3.5087992e-11	-3.4982239e-11	-3.5346535e-11	-4.1617956e-11	-4.6253158e-11	-4.6354465e-11	-4.8009742e-11	-4.9566119e-11	-4.9606378e-11	-5.0142519e-11	-5.0441474e-11	-5.1406723e-11	-5.2187022e-11	-5.2622837e-11	-5.3117212e-11	-5.4403371e-11	-5.5054378e-11	-5.6297793e-11	-5.7700403e-11	-5.9916981e-11	-6.0644663e-11	-6.1986638e-11	-6.2651433e-11	-6.5073107e-11	-6.9578829e-11	-7.2944331e-11	-7.4040642e-11	-7.2890589e-11	-7.296809e-11	-7.9457309e-11	-8.9268599e-11	-9.5077279e-11	-9.603323e-11
	130	-5.192155e-11	-3.6327451e-11	-3.583172e-11	-3.6100092e-11	-3.5240783e-11	-3.4564615e-11	-3.5517138e-11	-3.5608429e-11	-3.5207715e-11	-3.4893508e-11	-3.4714055e-11	-3.4870537e-11	-3.5563271e-11	-3.5286839e-11	-3.5277763e-11	-3.5177927e-11	-3.5157249e-11	-3.4938778e-11	-3.5224965e-11	-3.5443624e-11	-3.5259011e-11	-4.43184e-11	-4.6512717e-11	-4.7685217e-11	-4.7704007e-11	-4.8883588e-11	-4.9350433e-11	-5.0160934e-11	-5.1462012e-11	-5.2560997e-11	-5.272708e-11	-5.2246488e-11	-5.3108812e-11	-5.4695845e-11	-5.5931617e-11	-5.7364204e-11	-5.8568338e-11	-5.9382457e-11	-6.036454e-11	-6.1604451e-11	-6.2603298e-11	-6.5040043e-11	-7.0488344e-11	-7.3506382e-11	-7.4156938e-11	-7.3193493e-11	-7.345554e-11	-7.9880692e-11	-8.9893842e-11	-9.481934e-11	-9.5285696e-11
	128.333333333333	-4.844062e-11	-3.655579e-11	-3.5820159e-11	-3.5507194e-11	-3.5394136e-11	-3.5586208e-11	-3.5811496e-11	-3.6584451e-11	-3.6476891e-11	-3.5618862e-11	-3.5911375e-11	-3.5744685e-11	-3.567795e-11	-3.6083445e-11	-3.5612496e-11	-3.5343745e-11	-3.546366e-11	-3.6067403e-11	-3.6185433e-11	-3.5504332e-11	-3.4854605e-11	-4.273016e-11	-4.7592305e-11	-4.859857e-11	-4.9248335e-11	-4.9551394e-11	-4.8357051e-11	-5.0170239e-11	-5.1241202e-11	-5.1994086e-11	-5.2466805e-11	-5.232147e-11	-5.3854501e-11	-5.4803634e-11	-5.5814228e-11	-5.7208398e-11	-5.885633e-11	-6.0104005e-11	-6.0619468e-11	-6.1044773e-11	-6.2188088e-11	-6.3612046e-11	-6.8469411e-11	-7.2601536e-11	-7.4139271e-11	-7.4125116e-11	-7.3769026e-11	-7.9543212e-11	-8.9620353e-11	-9.572855e-11	-9.5640461e-11
	126.666666666667	-5.0936751e-11	-3.6323985e-11	-3.4848808e-11	-3.5501695e-11	-3.5880153e-11	-3.6354569e-11	-3.6135116e-11	-3.56369e-11	-3.5336328e-11	-3.599581e-11	-3.5476691e-11	-3.5512846e-11	-3.5716138e-11	-3.535772e-11	-3.5669551e-11	-3.5763819e-11	-3.5678138e-11	-4.108976e-11	-3.5981235e-11	-3.5343069e-11	-3.540683e-11	-3.8950652e-11	-4.683837e-11	-4.762974e-11	-4.8597026e-11	-4.9214667e-11	-4.9374008e-11	-5.0331125e-11	-5.0841394e-11	-5.1579588e-11	-5.1634159e-11	-5.269183e-11	-5.3728789e-11	-5.4981693e-11	-5.5542314e-11	-5.7244102e-11	-5.8102058e-11	-5.9853331e-11	-6.0370604e-11	-6.0572845e-11	-6.0856729e-11	-6.3202749e-11	-6.7989989e-11	-7.2326992e-11	-7.423482e-11	-7.3867586e-11	-7.3732347e-11	-7.9494064e-11	-9.0047692e-11	-9.6175096e-11	-9.6342427e-11
	125	-5.3713912e-11	-3.6045784e-11	-3.5996449e-11	-3.5433944e-11	-3.5210501e-11	-3.5016625e-11	-3.5354254e-11	-3.5085206e-11	-3.4568005e-11	-3.5745251e-11	-3.5923577e-11	-3.5559056e-11	-3.4697786e-11	-3.4746858e-11	-3.4815026e-11	-3.4993914e-11	-3.5309439e-11	-3.4840519e-11	-3.5222405e-11	-3.4926312e-11	-3.4739552e-11	-3.5004874e-11	-4.53073e-11	-4.6731188e-11	-4.7458874e-11	-4.7788294e-11	-4.8664101e-11	-4.9513921e-11	-5.0336551e-11	-5.0530163e-11	-5.1383637e-11	-5.1944751e-11	-5.2446169e-11	-5.3852051e-11	-5.5069557e-11	-5.6686718e-11	-5.8302488e-11	-5.9777669e-11	-6.0510479e-11	-6.0096053e-11	-6.0052671e-11	-6.2123272e-11	-6.7364135e-11	-7.2397491e-11	-7.412071e-11	-7.3397469e-11	-7.4160365e-11	-8.0728368e-11	-9.0631322e-11	-9.5746591e-11	-9.664379e-11
	123.333333333333	-5.3525042e-11	-3.5515181e-11	-3.52131e-11	-3.4877427e-11	-3.5080307e-11	-3.5512919e-11	-3.4657714e-11	-3.5122114e-11	-3.4958439e-11	-3.5576642e-11	-3.5470852e-11	-3.4437699e-11	-3.4729761e-11	-3.4952111e-11	-3.5073642e-11	-3.523758e-11	-3.5396321e-11	-3.473891e-11	-4.1364686e-11	-4.2920761e-11	-4.3706296e-11	-4.5361041e-11	-4.2660899e-11	-4.589534e-11	-4.7180673e-11	-4.7786036e-11	-4.8919403e-11	-4.9509289e-11	-5.0035826e-11	-5.1074252e-11	-5.1481028e-11	-5.213599e-11	-5.3073899e-11	-5.388719e-11	-5.4737388e-11	-5.6699073e-11	-5.8580654e-11	-5.9994822e-11	-6.0073835e-11	-6.0003523e-11	-5.9142892e-11	-6.1801876e-11	-6.6516313e-11	-7.1180555e-11	-7.2840609e-11	-7.311448e-11	-7.3579441e-11	-8.0669617e-11	-9.057724e-11	-9.6885534e-11	-9.6459438e-11
	121.666666666667	-5.3570575e-11	-3.5757376e-11	-3.5670605e-11	-3.5634339e-11	-3.4236249e-11	-3.2960221e-11	-3.3417765e-11	-3.4052691e-11	-3.3916283e-11	-3.4174146e-11	-3.3934699e-11	-3.3856855e-11	-3.3693669e-11	-3.3862614e-11	-3.4250637e-11	-3.3935715e-11	-3.4006669e-11	-3.3693555e-11	-3.3617217e-11	-3.4414388e-11	-3.4119086e-11	-4.2170441e-11	-4.4094204e-11	-4.5669562e-11	-4.5966821e-11	-4.7145045e-11	-4.7779104e-11	-4.7930538e-11	-4.8229004e-11	-4.9483452e-11	-5.0215242e-11	-5.0565829e-11	-5.0629136e-11	-5.165653e-11	-5.291162e-11	-5.4429246e-11	-5.6710935e-11	-5.8462964e-11	-5.9309578e-11	-5.9884361e-11	-5.9130915e-11	-6.0434026e-11	-6.3588884e-11	-6.8331424e-11	-7.0417012e-11	-7.1641748e-11	-7.2706799e-11	-7.9190703e-11	-8.9292775e-11	-9.5336163e-11	-9.6810213e-11
	120	-5.2507328e-11	-3.5024872e-11	-3.3825859e-11	-3.3480017e-11	-3.3851921e-11	-3.4172564e-11	-3.4218323e-11	-3.4453253e-11	-3.4547216e-11	-3.4340458e-11	-3.3982903e-11	-3.411792e-11	-3.4543375e-11	-3.4254065e-11	-3.4159571e-11	-3.3943511e-11	-3.4303702e-11	-3.4356351e-11	-3.4216779e-11	-3.3919294e-11	-3.3798478e-11	-3.992694e-11	-4.3939567e-11	-4.5246289e-11	-4.5787402e-11	-4.6287731e-11	-4.7492354e-11	-4.8362661e-11	-4.6198548e-11	-4.5681726e-11	-4.6427001e-11	-4.6683699e-11	-4.7206357e-11	-4.8714602e-11	-4.9897232e-11	-5.1783636e-11	-5.3824219e-11	-5.5554027e-11	-5.7408266e-11	-5.8442286e-11	-5.8681095e-11	-6.0407811e-11	-6.5845308e-11	-7.0209838e-11	-7.2363712e-11	-7.2890589e-11	-7.3803942e-11	-8.0849744e-11	-9.084343e-11	-9.6462185e-11	-9.6786482e-11
	118.333333333333	-5.3859434e-11	-3.5846975e-11	-3.5554986e-11	-3.4711081e-11	-3.4888689e-11	-3.5137476e-11	-3.5669665e-11	-3.5565609e-11	-3.5542257e-11	-3.4994816e-11	-3.4636623e-11	-3.4928421e-11	-3.4906841e-11	-3.5726647e-11	-3.5447201e-11	-3.4944051e-11	-3.5309627e-11	-3.5190052e-11	-3.5140075e-11	-3.5555441e-11	-3.5621082e-11	-3.5217433e-11	-4.2164942e-11	-4.6381243e-11	-4.7466066e-11	-4.8327561e-11	-4.9114712e-11	-4.959945e-11	-5.0297381e-11	-5.1535411e-11	-5.2355141e-11	-5.2815509e-11	-5.2651421e-11	-5.3085463e-11	-5.4755013e-11	-5.6433146e-11	-5.768289e-11	-5.959392e-11	-6.233971e-11	-6.3023448e-11	-6.370262e-11	-6.5035824e-11	-6.8402901e-11	-7.0930671e-11	-7.2486107e-11	-7.2856617e-11	-7.3552706e-11	-7.9700635e-11	-8.9996774e-11	-9.6631772e-11	-9.7240715e-11
	116.666666666667	-5.1229718e-11	-3.6765146e-11	-3.5622776e-11	-3.5607184e-11	-3.5859402e-11	-3.5614491e-11	-3.5796317e-11	-3.5779709e-11	-3.5723785e-11	-3.5832361e-11	-3.5478422e-11	-3.5093602e-11	-3.5746909e-11	-3.570115e-11	-3.533757e-11	-3.5655316e-11	-3.5551222e-11	-3.6009858e-11	-3.5761182e-11	-3.5612232e-11	-3.5340921e-11	-3.5629142e-11	-4.2321424e-11	-4.6807714e-11	-4.829653e-11	-4.9218168e-11	-4.9009113e-11	-5.017408e-11	-5.0956187e-11	-5.216582e-11	-5.2196362e-11	-5.2063985e-11	-5.280873e-11	-5.3966578e-11	-5.5653943e-11	-5.6400006e-11	-5.7432031e-11	-5.9742045e-11	-6.2325853e-11	-6.3714638e-11	-6.4376379e-11	-6.5742904e-11	-6.8638734e-11	-7.1757891e-11	-7.2646993e-11	-7.2981274e-11	-7.3571156e-11	-7.893465e-11	-8.9103488e-11	-9.6372889e-11	-9.6649362e-11
	115	-5.127939e-11	-3.7182205e-11	-3.6058101e-11	-3.599453e-11	-3.5974078e-11	-3.6755845e-11	-3.6496174e-11	-3.5692036e-11	-3.5841701e-11	-3.599163e-11	-3.6117945e-11	-3.5747211e-11	-3.5668534e-11	-3.5417488e-11	-3.5842943e-11	-3.608051e-11	-3.6594956e-11	-3.6186526e-11	-4.076757e-11	-3.5339377e-11	-3.5221576e-11	-3.6092448e-11	-4.4260814e-11	-4.7566659e-11	-4.8180494e-11	-4.9487595e-11	-4.9744781e-11	-5.0314405e-11	-5.1705602e-11	-5.2390994e-11	-5.2866125e-11	-5.3852842e-11	-5.4559364e-11	-5.4679428e-11	-5.5804961e-11	-5.6972944e-11	-5.8663241e-11	-6.0810482e-11	-6.2182585e-11	-6.3541318e-11	-6.4360711e-11	-6.6661197e-11	-7.0326925e-11	-7.3389669e-11	-7.401315e-11	-7.2495863e-11	-7.3155947e-11	-7.9406315e-11	-8.9863526e-11	-9.5963251e-11	-9.6527605e-11
	113.333333333333	-5.3778274e-11	-3.6264859e-11	-3.523935e-11	-3.5598975e-11	-3.550275e-11	-3.5780202e-11	-3.5263341e-11	-3.5533972e-11	-3.5865391e-11	-3.5504034e-11	-3.6413997e-11	-3.6039796e-11	-3.5390597e-11	-3.5803249e-11	-3.6091505e-11	-3.6321501e-11	-3.5466748e-11	-3.5571858e-11	-3.560293e-11	-3.5695651e-11	-3.5843547e-11	-3.8392026e-11	-4.6042781e-11	-4.7285668e-11	-4.7693387e-11	-4.8734301e-11	-4.9227282e-11	-4.9574782e-11	-5.0659719e-11	-5.1817946e-11	-5.2723579e-11	-5.3225448e-11	-5.4147541e-11	-5.4743224e-11	-5.5103526e-11	-5.6557654e-11	-5.7761563e-11	-5.9480559e-11	-6.1135687e-11	-6.2779254e-11	-6.4351482e-11	-6.6516653e-11	-7.0403683e-11	-7.3323195e-11	-7.3851245e-11	-7.3625425e-11	-7.4276661e-11	-8.0267015e-11	-9.0352968e-11	-9.562709e-11	-9.6349768e-11
	111.666666666667	-5.0150956e-11	-3.6754488e-11	-3.602782e-11	-3.5516912e-11	-3.5364007e-11	-3.5805397e-11	-3.5714105e-11	-3.5840043e-11	-3.5956266e-11	-3.5711243e-11	-3.5345706e-11	-3.6169276e-11	-3.6577446e-11	-3.6236764e-11	-3.5825506e-11	-3.5968693e-11	-3.58037e-11	-3.6168298e-11	-3.6022622e-11	-3.6034713e-11	-3.5523653e-11	-4.37783e-11	-4.6543748e-11	-4.6963856e-11	-4.8232241e-11	-4.8309183e-11	-4.8948064e-11	-4.9781991e-11	-5.1140047e-11	-5.2542692e-11	-5.2981442e-11	-5.3198786e-11	-5.4027137e-11	-5.5685276e-11	-5.6420795e-11	-5.7084459e-11	-5.7874924e-11	-5.9185906e-11	-6.0822722e-11	-6.2152193e-11	-6.3297124e-11	-6.5714885e-11	-7.0101869e-11	-7.3908712e-11	-7.436031e-11	-7.3857642e-11	-7.4030962e-11	-7.9906678e-11	-8.9762933e-11	-9.5649426e-11	-9.6343704e-11
	110	-5.4301424e-11	-3.6767256e-11	-3.5910958e-11	-3.6009404e-11	-3.6194322e-11	-3.6287681e-11	-3.5876312e-11	-3.5126256e-11	-3.5376362e-11	-3.5975022e-11	-3.6217595e-11	-3.6148674e-11	-3.5842905e-11	-3.5346157e-11	-3.5568923e-11	-3.5733878e-11	-3.5860832e-11	-4.1256824e-11	-4.30267e-11	-3.5994867e-11	-3.5386531e-11	-3.7763279e-11	-4.6508838e-11	-4.6723091e-11	-4.7906925e-11	-4.8772264e-11	-4.9065717e-11	-4.9238429e-11	-5.1064347e-11	-5.1534735e-11	-5.2357552e-11	-5.1746538e-11	-5.3443354e-11	-5.5138324e-11	-5.5576474e-11	-5.6355115e-11	-5.7726237e-11	-5.9626047e-11	-5.9833936e-11	-6.0307183e-11	-6.1843829e-11	-6.4525857e-11	-6.9853075e-11	-7.3344178e-11	-7.4860819e-11	-7.4394768e-11	-7.4563453e-11	-8.0602504e-11	-9.0160525e-11	-9.5846393e-11	-9.6400422e-11
	108.333333333333	-5.3308868e-11	-3.6040438e-11	-3.5758393e-11	-3.5763743e-11	-3.5899284e-11	-3.5729808e-11	-3.5183988e-11	-3.5347326e-11	-3.5486933e-11	-3.5739262e-11	-3.5575664e-11	-3.5248315e-11	-3.5039673e-11	-3.5355836e-11	-3.521133e-11	-3.5383856e-11	-3.5653432e-11	-3.5027019e-11	-3.4798792e-11	-3.5659836e-11	-3.608484e-11	-4.2454856e-11	-4.5310915e-11	-4.6676617e-11	-4.7898678e-11	-4.8545657e-11	-4.9175573e-11	-5.0180821e-11	-5.0134123e-11	-5.1296301e-11	-5.2624755e-11	-5.3483613e-11	-5.4179591e-11	-5.4717314e-11	-5.5911432e-11	-5.7557292e-11	-5.8441307e-11	-5.956835e-11	-5.9279907e-11	-5.9817665e-11	-6.0758176e-11	-6.3243195e-11	-6.8506735e-11	-7.3707644e-11	-7.4790923e-11	-7.4550005e-11	-7.5711659e-11	-8.1248952e-11	-8.7151446e-11	-9.2546873e-11	-9.4258532e-11
	106.666666666667	-4.353776e-11	-2.7291714e-11	-2.6154653e-11	-2.6559961e-11	-2.5592939e-11	-2.6305035e-11	-2.5974521e-11	-2.6373426e-11	-2.6259691e-11	-2.5684154e-11	-2.5638058e-11	-2.5898447e-11	-2.6126145e-11	-2.5783995e-11	-2.600755e-11	-2.5377067e-11	-2.5773337e-11	-2.6136839e-11	-2.5945296e-11	-2.5976291e-11	-2.5761811e-11	-3.3005827e-11	-3.5766681e-11	-3.7428095e-11	-3.8530922e-11	-3.9332874e-11	-3.9819079e-11	-4.0235683e-11	-4.1344424e-11	-4.2574621e-11	-4.3422106e-11	-4.3871927e-11	-4.4414583e-11	-4.6433513e-11	-4.7662357e-11	-4.8701949e-11	-5.0088364e-11	-5.1015275e-11	-5.1627529e-11	-5.1854097e-11	-5.242794e-11	-5.4762809e-11	-5.8885709e-11	-6.4178392e-11	-6.8097701e-11	-7.0259402e-11	-7.200416e-11	-7.8379372e-11	-8.7301187e-11	-9.3174531e-11	-9.4647228e-11
	105	-4.5793581e-11	-2.7028877e-11	-2.6200939e-11	-2.5609322e-11	-2.6280252e-11	-2.6366647e-11	-2.654644e-11	-2.6657994e-11	-2.6154579e-11	-2.5699672e-11	-2.6095676e-11	-2.625856e-11	-2.600465e-11	-2.5903229e-11	-2.5455214e-11	-2.6289179e-11	-2.6242215e-11	-2.601689e-11	-2.6131793e-11	-2.5826287e-11	-3.4114152e-11	-3.0437198e-11	-3.655613e-11	-3.703092e-11	-3.8120267e-11	-3.9127434e-11	-3.9669639e-11	-4.0083836e-11	-4.1449007e-11	-4.1958673e-11	-4.2745564e-11	-4.3293265e-11	-4.3895276e-11	-4.5702817e-11	-4.7600854e-11	-4.8979622e-11	-5.0903986e-11	-5.1315396e-11	-5.2398565e-11	-5.2444698e-11	-5.2561899e-11	-5.3631998e-11	-5.7355166e-11	-6.3964063e-11	-6.8305021e-11	-7.0114144e-11	-7.2051087e-11	-7.9335885e-11	-8.7565004e-11	-9.3132425e-11	-9.4939813e-11
	103.333333333333	-4.6011712e-11	-2.740869e-11	-2.6243044e-11	-2.5759176e-11	-2.6261235e-11	-2.6477483e-11	-2.6660178e-11	-2.6497481e-11	-2.5707429e-11	-2.5689992e-11	-2.5852875e-11	-2.6416284e-11	-2.6212012e-11	-2.6265603e-11	-2.6243759e-11	-2.5926315e-11	-2.601433e-11	-2.6264511e-11	-2.6170585e-11	-2.6015684e-11	-2.5483008e-11	-2.5411338e-11	-3.2736477e-11	-3.7388551e-11	-3.8472208e-11	-3.8941201e-11	-3.9140274e-11	-3.9501669e-11	-4.0341286e-11	-4.1483355e-11	-4.2278906e-11	-4.3127408e-11	-4.3880739e-11	-4.5395503e-11	-4.7274032e-11	-4.9200921e-11	-5.1160721e-11	-5.2515652e-11	-5.2570448e-11	-5.2630254e-11	-5.2539077e-11	-5.3790288e-11	-5.6876531e-11	-6.1965925e-11	-6.747411e-11	-6.9354335e-11	-7.1381172e-11	-7.8352561e-11	-8.838507e-11	-9.3791232e-11	-9.4705868e-11
	101.666666666667	-4.6293039e-11	-2.7564605e-11	-2.6112737e-11	-2.6158796e-11	-2.5726862e-11	-2.6148176e-11	-2.652358e-11	-2.6299083e-11	-2.6005403e-11	-2.6759601e-11	-2.6442685e-11	-2.6379189e-11	-2.5962017e-11	-2.6243119e-11	-2.6462344e-11	-2.5761058e-11	-2.5914038e-11	-3.1210756e-11	-3.1523943e-11	-3.4321476e-11	-3.5432816e-11	-3.5481586e-11	-3.6560272e-11	-3.707197e-11	-3.8212648e-11	-3.863302e-11	-3.9479829e-11	-3.9430192e-11	-4.0672663e-11	-4.1872016e-11	-4.2967838e-11	-4.3684337e-11	-4.4171899e-11	-4.4777335e-11	-4.7901842e-11	-4.9659894e-11	-5.1762056e-11	-5.2919905e-11	-5.3778801e-11	-5.4698333e-11	-5.4276642e-11	-5.49919e-11	-5.7409435e-11	-6.2566959e-11	-6.6303525e-11	-6.8947743e-11	-7.1468699e-11	-7.8684691e-11	-8.8231415e-11	-9.3374662e-11	-9.531221e-11
	100	-4.5428154e-11	-2.6676973e-11	-2.605199e-11	-2.5343812e-11	-2.5555166e-11	-2.5770963e-11	-2.5669543e-11	-2.5863684e-11	-2.604619e-11	-2.5323136e-11	-2.5951661e-11	-2.6491833e-11	-2.6201768e-11	-2.595874e-11	-2.5343738e-11	-2.5432541e-11	-2.5278547e-11	-2.6010185e-11	-2.580546e-11	-2.5669316e-11	-2.5274026e-11	-2.7602417e-11	-3.5492696e-11	-3.6729068e-11	-3.7375408e-11	-3.7608791e-11	-3.9283764e-11	-3.9319391e-11	-3.997571e-11	-4.1421439e-11	-4.2223693e-11	-4.2648059e-11	-4.3783237e-11	-4.4677949e-11	-4.7359033e-11	-4.8749966e-11	-5.0234639e-11	-5.241069e-11	-5.36407e-11	-5.5220915e-11	-5.527654e-11	-5.6091149e-11	-5.8983138e-11	-6.2782342e-11	-6.5230037e-11	-6.8429117e-11	-7.0917675e-11	-7.8047131e-11	-8.8740286e-11	-9.3807649e-11	-9.5222087e-11
	98.3333333333333	-4.113224e-11	-2.6240369e-11	-2.5801167e-11	-2.6000055e-11	-2.6243835e-11	-2.6367023e-11	-2.6690419e-11	-2.6300326e-11	-2.6154013e-11	-2.5964429e-11	-2.589419e-11	-2.6363032e-11	-2.6234345e-11	-2.5773713e-11	-2.6297351e-11	-2.6571146e-11	-2.6593819e-11	-2.6296975e-11	-2.5862102e-11	-2.5971395e-11	-2.6833568e-11	-3.499414e-11	-3.6399724e-11	-3.6752795e-11	-3.6740742e-11	-3.8054209e-11	-3.8921803e-11	-3.9201663e-11	-4.0244457e-11	-4.0876261e-11	-4.1197695e-11	-4.2542268e-11	-4.3349681e-11	-4.4391161e-11	-4.5763639e-11	-4.7359186e-11	-4.9475844e-11	-5.27722e-11	-5.5335781e-11	-5.6416049e-11	-5.6756204e-11	-5.7426872e-11	-6.0755616e-11	-6.358275e-11	-6.6068637e-11	-6.8765389e-11	-7.0059833e-11	-7.8158383e-11	-8.8033504e-11	-9.4167389e-11	-9.5226528e-11
	96.6666666666667	-4.6607659e-11	-2.6749058e-11	-2.5827718e-11	-2.6151791e-11	-2.6310043e-11	-2.6800841e-11	-2.6163165e-11	-2.5841164e-11	-2.6558115e-11	-2.664579e-11	-2.6495636e-11	-2.5712965e-11	-2.6039487e-11	-2.5850655e-11	-2.6420539e-11	-2.6637016e-11	-3.0817498e-11	-2.6603723e-11	-2.6296146e-11	-2.6112171e-11	-2.6080988e-11	-3.2550167e-11	-3.5866934e-11	-3.6560387e-11	-3.7381168e-11	-3.654212e-11	-3.8991591e-11	-3.9157639e-11	-4.0005613e-11	-4.1387619e-11	-4.2217254e-11	-4.3237906e-11	-4.3934068e-11	-4.4140074e-11	-4.5500576e-11	-4.7602661e-11	-4.9978507e-11	-5.2128423e-11	-5.4733433e-11	-5.6404562e-11	-5.7299915e-11	-5.8492829e-11	-6.2583376e-11	-6.4972965e-11	-6.6515446e-11	-6.7355739e-11	-6.9897553e-11	-7.766178e-11	-8.765294e-11	-9.3673388e-11	-9.4580531e-11
	95	-4.6288858e-11	-2.6712903e-11	-2.5799021e-11	-2.6256225e-11	-2.6502151e-11	-2.594895e-11	-2.5914489e-11	-2.6747627e-11	-2.6501436e-11	-2.6325333e-11	-2.6240106e-11	-2.5986836e-11	-2.6299725e-11	-2.6517405e-11	-2.6580071e-11	-2.6485919e-11	-2.6278483e-11	-2.6335803e-11	-2.6411351e-11	-2.6755986e-11	-2.6383595e-11	-3.4323964e-11	-3.5532202e-11	-3.6348279e-11	-3.7245852e-11	-3.7959341e-11	-3.785193e-11	-3.8469648e-11	-3.9397274e-11	-4.0208569e-11	-4.2036558e-11	-4.2324626e-11	-4.2727374e-11	-4.3517235e-11	-4.5601207e-11	-4.7492881e-11	-4.961534e-11	-5.1194618e-11	-5.3697116e-11	-5.6184283e-11	-5.7640899e-11	-6.0204897e-11	-6.3781751e-11	-6.6041332e-11	-6.6880342e-11	-6.7241025e-11	-7.0212926e-11	-7.9019083e-11	-8.7847347e-11	-9.309168e-11	-9.4649823e-11
	93.3333333333333	-4.488919e-11	-2.6504599e-11	-2.6077486e-11	-2.5632597e-11	-2.5704605e-11	-2.616953e-11	-2.6338326e-11	-2.6123244e-11	-2.6353466e-11	-2.5563074e-11	-2.5764937e-11	-2.5944958e-11	-2.5826664e-11	-2.6674187e-11	-2.6466298e-11	-2.5720008e-11	-2.5587366e-11	-2.5741211e-11	-2.5977045e-11	-2.5768252e-11	-2.5595727e-11	-2.9202481e-11	-3.5510019e-11	-3.6610662e-11	-3.7658054e-11	-3.812746e-11	-3.8326009e-11	-3.8598937e-11	-3.9535715e-11	-4.1034284e-11	-4.1971968e-11	-4.234112e-11	-4.2947087e-11	-4.4049275e-11	-4.5451958e-11	-4.7557996e-11	-4.9146878e-11	-5.1273142e-11	-5.3098567e-11	-5.5746852e-11	-5.7955179e-11	-6.0348386e-11	-6.3954612e-11	-6.7059573e-11	-6.858164e-11	-6.9361676e-11	-7.0472184e-11	-7.8071494e-11	-8.7088212e-11	-9.3382496e-11	-9.4829353e-11
	91.6666666666667	-4.6541038e-11	-2.718069e-11	-2.6552129e-11	-2.6356329e-11	-2.684385e-11	-2.6772858e-11	-2.6753049e-11	-2.643293e-11	-2.6785437e-11	-2.6543353e-11	-2.6656373e-11	-2.6649218e-11	-2.6581277e-11	-2.6258674e-11	-2.6286693e-11	-2.6453041e-11	-2.6521885e-11	-2.6316784e-11	-2.9348794e-11	-2.7523895e-11	-2.6358551e-11	-2.6540979e-11	-3.5596942e-11	-3.6868415e-11	-3.7392808e-11	-3.7655379e-11	-3.897321e-11	-3.9514891e-11	-3.9643729e-11	-4.0709495e-11	-4.1733009e-11	-4.3184199e-11	-4.4008748e-11	-4.4808632e-11	-4.6130721e-11	-4.722029e-11	-4.9075622e-11	-5.1337615e-11	-5.3301561e-11	-5.4654194e-11	-5.6297154e-11	-5.8991083e-11	-6.4190785e-11	-6.8290672e-11	-6.9187947e-11	-6.9526031e-11	-7.1122289e-11	-7.756247e-11	-8.7061289e-11	-9.2366212e-11	-9.4499332e-11
	90	-4.3687616e-11	-2.7199295e-11	-2.5469299e-11	-2.5921834e-11	-2.6084529e-11	-2.6423591e-11	-2.621864e-11	-2.6020016e-11	-2.5759363e-11	-2.5944316e-11	-2.6061594e-11	-2.6288839e-11	-2.5540027e-11	-2.5585294e-11	-2.581853e-11	-2.6012822e-11	-2.5700463e-11	-2.5884059e-11	-2.5652407e-11	-2.5852161e-11	-2.5583563e-11	-3.0219102e-11	-3.5455413e-11	-3.6058212e-11	-3.701096e-11	-3.7700006e-11	-3.875459e-11	-3.9159485e-11	-3.9823936e-11	-3.9996575e-11	-4.1392816e-11	-4.240714e-11	-4.3495731e-11	-4.4752781e-11	-4.5270392e-11	-4.6748362e-11	-4.8585351e-11	-5.0547001e-11	-5.229172e-11	-5.3539992e-11	-5.4991185e-11	-5.7554166e-11	-6.3034251e-11	-6.7701879e-11	-6.9665183e-11	-6.9424272e-11	-7.0753098e-11	-7.8161921e-11	-8.7657194e-11	-9.3166024e-11	-9.4333624e-11
	88.3333333333333	-4.5772375e-11	-2.6743295e-11	-2.6334974e-11	-2.6293811e-11	-2.6314072e-11	-2.578422e-11	-2.5780943e-11	-2.6073758e-11	-2.6164144e-11	-2.6180037e-11	-2.5865003e-11	-2.5251544e-11	-2.5189554e-11	-2.5626496e-11	-2.6105092e-11	-2.601753e-11	-2.5972637e-11	-2.547732e-11	-2.9698476e-11	-3.2570429e-11	-3.3288625e-11	-3.3585242e-11	-3.521845e-11	-3.4908423e-11	-3.5766303e-11	-3.7374916e-11	-3.7955011e-11	-3.9085516e-11	-3.9047706e-11	-3.9970287e-11	-4.104159e-11	-4.2139937e-11	-4.3500929e-11	-4.5053728e-11	-4.664984e-11	-4.7748975e-11	-4.9027605e-11	-4.9911922e-11	-5.1303042e-11	-5.3069982e-11	-5.4075154e-11	-5.6418988e-11	-6.2080792e-11	-6.8411492e-11	-7.0767898e-11	-7.1212862e-11	-7.2069913e-11	-7.8904855e-11	-8.9534859e-11	-9.3886246e-11	-9.4714715e-11
	86.6666666666667	-4.7607859e-11	-2.6303527e-11	-2.6641007e-11	-2.612573e-11	-2.6392031e-11	-2.6548399e-11	-2.5786857e-11	-2.5506545e-11	-2.5969022e-11	-2.6278672e-11	-2.5840975e-11	-2.6219808e-11	-2.5872384e-11	-2.5868618e-11	-2.5704001e-11	-2.6035531e-11	-2.6153562e-11	-2.6341679e-11	-2.5884963e-11	-2.745938e-11	-3.2775418e-11	-3.4288111e-11	-3.5299909e-11	-3.5259989e-11	-3.6144081e-11	-3.7451445e-11	-3.8364912e-11	-3.9396146e-11	-3.9503817e-11	-4.0310554e-11	-4.0828316e-11	-4.2556278e-11	-4.3974893e-11	-4.4838119e-11	-4.6266602e-11	-4.837121e-11	-4.901431e-11	-5.0725587e-11	-5.1570737e-11	-5.2182765e-11	-5.2781765e-11	-5.5610218e-11	-6.132659e-11	-6.7062023e-11	-6.9822308e-11	-7.0693972e-11	-7.1965066e-11	-7.9512556e-11	-8.8961206e-11	-9.4014858e-11	-9.4771128e-11
	85	-4.6291759e-11	-2.6465432e-11	-2.6085998e-11	-2.6898608e-11	-2.6471571e-11	-2.5829866e-11	-2.5829413e-11	-2.6364086e-11	-2.6371167e-11	-2.6604741e-11	-2.6248843e-11	-2.608758e-11	-2.5937349e-11	-2.603041e-11	-2.6124601e-11	-2.6274039e-11	-2.800957e-11	-2.6517065e-11	-2.8981413e-11	-3.2793684e-11	-3.3488341e-11	-3.4287656e-11	-3.4399397e-11	-3.5228653e-11	-3.6683989e-11	-3.6989457e-11	-3.7539683e-11	-3.8912502e-11	-3.8971368e-11	-4.0084023e-11	-4.1375757e-11	-4.2030379e-11	-4.3526464e-11	-4.4908847e-11	-4.6563784e-11	-4.8611073e-11	-4.9897534e-11	-5.0921913e-11	-5.1805667e-11	-5.2246939e-11	-5.3172872e-11	-5.4993784e-11	-5.9860034e-11	-6.5353493e-11	-6.9623009e-11	-7.1112199e-11	-7.3225842e-11	-8.0581035e-11	-9.0360802e-11	-9.4876697e-11	-9.5279139e-11
	83.3333333333333	-4.3260538e-11	-2.7311034e-11	-2.6459255e-11	-2.6930696e-11	-2.634405e-11	-2.588357e-11	-2.6089237e-11	-2.6215814e-11	-2.6394404e-11	-2.6164407e-11	-2.5910836e-11	-2.5805235e-11	-2.6205194e-11	-2.607372e-11	-2.6218677e-11	-2.5936822e-11	-2.5860898e-11	-2.8437626e-11	-2.683982e-11	-2.6675053e-11	-2.6299912e-11	-3.0193719e-11	-3.4101576e-11	-3.5043399e-11	-3.6005827e-11	-3.6882501e-11	-3.6850752e-11	-3.7911625e-11	-3.8829308e-11	-3.9563474e-11	-4.1323483e-11	-4.1728905e-11	-4.2753322e-11	-4.3805341e-11	-4.6245889e-11	-4.8487055e-11	-5.0607858e-11	-5.1853761e-11	-5.2231386e-11	-5.2062403e-11	-5.2616585e-11	-5.4192508e-11	-5.8293599e-11	-6.4333705e-11	-6.919721e-11	-7.1005091e-11	-7.3328697e-11	-8.1124336e-11	-9.0632453e-11	-9.4933977e-11	-9.5642494e-11
	81.6666666666667	-4.5777424e-11	-2.6909794e-11	-2.630123e-11	-2.5555618e-11	-2.5672065e-11	-2.6090742e-11	-2.5950304e-11	-2.5690483e-11	-2.6318893e-11	-2.5807646e-11	-2.6450519e-11	-2.656079e-11	-2.6435455e-11	-2.633343e-11	-2.5636099e-11	-2.5783918e-11	-2.653695e-11	-2.6335916e-11	-2.6353805e-11	-2.5998323e-11	-3.2389168e-11	-3.28443e-11	-3.3924679e-11	-3.5355611e-11	-3.5535214e-11	-3.6151426e-11	-3.7182358e-11	-3.755422e-11	-3.8381142e-11	-3.9537561e-11	-3.9920952e-11	-4.0327464e-11	-4.2234879e-11	-4.4326081e-11	-4.6028584e-11	-4.8557481e-11	-5.0359033e-11	-5.2240313e-11	-5.318971e-11	-5.3648645e-11	-5.3081886e-11	-5.3949706e-11	-5.7643421e-11	-6.3103925e-11	-6.767311e-11	-7.0252623e-11	-7.2826412e-11	-8.0383318e-11	-9.011808e-11	-9.5302224e-11	-9.6636858e-11
	80	-4.7312636e-11	-2.6837033e-11	-2.580015e-11	-2.6024497e-11	-2.5823199e-11	-2.6080988e-11	-2.622297e-11	-2.6175782e-11	-2.5531967e-11	-2.5726336e-11	-2.5931174e-11	-2.6366421e-11	-2.6097862e-11	-2.5842557e-11	-2.5509973e-11	-2.5778608e-11	-2.5775144e-11	-2.59346e-11	-2.6704429e-11	-2.5504512e-11	-2.5528916e-11	-2.9599129e-11	-3.3649944e-11	-3.4298654e-11	-3.5470515e-11	-3.5547645e-11	-3.6585693e-11	-3.765116e-11	-3.9108716e-11	-3.9066875e-11	-3.9478584e-11	-3.9886452e-11	-4.1272152e-11	-4.3088956e-11	-4.5030681e-11	-4.771045e-11	-5.0338018e-11	-5.2897985e-11	-5.4289372e-11	-5.4700217e-11	-5.3976334e-11	-5.449647e-11	-5.7208249e-11	-6.256861e-11	-6.7012042e-11	-6.9776136e-11	-7.263453e-11	-8.0727383e-11	-9.0969558e-11	-9.593154e-11	-9.6220212e-11
	78.3333333333333	-4.6864432e-11	-2.6379942e-11	-2.5464403e-11	-2.5988984e-11	-2.6190619e-11	-2.607824e-11	-2.5558517e-11	-2.5424331e-11	-2.578663e-11	-2.6207567e-11	-2.5763846e-11	-2.6000958e-11	-2.6019376e-11	-2.5576031e-11	-2.5941228e-11	-2.6284246e-11	-2.6270838e-11	-2.5851219e-11	-2.5505454e-11	-2.8746068e-11	-3.1988152e-11	-3.2594382e-11	-3.3174099e-11	-3.400746e-11	-3.456356e-11	-3.553401e-11	-3.6273297e-11	-3.7258658e-11	-3.78041e-11	-3.8343481e-11	-3.9561854e-11	-4.0004444e-11	-4.1451908e-11	-4.2816931e-11	-4.3863038e-11	-4.6441649e-11	-4.9813553e-11	-5.2835018e-11	-5.5406246e-11	-5.565895e-11	-5.5448993e-11	-5.5977337e-11	-5.9027762e-11	-6.2258698e-11	-6.6421105e-11	-6.876761e-11	-7.1755109e-11	-8.0260049e-11	-9.0520598e-11	-9.6017111e-11	-9.6974449e-11
	76.6666666666667	-4.6391637e-11	-2.7019576e-11	-2.5865192e-11	-2.6047508e-11	-2.6265528e-11	-2.6228356e-11	-2.5611695e-11	-2.6433911e-11	-2.648012e-11	-2.6400429e-11	-2.6757907e-11	-2.636661e-11	-2.6014404e-11	-2.5846851e-11	-2.6195365e-11	-2.6084114e-11	-2.6152018e-11	-2.6055266e-11	-2.5697751e-11	-2.5955314e-11	-2.9829011e-11	-3.2613287e-11	-3.2516309e-11	-3.3402399e-11	-3.4304528e-11	-3.5426037e-11	-3.5471567e-11	-3.6450114e-11	-3.7022222e-11	-3.7813933e-11	-3.8853563e-11	-3.9303838e-11	-4.0689233e-11	-4.2143251e-11	-4.3010959e-11	-4.500865e-11	-4.757246e-11	-5.1997021e-11	-5.4986213e-11	-5.5836523e-11	-5.6698996e-11	-5.8105822e-11	-6.0294721e-11	-6.3332756e-11	-6.6797567e-11	-6.8319669e-11	-7.0965768e-11	-7.9913909e-11	-9.0979765e-11	-9.6045089e-11	-9.6477097e-11
	75	-4.3242049e-11	-2.6963799e-11	-2.606792e-11	-2.6037943e-11	-2.6258221e-11	-2.5833932e-11	-2.5258058e-11	-2.6227527e-11	-2.6813532e-11	-2.6283793e-11	-2.5723134e-11	-2.5643331e-11	-2.5913473e-11	-2.5973279e-11	-2.5827455e-11	-2.5773224e-11	-2.5896525e-11	-2.5597083e-11	-2.5728784e-11	-2.5662951e-11	-3.0407937e-11	-3.1878746e-11	-3.2337081e-11	-3.3555981e-11	-3.3921255e-11	-3.4756198e-11	-3.5398167e-11	-3.6059381e-11	-3.6509015e-11	-3.7240544e-11	-3.8292338e-11	-3.9496097e-11	-4.0196818e-11	-4.1336025e-11	-4.2719276e-11	-4.499302e-11	-4.7517098e-11	-5.1104232e-11	-5.4687185e-11	-5.6926922e-11	-5.8303959e-11	-5.9912908e-11	-6.2718469e-11	-6.4567018e-11	-6.661216e-11	-6.8373675e-11	-7.1291202e-11	-7.9674684e-11	-8.9690699e-11	-9.5362898e-11	-9.6528091e-11
	73.3333333333333	-4.6664981e-11	-2.6494995e-11	-2.6052667e-11	-2.5918934e-11	-2.5214785e-11	-2.5639714e-11	-2.6263682e-11	-2.6280554e-11	-2.6198942e-11	-2.5320726e-11	-2.5019814e-11	-2.5690406e-11	-2.5684758e-11	-2.6294e-11	-2.5759476e-11	-2.531843e-11	-2.562126e-11	-2.5953581e-11	-2.5620207e-11	-2.5519463e-11	-2.9467578e-11	-3.1444326e-11	-3.1608001e-11	-3.2245564e-11	-3.3720936e-11	-3.4679634e-11	-3.5352409e-11	-3.5896498e-11	-3.5998145e-11	-3.6687153e-11	-3.7929212e-11	-3.9140916e-11	-3.968444e-11	-4.0602691e-11	-4.1755793e-11	-4.3990409e-11	-4.6506802e-11	-4.9858256e-11	-5.4621842e-11	-5.7300293e-11	-5.8622572e-11	-6.070236e-11	-6.4265468e-11	-6.5175886e-11	-6.7091131e-11	-6.7804054e-11	-7.0505927e-11	-7.9810984e-11	-9.0226278e-11	-9.4926109e-11	-9.610527e-11
	71.6666666666667	-4.2280148e-11	-2.6309213e-11	-2.5499955e-11	-2.5541909e-11	-2.5702157e-11	-2.5467867e-11	-2.5682572e-11	-2.5407986e-11	-2.5601828e-11	-2.585894e-11	-2.58261e-11	-2.5003244e-11	-2.4978162e-11	-2.5389307e-11	-2.5768478e-11	-2.6264699e-11	-2.5777517e-11	-2.5217798e-11	-2.540102e-11	-2.552997e-11	-3.0023567e-11	-3.2494767e-11	-3.2682509e-11	-3.3234544e-11	-3.343505e-11	-3.4455626e-11	-3.5643492e-11	-3.6076968e-11	-3.6067781e-11	-3.7224723e-11	-3.7824213e-11	-3.8630044e-11	-3.9476099e-11	-4.033782e-11	-4.1703446e-11	-4.3966455e-11	-4.5954657e-11	-4.8686357e-11	-5.2582952e-11	-5.6995051e-11	-5.9539804e-11	-6.1934138e-11	-6.5609587e-11	-6.8024864e-11	-6.8609923e-11	-6.8253125e-11	-7.012145e-11	-7.964987e-11	-8.9451252e-11	-9.5513278e-11	-9.606211e-11
	70	-4.1029312e-11	-2.6365706e-11	-2.5802636e-11	-2.5733377e-11	-2.5952339e-11	-2.5454498e-11	-2.5597987e-11	-2.5658997e-11	-2.5790359e-11	-2.6295129e-11	-2.6127952e-11	-2.5525377e-11	-2.5607778e-11	-2.5857998e-11	-2.6208018e-11	-2.6020392e-11	-2.5383281e-11	-2.5123797e-11	-2.5407045e-11	-2.565508e-11	-2.5655608e-11	-3.0194774e-11	-3.2067807e-11	-3.2204326e-11	-3.3444577e-11	-3.4040638e-11	-3.4711796e-11	-3.5443926e-11	-3.6247422e-11	-3.6842692e-11	-3.76866e-11	-3.872529e-11	-3.9000327e-11	-4.0480255e-11	-4.1528624e-11	-4.3090611e-11	-4.4980967e-11	-4.7641342e-11	-5.1450861e-11	-5.6163796e-11	-5.8635936e-11	-6.1782066e-11	-6.6260254e-11	-6.8644423e-11	-6.9229712e-11	-6.9237172e-11	-7.0666403e-11	-7.8597961e-11	-8.9255943e-11	-9.4629374e-11	-9.5664636e-11
	68.3333333333333	-4.6342527e-11	-2.6442083e-11	-2.5975274e-11	-2.6186891e-11	-2.6001713e-11	-2.5385014e-11	-2.5539914e-11	-2.57826e-11	-2.5983674e-11	-2.6147084e-11	-2.5281182e-11	-2.5302951e-11	-2.5632182e-11	-2.5690483e-11	-2.5624312e-11	-2.7013813e-11	-2.5174866e-11	-2.5638058e-11	-2.8960322e-11	-2.9528022e-11	-3.1636058e-11	-3.1986119e-11	-3.183152e-11	-3.3352234e-11	-3.3758406e-11	-3.4672855e-11	-3.5545421e-11	-3.5749053e-11	-3.6711668e-11	-3.720612e-11	-3.7561416e-11	-3.8011538e-11	-3.991903e-11	-4.0290819e-11	-4.1340393e-11	-4.307325e-11	-4.5126378e-11	-4.7343705e-11	-5.0206884e-11	-5.4191453e-11	-5.8187059e-11	-6.2045993e-11	-6.6548926e-11	-6.9030899e-11	-6.9862116e-11	-6.9828525e-11	-7.1562437e-11	-7.8796962e-11	-8.8865852e-11	-9.4409966e-11	-9.5341207e-11
	66.6666666666667	-4.5779231e-11	-2.6268879e-11	-2.6111608e-11	-2.5745956e-11	-2.536415e-11	-2.5854194e-11	-2.546704e-11	-2.5702721e-11	-2.623924e-11	-2.567666e-11	-2.5504474e-11	-2.5655833e-11	-2.6349851e-11	-2.5625554e-11	-2.5814651e-11	-2.5829413e-11	-2.7587278e-11	-2.9394102e-11	-3.0386846e-11	-2.6377343e-11	-3.0120809e-11	-3.1271163e-11	-3.2385778e-11	-3.3393736e-11	-3.3884836e-11	-3.416718e-11	-3.4828997e-11	-3.5325708e-11	-3.6361986e-11	-3.7202845e-11	-3.7968455e-11	-3.8901844e-11	-4.040817e-11	-4.1363704e-11	-4.2461337e-11	-4.371797e-11	-4.5285456e-11	-4.6962465e-11	-4.9539341e-11	-5.373952e-11	-5.7596119e-11	-6.1661849e-11	-6.5904997e-11	-6.8684836e-11	-7.1490536e-11	-7.207146e-11	-7.3377394e-11	-8.0642798e-11	-8.9937682e-11	-9.5108539e-11	-9.6084675e-11
	65	-4.6797809e-11	-2.7545285e-11	-2.6079935e-11	-2.5667321e-11	-2.6109122e-11	-2.5977571e-11	-2.6347704e-11	-2.620301e-11	-2.5751568e-11	-2.6194349e-11	-2.5930119e-11	-2.5883193e-11	-2.595746e-11	-2.6030372e-11	-2.5818304e-11	-2.5746785e-11	-2.556748e-11	-2.6316935e-11	-2.626372e-11	-3.0698038e-11	-3.1493665e-11	-3.1969396e-11	-3.2774252e-11	-3.3334384e-11	-3.4183562e-11	-3.4663026e-11	-3.5098837e-11	-3.6000893e-11	-3.7332436e-11	-3.8265374e-11	-3.7845643e-11	-3.89116e-11	-4.0430354e-11	-4.220882e-11	-4.2856739e-11	-4.3728628e-11	-4.5344433e-11	-4.7418236e-11	-4.9528607e-11	-5.2626903e-11	-5.6347732e-11	-6.0027434e-11	-6.4872337e-11	-6.9497068e-11	-7.2312642e-11	-7.2554164e-11	-7.4295042e-11	-8.1507079e-11	-9.0327433e-11	-9.5140396e-11	-9.604121e-11
	63.3333333333333	-4.6545483e-11	-2.5913398e-11	-2.5449979e-11	-2.5535582e-11	-2.5650372e-11	-2.6224703e-11	-2.605632e-11	-2.5660541e-11	-2.5795933e-11	-2.5936333e-11	-2.5990753e-11	-2.6505013e-11	-2.5875059e-11	-2.5934336e-11	-2.6150851e-11	-2.8516601e-11	-2.7667684e-11	-2.6082947e-11	-2.7626897e-11	-2.8879463e-11	-2.9224779e-11	-3.2098688e-11	-3.3110452e-11	-3.3203662e-11	-3.3730463e-11	-3.4524432e-11	-3.5652942e-11	-3.6643466e-11	-3.7259373e-11	-3.7127107e-11	-3.8272264e-11	-3.9730802e-11	-4.0657675e-11	-4.2578687e-11	-4.3525749e-11	-4.3942051e-11	-4.5475346e-11	-4.743974e-11	-4.9578321e-11	-5.1479335e-11	-5.3923456e-11	-5.7835719e-11	-6.3590994e-11	-6.8760345e-11	-7.2126291e-11	-7.277802e-11	-7.4471748e-11	-8.2166787e-11	-9.1562494e-11	-9.6469416e-11	-9.6655496e-11
	61.6666666666667	-4.6509251e-11	-2.653665e-11	-2.5662236e-11	-2.5675117e-11	-2.556526e-11	-2.5683327e-11	-2.5785199e-11	-2.5630751e-11	-2.5415368e-11	-2.5883004e-11	-2.5724377e-11	-2.5575616e-11	-2.5397292e-11	-2.5983221e-11	-2.5740118e-11	-2.5867187e-11	-2.5788401e-11	-2.5457058e-11	-2.55952e-11	-2.5374468e-11	-2.9231822e-11	-3.1530761e-11	-3.195599e-11	-3.2119137e-11	-3.300387e-11	-3.3552553e-11	-3.4503077e-11	-3.5729999e-11	-3.6425786e-11	-3.6646176e-11	-3.7352885e-11	-3.8336175e-11	-3.9443823e-11	-4.141161e-11	-4.2243015e-11	-4.3337407e-11	-4.5051091e-11	-4.7289814e-11	-4.8473912e-11	-5.0280207e-11	-5.3159088e-11	-5.6342913e-11	-6.1827557e-11	-6.7738787e-11	-7.1557461e-11	-7.2365364e-11	-7.4798077e-11	-8.2301575e-11	-9.2258243e-11	-9.6806216e-11	-9.6755153e-11
	60	-4.6261932e-11	-2.5905188e-11	-2.5474836e-11	-2.5884435e-11	-2.5835552e-11	-2.5261109e-11	-2.5659939e-11	-2.5586123e-11	-2.6050823e-11	-2.6239655e-11	-2.5427006e-11	-2.5755485e-11	-2.5461692e-11	-2.5432805e-11	-2.6036926e-11	-2.7245994e-11	-2.6874053e-11	-2.5035293e-11	-2.5615461e-11	-2.5740533e-11	-2.8799999e-11	-2.9885729e-11	-3.1084704e-11	-3.1767609e-11	-3.3249833e-11	-3.3695251e-11	-3.4778153e-11	-3.5155403e-11	-3.5929412e-11	-3.648495e-11	-3.7770283e-11	-3.9124572e-11	-3.9576238e-11	-4.0685545e-11	-4.2563623e-11	-4.4158979e-11	-4.5793615e-11	-4.7272415e-11	-4.8098282e-11	-5.0198824e-11	-5.2390918e-11	-5.5282945e-11	-5.9650826e-11	-6.4864919e-11	-6.9609221e-11	-7.2251594e-11	-7.4758234e-11	-8.3529329e-11	-9.3385022e-11	-9.6840452e-11	-9.653766e-11
	58.3333333333333	-4.6520284e-11	-2.7106685e-11	-2.5678506e-11	-2.5576407e-11	-2.4906117e-11	-2.5075365e-11	-2.513423e-11	-2.5308412e-11	-2.5363395e-11	-2.5372699e-11	-2.4923591e-11	-2.5499202e-11	-2.5647586e-11	-2.5388931e-11	-2.5723021e-11	-2.5612524e-11	-2.5315191e-11	-2.5307922e-11	-2.5545675e-11	-2.5683363e-11	-2.9169379e-11	-2.9734857e-11	-3.1393638e-11	-3.203587e-11	-3.2637767e-11	-3.3505816e-11	-3.4179722e-11	-3.4816532e-11	-3.599513e-11	-3.6874288e-11	-3.7449412e-11	-3.8645222e-11	-3.9657284e-11	-4.1196303e-11	-4.2661315e-11	-4.3643363e-11	-4.5606817e-11	-4.8126489e-11	-4.9303093e-11	-5.0483916e-11	-5.2282494e-11	-5.3965561e-11	-5.9026783e-11	-6.5095401e-11	-6.9147459e-11	-7.1790587e-11	-7.5112173e-11	-8.3609467e-11	-9.3996783e-11	-9.7949794e-11	-9.7958495e-11
	56.6666666666667	-4.3693566e-11	-2.6576909e-11	-2.5853103e-11	-2.6026832e-11	-2.5645779e-11	-2.6006345e-11	-2.6111419e-11	-2.6580035e-11	-2.636371e-11	-2.6028639e-11	-2.5591546e-11	-2.5721326e-11	-2.6238412e-11	-2.6457222e-11	-2.6244324e-11	-2.5701366e-11	-2.5674175e-11	-2.5976818e-11	-2.6030861e-11	-2.5995159e-11	-2.7342972e-11	-2.8713755e-11	-3.1330705e-11	-3.2129719e-11	-3.3807141e-11	-3.4151928e-11	-3.4404934e-11	-3.5127724e-11	-3.5979088e-11	-3.654901e-11	-3.7586382e-11	-3.8672527e-11	-3.9609004e-11	-4.09065e-11	-4.2772601e-11	-4.4152688e-11	-4.6200769e-11	-4.8662668e-11	-5.0106103e-11	-5.1409887e-11	-5.2965927e-11	-5.5164727e-11	-5.8602234e-11	-6.4352197e-11	-6.9127912e-11	-7.135699e-11	-7.5274266e-11	-8.4099699e-11	-9.4485288e-11	-9.8912711e-11	-9.8819196e-11
	55	-4.7182216e-11	-2.6418657e-11	-2.5779852e-11	-2.5442485e-11	-2.57063e-11	-2.5503119e-11	-2.5845005e-11	-2.5684682e-11	-2.5886997e-11	-2.551645e-11	-2.5531665e-11	-2.571481e-11	-2.6125655e-11	-2.5962921e-11	-2.5767461e-11	-2.5550007e-11	-2.5976065e-11	-2.6285677e-11	-2.5916222e-11	-2.8902965e-11	-2.6116729e-11	-3.0028615e-11	-3.1531514e-11	-3.250776e-11	-3.2589636e-11	-3.3210969e-11	-3.410568e-11	-3.4743583e-11	-3.5517891e-11	-3.7007158e-11	-3.6992697e-11	-3.8028299e-11	-3.9421039e-11	-4.0853401e-11	-4.2745901e-11	-4.4462e-11	-4.5517902e-11	-4.9041576e-11	-5.0873104e-11	-5.1894922e-11	-5.3992755e-11	-5.5571013e-11	-5.7925276e-11	-6.2346905e-11	-6.8513931e-11	-7.114221e-11	-7.4381848e-11	-8.3851745e-11	-9.3828514e-11	-9.9410515e-11	-9.9700692e-11
	53.3333333333333	-4.5533567e-11	-2.7472524e-11	-2.5846511e-11	-2.5932229e-11	-2.5910309e-11	-2.6043967e-11	-2.6312905e-11	-2.6072816e-11	-2.5538972e-11	-2.5735336e-11	-2.5740533e-11	-2.6025892e-11	-2.6441479e-11	-2.5986347e-11	-2.5703212e-11	-2.5797515e-11	-2.56538e-11	-2.5860446e-11	-2.5668601e-11	-2.5325245e-11	-2.8238172e-11	-3.0821189e-11	-3.1313757e-11	-3.2319532e-11	-3.223212e-11	-3.3151953e-11	-3.3552026e-11	-3.4590528e-11	-3.5333615e-11	-3.5971857e-11	-3.7031638e-11	-3.7761207e-11	-3.878502e-11	-4.0430766e-11	-4.1926962e-11	-4.4534723e-11	-4.5828792e-11	-4.8481292e-11	-5.125465e-11	-5.3459098e-11	-5.5086807e-11	-5.653069e-11	-5.8853922e-11	-6.3165348e-11	-6.6955927e-11	-7.0346659e-11	-7.3140508e-11	-8.2010607e-11	-9.3598629e-11	-9.8751368e-11	-9.967252e-11
	51.6666666666667	-4.7812056e-11	-2.6683752e-11	-2.5598213e-11	-2.5266345e-11	-2.5290447e-11	-2.5422373e-11	-2.5154302e-11	-2.4923064e-11	-2.5431714e-11	-2.5677188e-11	-2.5812352e-11	-2.5684267e-11	-2.5421469e-11	-2.5871857e-11	-2.5634217e-11	-2.6201241e-11	-2.5921118e-11	-2.5819584e-11	-2.5389796e-11	-2.6302511e-11	-2.8780605e-11	-2.883589e-11	-3.1270823e-11	-3.1130799e-11	-3.1951244e-11	-3.2706046e-11	-3.3838474e-11	-3.4345353e-11	-3.5205908e-11	-3.5395947e-11	-3.5962254e-11	-3.7608153e-11	-3.7885486e-11	-3.9434483e-11	-4.0678502e-11	-4.268455e-11	-4.5084235e-11	-4.8806986e-11	-5.1557369e-11	-5.3690184e-11	-5.536497e-11	-5.7812068e-11	-6.213826e-11	-6.5267514e-11	-6.7901594e-11	-6.9364313e-11	-7.2464902e-11	-8.1450895e-11	-9.3003098e-11	-9.8888793e-11	-1.0036164e-10
	50	-4.7017262e-11	-2.5711986e-11	-2.5725694e-11	-2.5542398e-11	-2.5382377e-11	-2.5471672e-11	-2.5411038e-11	-2.5352324e-11	-2.5379138e-11	-2.5672969e-11	-2.58615e-11	-2.523275e-11	-2.5209664e-11	-2.5256363e-11	-2.5445911e-11	-2.5842368e-11	-2.5247023e-11	-2.4991419e-11	-2.5551889e-11	-2.5546579e-11	-2.5575391e-11	-2.8204165e-11	-3.0086648e-11	-3.0297174e-11	-3.112692e-11	-3.1702869e-11	-3.271422e-11	-3.3722893e-11	-3.3905812e-11	-3.4565031e-11	-3.5744498e-11	-3.6922118e-11	-3.7347198e-11	-3.8675202e-11	-3.993221e-11	-4.2209233e-11	-4.4615166e-11	-4.8188366e-11	-5.0740689e-11	-5.2402065e-11	-5.5265507e-11	-5.8745384e-11	-6.2272146e-11	-6.6367363e-11	-6.7277892e-11	-6.8541305e-11	-7.1595126e-11	-8.0742787e-11	-9.2934667e-11	-9.8433137e-11	-9.9299229e-11
	48.3333333333333	-4.2031434e-11	-2.5996929e-11	-2.5499842e-11	-2.5728746e-11	-2.5217911e-11	-2.4959444e-11	-2.5309692e-11	-2.5687357e-11	-2.6180075e-11	-2.5773939e-11	-2.5109222e-11	-2.5460412e-11	-2.5285966e-11	-2.5332099e-11	-2.5319746e-11	-2.5019212e-11	-2.5336807e-11	-2.5347164e-11	-2.5477885e-11	-2.5152607e-11	-2.5879465e-11	-2.789719e-11	-2.9525049e-11	-3.026215e-11	-3.0945621e-11	-3.1481123e-11	-3.2061253e-11	-3.2892581e-11	-3.396524e-11	-3.4813406e-11	-3.5644245e-11	-3.6228666e-11	-3.6392306e-11	-3.7947024e-11	-3.9508639e-11	-4.1338134e-11	-4.3859538e-11	-4.6818788e-11	-5.0198408e-11	-5.3333612e-11	-5.6469416e-11	-6.0372415e-11	-6.4703617e-11	-6.6855715e-11	-6.8125269e-11	-6.8706901e-11	-7.1128992e-11	-8.0774838e-11	-9.1849618e-11	-9.7269526e-11	-9.8513503e-11
	46.6666666666667	-4.8007029e-11	-2.6950317e-11	-2.5816082e-11	-2.5300992e-11	-2.614505e-11	-2.5699295e-11	-2.5688901e-11	-2.5628003e-11	-2.532905e-11	-2.5554338e-11	-2.5674853e-11	-2.5633124e-11	-2.5670145e-11	-2.530472e-11	-2.5516601e-11	-2.5626383e-11	-2.5389872e-11	-2.5819884e-11	-2.6009734e-11	-2.5303402e-11	-2.5424822e-11	-2.957239e-11	-3.0206865e-11	-3.055519e-11	-3.0431963e-11	-3.0979781e-11	-3.1593429e-11	-3.2773648e-11	-3.362844e-11	-3.4577497e-11	-3.5103694e-11	-3.5513145e-11	-3.7175315e-11	-3.8164104e-11	-3.9075538e-11	-4.0638656e-11	-4.3448505e-11	-4.6207246e-11	-5.0806633e-11	-5.4254837e-11	-5.7914996e-11	-6.2134721e-11	-6.7629645e-11	-6.9832966e-11	-7.0318112e-11	-6.9960752e-11	-7.1512497e-11	-8.0520854e-11	-9.0847573e-11	-9.6884896e-11	-9.9148731e-11
	45	-4.9158063e-11	-2.732832e-11	-2.5580022e-11	-2.5450017e-11	-2.6040692e-11	-2.6226172e-11	-2.5884624e-11	-2.5509445e-11	-2.5718238e-11	-2.5344867e-11	-2.563817e-11	-2.6152507e-11	-2.5798455e-11	-2.5779325e-11	-2.5806666e-11	-2.6067506e-11	-2.5718991e-11	-2.6052518e-11	-2.595426e-11	-2.5842143e-11	-2.5769269e-11	-2.8757819e-11	-2.9507233e-11	-2.9808898e-11	-2.965287e-11	-3.061763e-11	-3.1884773e-11	-3.2680775e-11	-3.3247762e-11	-3.3321276e-11	-3.4352094e-11	-3.5620066e-11	-3.6691896e-11	-3.7832123e-11	-3.9207426e-11	-4.0161641e-11	-4.2444163e-11	-4.5358217e-11	-5.0187941e-11	-5.4406684e-11	-5.8308365e-11	-6.3110177e-11	-6.8705507e-11	-7.1794348e-11	-7.2158911e-11	-7.137492e-11	-7.1814991e-11	-8.0538513e-11	-9.1703346e-11	-9.7306017e-11	-9.8665201e-11
	43.3333333333333	-4.1036809e-11	-2.6103661e-11	-2.5228456e-11	-2.5296322e-11	-2.5750815e-11	-2.5884473e-11	-2.5802825e-11	-2.5581341e-11	-2.5460863e-11	-2.5881122e-11	-2.6034213e-11	-2.5636739e-11	-2.5461728e-11	-2.5436195e-11	-2.6154051e-11	-2.5474045e-11	-2.5726109e-11	-2.5648905e-11	-2.5807006e-11	-2.6786079e-11	-2.7976014e-11	-2.8880179e-11	-2.8853479e-11	-2.9261836e-11	-2.9542223e-11	-3.0596879e-11	-3.131052e-11	-3.1482743e-11	-3.2014742e-11	-3.4092913e-11	-3.4599906e-11	-3.4892381e-11	-3.6348428e-11	-3.64999e-11	-3.7752468e-11	-3.9822805e-11	-4.1998179e-11	-4.4561198e-11	-4.8646625e-11	-5.3159317e-11	-5.7723978e-11	-6.3675246e-11	-7.0191797e-11	-7.329258e-11	-7.3392604e-11	-7.2097335e-11	-7.2384612e-11	-8.0705845e-11	-9.1372188e-11	-9.7014598e-11	-9.7823478e-11
	41.6666666666667	-4.6714015e-11	-2.5806364e-11	-2.5442485e-11	-2.5602694e-11	-2.55659e-11	-2.5599078e-11	-2.541356e-11	-2.554398e-11	-2.5556146e-11	-2.5811676e-11	-2.5752171e-11	-2.5418494e-11	-2.5181343e-11	-2.5572565e-11	-2.6044344e-11	-2.6771654e-11	-2.6393349e-11	-2.5338351e-11	-2.5631995e-11	-2.7542085e-11	-2.8120067e-11	-2.8600171e-11	-2.9264886e-11	-2.8959946e-11	-2.9360771e-11	-3.0286402e-11	-3.1137842e-11	-3.1564317e-11	-3.1966083e-11	-3.2812326e-11	-3.3379501e-11	-3.5226207e-11	-3.604541e-11	-3.69118e-11	-3.7491101e-11	-3.8754441e-11	-4.0332546e-11	-4.3608114e-11	-4.7176492e-11	-5.2730018e-11	-5.8464768e-11	-6.4155008e-11	-7.1423124e-11	-7.472125e-11	-7.5429878e-11	-7.3602117e-11	-7.3609084e-11	-8.1382345e-11	-9.1848452e-11	-9.6605106e-11	-9.7832256e-11
	40	-4.3925256e-11	-2.6362957e-11	-2.5772131e-11	-2.5678883e-11	-2.5870953e-11	-2.5239076e-11	-2.5449037e-11	-2.5890838e-11	-2.6261949e-11	-2.5930834e-11	-2.5838302e-11	-2.5644837e-11	-2.5487e-11	-2.5504926e-11	-2.6219544e-11	-2.667204e-11	-2.6470517e-11	-2.5265628e-11	-2.5622993e-11	-2.5714736e-11	-2.7641058e-11	-2.8379212e-11	-2.8645589e-11	-2.8613653e-11	-2.9725781e-11	-3.0377843e-11	-3.0517151e-11	-3.1154114e-11	-3.1979416e-11	-3.2395003e-11	-3.3916321e-11	-3.4711116e-11	-3.5343069e-11	-3.6112183e-11	-3.6798592e-11	-3.8477218e-11	-4.0618019e-11	-4.2830073e-11	-4.6016305e-11	-5.0430927e-11	-5.7179587e-11	-6.4273413e-11	-7.0696005e-11	-7.6202905e-11	-7.6499147e-11	-7.4837282e-11	-7.5268201e-11	-8.2257888e-11	-9.2158323e-11	-9.7077832e-11	-9.797179e-11
	38.3333333333333	-4.6603141e-11	-2.6811537e-11	-2.5976103e-11	-2.5833594e-11	-2.5271918e-11	-2.5594936e-11	-2.5689654e-11	-2.5947368e-11	-2.5994294e-11	-2.5871518e-11	-2.57063e-11	-2.5373677e-11	-2.5217911e-11	-2.5733377e-11	-2.617081e-11	-2.5326338e-11	-2.5637945e-11	-2.5754393e-11	-2.567538e-11	-2.5556409e-11	-2.7593303e-11	-2.8489334e-11	-2.8773523e-11	-2.8761887e-11	-2.9874731e-11	-3.0150785e-11	-3.0290319e-11	-3.0844351e-11	-3.1886244e-11	-3.324524e-11	-3.3663239e-11	-3.3918278e-11	-3.502585e-11	-3.6176621e-11	-3.7057472e-11	-3.8653095e-11	-3.990969e-11	-4.2030605e-11	-4.5361607e-11	-5.0401249e-11	-5.7270615e-11	-6.4667875e-11	-7.2202071e-11	-7.7134112e-11	-7.8170165e-11	-7.7498973e-11	-7.7124022e-11	-8.348059e-11	-9.266965e-11	-9.725977e-11	-9.8377473e-11
	36.6666666666667	-4.7276707e-11	-2.6654302e-11	-2.5348067e-11	-2.5233014e-11	-2.5933885e-11	-2.5629509e-11	-2.5492499e-11	-2.5467416e-11	-2.5526657e-11	-2.569195e-11	-2.5553133e-11	-2.5580814e-11	-2.5731231e-11	-2.5514455e-11	-2.5216067e-11	-2.5514455e-11	-2.5372962e-11	-2.5548877e-11	-2.5211359e-11	-2.5177953e-11	-2.6646168e-11	-2.7804996e-11	-2.8255873e-11	-2.8148314e-11	-2.8808926e-11	-2.8614744e-11	-2.9453908e-11	-3.1033787e-11	-3.1888766e-11	-3.2522714e-11	-3.2688043e-11	-3.3705153e-11	-3.4799622e-11	-3.6078175e-11	-3.7102928e-11	-3.8143013e-11	-3.9402662e-11	-4.1238481e-11	-4.4970611e-11	-4.9676728e-11	-5.5869854e-11	-6.4660458e-11	-7.2617731e-11	-7.7804443e-11	-7.9998834e-11	-7.9463068e-11	-7.9278417e-11	-8.469038e-11	-9.4573301e-11	-9.8636509e-11	-9.888676e-11
	35	-4.5025105e-11	-3.1620696e-11	-3.0712651e-11	-3.2336328e-11	-3.5534613e-11	-3.5748453e-11	-3.5907683e-11	-3.5311698e-11	-3.5475747e-11	-3.5491377e-11	-3.5339454e-11	-3.5048936e-11	-3.5023026e-11	-3.5244811e-11	-3.5193969e-11	-3.5528813e-11	-3.5496651e-11	-3.5321114e-11	-3.6386581e-11	-3.5320698e-11	-3.711792e-11	-3.7230111e-11	-3.7656659e-11	-3.7302193e-11	-3.8266314e-11	-3.8963079e-11	-3.9164831e-11	-4.0189924e-11	-4.0077094e-11	-4.0674134e-11	-4.2267342e-11	-4.2869541e-11	-4.3339513e-11	-4.4148546e-11	-4.5101974e-11	-4.5677281e-11	-4.6888649e-11	-4.9303471e-11	-5.2018528e-11	-5.6035336e-11	-6.096143e-11	-6.8918142e-11	-7.7644384e-11	-8.3766216e-11	-8.5897109e-11	-8.4160338e-11	-8.3458976e-11	-9.0838045e-11	-9.9561234e-11	-1.0292048e-10	-1.0155139e-10
	33.3333333333333	-5.020067e-11	-3.5979955e-11	-3.5486631e-11	-3.5605491e-11	-3.5735005e-11	-3.5579466e-11	-3.4904957e-11	-3.5080685e-11	-3.5215962e-11	-3.5472698e-11	-3.4986909e-11	-3.479898e-11	-3.4816153e-11	-3.4308334e-11	-3.4745162e-11	-3.519815e-11	-3.5397563e-11	-3.5256447e-11	-3.5159056e-11	-3.5332334e-11	-3.7264494e-11	-3.7535957e-11	-3.7514904e-11	-3.776162e-11	-3.8117516e-11	-3.8422682e-11	-3.9136323e-11	-3.9715019e-11	-3.9909652e-11	-4.0613422e-11	-4.1765171e-11	-4.2683836e-11	-4.3816603e-11	-4.4151408e-11	-4.4573213e-11	-4.6067036e-11	-4.7207748e-11	-4.928543e-11	-5.0804676e-11	-5.4483928e-11	-5.9763174e-11	-6.82445e-11	-7.7558175e-11	-8.4059482e-11	-8.5750497e-11	-8.5276723e-11	-8.499268e-11	-9.0954418e-11	-9.9599343e-11	-1.0371592e-10	-1.0195798e-10
	31.6666666666667	-5.079609e-11	-3.5624774e-11	-3.5011164e-11	-3.484214e-11	-3.4372921e-11	-3.4747951e-11	-3.4680498e-11	-3.4676394e-11	-3.4842854e-11	-3.4352774e-11	-3.4371228e-11	-3.4775894e-11	-3.4691645e-11	-3.4928272e-11	-3.4678427e-11	-3.450884e-11	-3.4246269e-11	-3.4352132e-11	-3.5710601e-11	-3.5829312e-11	-3.634858e-11	-3.6249344e-11	-3.6594432e-11	-3.6801829e-11	-3.7271162e-11	-3.8028299e-11	-3.8581388e-11	-3.8487723e-11	-3.8312489e-11	-4.0132002e-11	-4.0663663e-11	-4.1449007e-11	-4.1868477e-11	-4.297665e-11	-4.374949e-11	-4.4949672e-11	-4.6526123e-11	-4.7847084e-11	-4.9634321e-11	-5.3279152e-11	-5.822634e-11	-6.6377154e-11	-7.6080545e-11	-8.2634198e-11	-8.6145036e-11	-8.6061464e-11	-8.6277527e-11	-9.2474979e-11	-1.0121643e-10	-1.0443046e-10	-1.0313236e-10
	30	-5.1721193e-11	-3.6716716e-11	-3.5555402e-11	-3.5036696e-11	-3.5045244e-11	-3.4832234e-11	-3.5358095e-11	-3.5447954e-11	-3.5234832e-11	-3.4987173e-11	-3.4861874e-11	-3.5127345e-11	-3.5422797e-11	-3.4673268e-11	-3.4944426e-11	-3.5428372e-11	-3.5557248e-11	-3.6263052e-11	-3.6515645e-11	-3.6636572e-11	-3.6586373e-11	-3.4950452e-11	-3.5130284e-11	-3.5379488e-11	-3.5619088e-11	-3.5257429e-11	-3.6429967e-11	-3.6494856e-11	-3.8085202e-11	-3.8144255e-11	-3.9243768e-11	-3.9743604e-11	-4.0942243e-11	-4.1940635e-11	-4.2627232e-11	-4.3696463e-11	-4.436088e-11	-4.6419393e-11	-4.8333774e-11	-5.1820995e-11	-5.7184635e-11	-6.3847351e-11	-7.2139253e-11	-8.1323108e-11	-8.5282593e-11	-8.6013557e-11	-8.6967884e-11	-9.2579375e-11	-1.0100915e-10	-1.0518292e-10	-1.0474497e-10
	28.3333333333333	-4.9552522e-11	-3.3977595e-11	-3.361119e-11	-3.3397653e-11	-3.4000153e-11	-3.4081578e-11	-3.3938991e-11	-3.3541819e-11	-3.3180347e-11	-3.3394301e-11	-3.3845329e-11	-3.3756411e-11	-3.3688736e-11	-3.3454784e-11	-3.3898093e-11	-3.3854669e-11	-3.3610816e-11	-3.3542686e-11	-3.3546037e-11	-3.4646001e-11	-3.5520076e-11	-3.5839103e-11	-3.5925759e-11	-3.5334707e-11	-3.5679043e-11	-3.642989e-11	-3.6905663e-11	-3.7256663e-11	-3.8023175e-11	-3.7443007e-11	-3.8428823e-11	-4.0008927e-11	-4.0990034e-11	-4.1493826e-11	-4.2663085e-11	-4.3159455e-11	-4.475282e-11	-4.6537951e-11	-4.8708426e-11	-5.2075996e-11	-5.5898362e-11	-6.2319296e-11	-7.2229334e-11	-8.1189486e-11	-8.5451167e-11	-8.6745916e-11	-8.7370597e-11	-9.4035765e-11	-1.0265647e-10	-1.0637317e-10	-1.0566902e-10
	26.6666666666667	-5.223455e-11	-3.3711332e-11	-3.2709623e-11	-3.2891679e-11	-3.3173381e-11	-3.3183775e-11	-3.2910622e-11	-3.2505616e-11	-3.2538378e-11	-3.3124687e-11	-3.3313217e-11	-3.3295703e-11	-3.2802309e-11	-3.2697799e-11	-3.301464e-11	-3.3268815e-11	-3.3220381e-11	-3.2905574e-11	-3.2639197e-11	-3.2913183e-11	-3.4346297e-11	-3.4890497e-11	-3.5240141e-11	-3.4632217e-11	-3.5204215e-11	-3.549842e-11	-3.585876e-11	-3.6976314e-11	-3.7104136e-11	-3.8060912e-11	-3.9082806e-11	-3.9958651e-11	-4.0931206e-11	-4.1388223e-11	-4.1827538e-11	-4.3160097e-11	-4.4460907e-11	-4.6341698e-11	-4.7966055e-11	-5.0869791e-11	-5.4608811e-11	-6.172813e-11	-7.1115024e-11	-7.9615863e-11	-8.4571107e-11	-8.6515545e-11	-8.807953e-11	-9.4571302e-11	-1.0410608e-10	-1.0780089e-10	-1.0658331e-10
	25	-5.1924826e-11	-3.4800676e-11	-3.357677e-11	-3.3612734e-11	-3.344763e-11	-3.2996939e-11	-3.3477533e-11	-3.3863821e-11	-3.3704251e-11	-3.3742967e-11	-3.3651262e-11	-3.3089999e-11	-3.3093955e-11	-3.3259288e-11	-3.3541819e-11	-3.3417876e-11	-3.3115084e-11	-3.3234845e-11	-3.3287456e-11	-3.3272315e-11	-3.4457433e-11	-3.5109946e-11	-3.4663477e-11	-3.4768285e-11	-3.5487311e-11	-3.6199856e-11	-3.6765375e-11	-3.6119337e-11	-3.6698866e-11	-3.7313604e-11	-3.8261269e-11	-3.8756096e-11	-4.0036006e-11	-4.0618998e-11	-4.1409765e-11	-4.2961436e-11	-4.3872569e-11	-4.5256045e-11	-4.7255429e-11	-4.9141115e-11	-5.3547073e-11	-5.9970001e-11	-6.9538611e-11	-7.8430859e-11	-8.3348065e-11	-8.5599437e-11	-8.817138e-11	-9.5372203e-11	-1.0418231e-10	-1.0856824e-10	-1.0623088e-10
	23.3333333333333	-5.3787388e-11	-3.2691246e-11	-3.1562735e-11	-3.1172228e-11	-3.0942308e-11	-3.0931535e-11	-3.1419322e-11	-3.1273383e-11	-3.1450769e-11	-3.1601451e-11	-3.1396913e-11	-3.0995109e-11	-3.1492385e-11	-3.172769e-11	-3.190654e-11	-3.1625175e-11	-3.112402e-11	-3.1133852e-11	-3.0950933e-11	-3.1583108e-11	-3.2767698e-11	-3.2793723e-11	-3.2627939e-11	-3.2491152e-11	-3.3501823e-11	-3.3795466e-11	-3.381324e-11	-3.4222843e-11	-3.4860517e-11	-3.5650909e-11	-3.6542346e-11	-3.7169288e-11	-3.7403879e-11	-3.7879689e-11	-3.9552438e-11	-4.0454081e-11	-4.1842113e-11	-4.3286225e-11	-4.4800458e-11	-4.7924813e-11	-5.1982259e-11	-5.8510155e-11	-6.7269607e-11	-7.6728769e-11	-8.0875466e-11	-8.4786372e-11	-8.7654863e-11	-9.4710538e-11	-1.0446304e-10	-1.0854975e-10	-1.0878803e-10
	21.6666666666667	-5.0778274e-11	-3.266782e-11	-3.1285436e-11	-3.0980798e-11	-3.0993038e-11	-3.1054312e-11	-3.1552188e-11	-3.1449111e-11	-3.1025991e-11	-3.087719e-11	-3.1136035e-11	-3.1244764e-11	-3.1321553e-11	-3.1185634e-11	-3.0363382e-11	-3.1036496e-11	-3.1218059e-11	-3.1331458e-11	-3.1617344e-11	-3.1775405e-11	-3.1682722e-11	-3.2235624e-11	-3.275508e-11	-3.3292202e-11	-3.3521557e-11	-3.3862239e-11	-3.3691109e-11	-3.4420789e-11	-3.4990788e-11	-3.5414813e-11	-3.5989295e-11	-3.6384395e-11	-3.716703e-11	-3.8172465e-11	-3.8958184e-11	-4.0237303e-11	-4.1440271e-11	-4.2339729e-11	-4.428375e-11	-4.757502e-11	-5.0968917e-11	-5.7401223e-11	-6.6365628e-11	-7.4571287e-11	-8.0049793e-11	-8.3610487e-11	-8.6796341e-11	-9.45449e-11	-1.0389842e-10	-1.0821034e-10	-1.0895185e-10
	20	-5.6189293e-11	-3.4240319e-11	-3.3764998e-11	-3.3580271e-11	-3.3551158e-11	-3.366497e-11	-3.3983167e-11	-3.382631e-11	-3.4106884e-11	-3.3273106e-11	-3.3699769e-11	-3.3600758e-11	-3.39202e-11	-3.3832187e-11	-3.3265952e-11	-3.3045712e-11	-3.2869797e-11	-3.2972534e-11	-3.3399686e-11	-3.4223745e-11	-3.4630333e-11	-3.4896485e-11	-3.4976438e-11	-3.5475976e-11	-3.5429274e-11	-3.5122752e-11	-3.5362879e-11	-3.5894801e-11	-3.6523288e-11	-3.701164e-11	-3.7602803e-11	-3.8126894e-11	-3.9095421e-11	-3.9897075e-11	-4.0894677e-11	-4.1509077e-11	-4.2218687e-11	-4.3529139e-11	-4.5176352e-11	-4.8264892e-11	-5.1485812e-11	-5.702341e-11	-6.631317e-11	-7.4119502e-11	-7.9717698e-11	-8.2921212e-11	-8.6438752e-11	-9.4100505e-11	-1.038797e-10	-1.0966496e-10	-1.0995887e-10
	18.3333333333333	-5.1133681e-11	-3.4214822e-11	-3.2678367e-11	-3.295992e-11	-3.2973627e-11	-3.324991e-11	-3.3646592e-11	-3.334685e-11	-3.3017315e-11	-3.2912468e-11	-3.3135984e-11	-3.3251003e-11	-3.3142614e-11	-3.2566363e-11	-3.2609183e-11	-3.3027331e-11	-3.3387335e-11	-3.2892959e-11	-3.3133423e-11	-3.2535592e-11	-3.4235611e-11	-3.4452764e-11	-3.4609017e-11	-3.2328119e-11	-3.2516011e-11	-3.2357568e-11	-3.2732674e-11	-3.3469585e-11	-3.4265136e-11	-3.4773184e-11	-3.5215813e-11	-3.5379224e-11	-3.5906552e-11	-3.6925622e-11	-3.8219202e-11	-3.9275781e-11	-3.9922607e-11	-4.1213741e-11	-4.2759799e-11	-4.5191531e-11	-4.8710348e-11	-5.4201584e-11	-6.2089979e-11	-7.1014201e-11	-7.6685609e-11	-8.0918064e-11	-8.4139848e-11	-9.1969793e-11	-1.0274671e-10	-1.0831331e-10	-1.0915891e-10
	16.6666666666667	-5.4746839e-11	-3.1513698e-11	-3.0805747e-11	-3.0520992e-11	-3.1154038e-11	-3.083727e-11	-3.1131403e-11	-3.0593115e-11	-3.0678717e-11	-3.0824541e-11	-3.0940611e-11	-3.1160664e-11	-3.1268828e-11	-3.0353553e-11	-3.0464051e-11	-3.091858e-11	-3.0992774e-11	-3.0691862e-11	-3.0702559e-11	-3.1486772e-11	-3.2033383e-11	-3.2211331e-11	-3.2419786e-11	-3.222278e-11	-3.2491454e-11	-3.2332335e-11	-3.2908062e-11	-3.348416e-11	-3.3772946e-11	-3.3810114e-11	-3.4287996e-11	-3.5293997e-11	-3.6549538e-11	-3.7278129e-11	-3.8165686e-11	-3.8674335e-11	-3.9991715e-11	-4.1426335e-11	-4.2958085e-11	-4.514257e-11	-4.8039833e-11	-5.306957e-11	-6.1433358e-11	-6.9418166e-11	-7.570676e-11	-7.8786977e-11	-8.2065445e-11	-9.0949637e-11	-1.0164946e-10	-1.0764999e-10	-1.0939802e-10
	15	-5.4848563e-11	-3.2006682e-11	-3.0455652e-11	-3.0983206e-11	-3.132513e-11	-3.0712953e-11	-3.0660228e-11	-3.0931986e-11	-3.0898017e-11	-3.1189024e-11	-3.1226272e-11	-3.1114642e-11	-3.1181002e-11	-3.0774227e-11	-3.1443802e-11	-3.2044228e-11	-3.1270184e-11	-3.0901708e-11	-3.0880881e-11	-3.1971394e-11	-3.2168473e-11	-3.2630273e-11	-3.2964589e-11	-3.2280817e-11	-3.2182444e-11	-3.318984e-11	-3.3118772e-11	-3.3570591e-11	-3.3934397e-11	-3.4166163e-11	-3.4706599e-11	-3.5415115e-11	-3.6255256e-11	-3.7468091e-11	-3.778448e-11	-3.8653469e-11	-3.970425e-11	-4.1005362e-11	-4.2611227e-11	-4.4308533e-11	-4.6536896e-11	-5.1517936e-11	-6.0148671e-11	-6.9141588e-11	-7.4338993e-11	-7.7226794e-11	-8.076019e-11	-8.910029e-11	-1.0118265e-10	-1.068756e-10	-1.0834265e-10
	13.3333333333333	-4.4952233e-11	-3.1984086e-11	-3.0288324e-11	-3.0834259e-11	-3.1235386e-11	-3.1467339e-11	-3.1372883e-11	-3.1249357e-11	-3.0826199e-11	-3.0465217e-11	-3.0797653e-11	-3.0850263e-11	-3.1056119e-11	-3.0861563e-11	-3.0978463e-11	-3.0858097e-11	-3.064584e-11	-3.114594e-11	-3.1279146e-11	-3.2144485e-11	-3.2147195e-11	-3.2199056e-11	-3.2393234e-11	-3.2766304e-11	-3.2999124e-11	-3.353666e-11	-3.3420437e-11	-3.3408273e-11	-3.395511e-11	-3.459855e-11	-3.4797588e-11	-3.5672906e-11	-3.5803777e-11	-3.6225314e-11	-3.7488953e-11	-3.8366268e-11	-3.9555942e-11	-4.0836678e-11	-4.2192361e-11	-4.3980392e-11	-4.6414986e-11	-5.2320755e-11	-6.0692076e-11	-6.7873616e-11	-7.1895247e-11	-7.5059674e-11	-7.9246554e-11	-8.9063645e-11	-1.0050197e-10	-1.069464e-10	-1.0762336e-10
	11.6666666666667	-4.9222237e-11	-3.2705783e-11	-3.222813e-11	-3.216339e-11	-3.1957912e-11	-3.1918742e-11	-3.1335979e-11	-3.1017893e-11	-3.1228908e-11	-3.1534601e-11	-3.1495698e-11	-3.081185e-11	-3.0736188e-11	-3.099955e-11	-3.1155658e-11	-3.0863822e-11	-3.1102669e-11	-3.0655818e-11	-3.0840396e-11	-3.1303588e-11	-3.2158456e-11	-3.2680136e-11	-3.2617506e-11	-3.2575966e-11	-3.3001837e-11	-3.2798427e-11	-3.3214469e-11	-3.3883743e-11	-3.4020453e-11	-3.3787556e-11	-3.4770735e-11	-3.5156985e-11	-3.6209348e-11	-3.712643e-11	-3.7130535e-11	-3.7905748e-11	-3.8980555e-11	-4.0561339e-11	-4.1979389e-11	-4.3190188e-11	-4.5452031e-11	-5.0633431e-11	-5.9070512e-11	-6.6137706e-11	-7.1445232e-11	-7.3858433e-11	-7.7599677e-11	-8.7988047e-11	-9.9644161e-11	-1.0569885e-10	-1.0698587e-10
	10	-5.4097074e-11	-3.2309325e-11	-3.1573202e-11	-3.1284569e-11	-3.1443875e-11	-3.1468394e-11	-3.1105379e-11	-3.1277564e-11	-3.1597797e-11	-3.1241485e-11	-3.0639324e-11	-3.0956994e-11	-3.1031941e-11	-3.0866795e-11	-3.1092046e-11	-3.1006368e-11	-3.0810153e-11	-3.0668662e-11	-3.1445083e-11	-3.1885751e-11	-3.2632872e-11	-3.2461363e-11	-3.286961e-11	-3.2543804e-11	-3.2830856e-11	-3.2802119e-11	-3.3010684e-11	-3.3232056e-11	-3.3700598e-11	-3.3569991e-11	-3.3970327e-11	-3.4826173e-11	-3.5778693e-11	-3.631619e-11	-3.70667e-11	-3.7598698e-11	-3.8132317e-11	-3.963951e-11	-4.1336365e-11	-4.2789477e-11	-4.4724044e-11	-4.9459086e-11	-5.7430373e-11	-6.4850757e-11	-6.9270159e-11	-7.2015872e-11	-7.5634228e-11	-8.5635707e-11	-9.8166419e-11	-1.04494e-10	-1.0601185e-10
	8.33333333333331	-5.3265597e-11	-3.1511137e-11	-3.1508088e-11	-3.1866055e-11	-3.2076543e-11	-3.1075437e-11	-3.1027157e-11	-3.1304945e-11	-3.137891e-11	-3.1677449e-11	-3.1168158e-11	-3.0854933e-11	-3.1161383e-11	-3.1477921e-11	-3.1199834e-11	-3.1173772e-11	-3.0864124e-11	-3.1766142e-11	-3.205583e-11	-3.2451382e-11	-3.2553595e-11	-3.2370412e-11	-3.172464e-11	-3.2061968e-11	-3.21922e-11	-3.3061567e-11	-3.3326623e-11	-3.3039082e-11	-3.3089361e-11	-3.3989835e-11	-3.4914373e-11	-3.5037639e-11	-3.5802798e-11	-3.608646e-11	-3.6554735e-11	-3.7369718e-11	-3.8675049e-11	-3.9810565e-11	-4.0742035e-11	-4.1706347e-11	-4.3961713e-11	-4.9330852e-11	-5.7015424e-11	-6.3754446e-11	-6.8100595e-11	-7.0340449e-11	-7.3674088e-11	-8.4383403e-11	-9.6713193e-11	-1.035124e-10	-1.051467e-10
	6.66666666666666	-5.2905406e-11	-3.1683739e-11	-3.1003394e-11	-3.1371229e-11	-3.1231882e-11	-3.0657327e-11	-3.0695401e-11	-3.1389266e-11	-3.1040941e-11	-3.1221789e-11	-3.0938918e-11	-3.0985277e-11	-3.1036007e-11	-3.1203522e-11	-3.092664e-11	-3.1036385e-11	-3.1352511e-11	-3.14084e-11	-3.1695754e-11	-3.165327e-11	-3.18734e-11	-3.221879e-11	-3.2176081e-11	-3.2012518e-11	-3.2118384e-11	-3.254147e-11	-3.2967792e-11	-3.3059607e-11	-3.3238308e-11	-3.3717019e-11	-3.4448396e-11	-3.523374e-11	-3.5710337e-11	-3.6480357e-11	-3.6507058e-11	-3.6871201e-11	-3.8179244e-11	-3.9108303e-11	-4.0604874e-11	-4.1285936e-11	-4.2669337e-11	-4.8118506e-11	-5.6977537e-11	-6.3728044e-11	-6.7160846e-11	-6.8701177e-11	-7.2602251e-11	-8.3034878e-11	-9.6964284e-11	-1.0302499e-10	-1.0445558e-10
	5	-4.6197719e-11	-3.2426412e-11	-3.1536558e-11	-3.1733678e-11	-3.1197159e-11	-3.0957372e-11	-3.0544907e-11	-3.0895907e-11	-3.107721e-11	-3.10783e-11	-3.0571573e-11	-3.0536056e-11	-3.0544418e-11	-3.0850791e-11	-3.0801455e-11	-3.0400703e-11	-3.1193281e-11	-3.1282234e-11	-3.1504247e-11	-3.1676245e-11	-3.1860181e-11	-3.2426301e-11	-3.2159584e-11	-3.2011165e-11	-3.2072438e-11	-3.2895405e-11	-3.3249382e-11	-3.3205771e-11	-3.3232209e-11	-3.3817987e-11	-3.4049489e-11	-3.497546e-11	-3.5899585e-11	-3.5597393e-11	-3.602801e-11	-3.6640753e-11	-3.8033004e-11	-3.927322e-11	-4.0144769e-11	-4.0811483e-11	-4.2529352e-11	-4.686319e-11	-5.6345473e-11	-6.2832843e-11	-6.5975274e-11	-6.7149994e-11	-7.0712047e-11	-8.3649768e-11	-9.6304686e-11	-1.0186669e-10	-1.0354829e-10
	3.33333333333331	-4.2875457e-11	-3.1584315e-11	-3.1252858e-11	-3.1232447e-11	-3.1101951e-11	-3.0686138e-11	-3.0755582e-11	-3.0859679e-11	-3.0677925e-11	-3.0871694e-11	-3.0649417e-11	-3.0298004e-11	-3.0820888e-11	-3.1134453e-11	-3.1254253e-11	-3.0913383e-11	-3.1367839e-11	-3.1686414e-11	-3.1817247e-11	-3.2045321e-11	-3.2760655e-11	-3.2244964e-11	-3.1862329e-11	-3.2676594e-11	-3.3217106e-11	-3.3129732e-11	-3.3526414e-11	-3.3413432e-11	-3.3611794e-11	-3.4327652e-11	-3.4822329e-11	-3.5052891e-11	-3.5719341e-11	-3.5786714e-11	-3.6092108e-11	-3.6775655e-11	-3.7562432e-11	-3.863208e-11	-3.9724096e-11	-4.0861949e-11	-4.2243091e-11	-4.6705011e-11	-5.6007088e-11	-6.2828853e-11	-6.4986863e-11	-6.6516348e-11	-7.0560086e-11	-8.188053e-11	-9.528716e-11	-1.0119666e-10	-1.0237183e-10
	1.66666666666666	-5.1963239e-11	-3.2612947e-11	-3.1612372e-11	-3.1669202e-11	-3.167018e-11	-3.108154e-11	-3.0839682e-11	-3.1446814e-11	-3.1472911e-11	-3.1259301e-11	-3.1348143e-11	-3.1097132e-11	-3.1571849e-11	-3.1529553e-11	-3.162284e-11	-3.1280013e-11	-3.1320762e-11	-3.1926087e-11	-3.2320473e-11	-3.2325104e-11	-3.2453453e-11	-3.224726e-11	-3.2111341e-11	-3.2310155e-11	-3.292527e-11	-3.3081225e-11	-3.3233263e-11	-3.3445597e-11	-3.354856e-11	-3.4146429e-11	-3.4579832e-11	-3.4830201e-11	-3.5508891e-11	-3.5606657e-11	-3.5947263e-11	-3.6732912e-11	-3.7580734e-11	-3.8497365e-11	-3.8743255e-11	-3.988555e-11	-4.174348e-11	-4.641152e-11	-5.4462348e-11	-6.1277705e-11	-6.416092e-11	-6.549325e-11	-6.9097485e-11	-8.244179e-11	-9.5360227e-11	-1.0053571e-10	-1.0160126e-10
	0	-5.175731e-11	-3.2398959e-11	-3.1778493e-11	-3.1443875e-11	-3.1086023e-11	-3.1173356e-11	-3.1447039e-11	-3.1302759e-11	-3.1024936e-11	-3.1400153e-11	-3.0666327e-11	-3.109845e-11	-3.0925436e-11	-3.1083008e-11	-3.1533959e-11	-3.0954884e-11	-3.1127635e-11	-3.1578514e-11	-3.2308985e-11	-3.2340471e-11	-3.2064039e-11	-3.1912792e-11	-3.1781206e-11	-3.2354217e-11	-3.2782874e-11	-3.2745175e-11	-3.3381912e-11	-3.293623e-11	-3.3259399e-11	-3.395963e-11	-3.4862516e-11	-3.5564968e-11	-3.5732108e-11	-3.6132555e-11	-3.6041829e-11	-3.7025986e-11	-3.7580734e-11	-3.8511451e-11	-3.9070001e-11	-3.9884797e-11	-4.1755266e-11	-4.581821e-11	-5.4763673e-11	-6.1096329e-11	-6.356294e-11	-6.4460062e-11	-6.8428437e-11	-7.9988023e-11	-9.4034558e-11	-9.943104e-11	-1.0066323e-10
