I1_2516
																																																				
		-50	-49	-48	-47	-46	-45	-44	-43	-42	-41	-40	-39	-38	-37	-36	-35	-34	-33	-32	-31	-30	-29	-28	-27	-26	-25	-24	-23	-22	-21	-20	-19	-18	-17	-16	-15	-14	-13	-12	-11	-10	-9	-8	-7	-6	-5	-4	-3	-2	-1	0
	0	-3.3066237e-11	-3.3013738e-11	-3.3450038e-11	-3.2866709e-11	-3.2687367e-11	-3.2778658e-11	-3.3326775e-11	-3.3522463e-11	-3.3017391e-11	-3.318321e-11	-3.3289642e-11	-3.3159146e-11	-3.3373474e-11	-3.2832362e-11	-3.2069989e-11	-3.3194773e-11	-3.3565508e-11	-3.3976051e-11	-3.4208306e-11	-3.3743116e-11	-3.3933908e-11	-3.3564793e-11	-3.4196028e-11	-3.4300385e-11	-3.5751881e-11	-3.5992834e-11	-3.6249455e-11	-3.6378858e-11	-3.6486984e-11	-3.7208871e-11	-3.7282386e-11	-3.7268147e-11	-3.8070515e-11	-3.8613661e-11	-4.2419381e-11	-4.3429788e-11	-4.3682266e-11	-4.4510957e-11	-4.6040373e-11	-5.0299678e-11	-5.6006751e-11	-6.0546519e-11	-6.3567721e-11	-6.4952023e-11	-6.6167946e-11	-7.0299509e-11	-8.299763e-11	-9.3565676e-11	-9.821749e-11	-9.9880257e-11	-1.0429756e-10
	1.66666666666667	-5.6219838e-11	-3.9457493e-11	-3.8018092e-11	-3.7330326e-11	-3.7768285e-11	-3.8099853e-11	-3.7595347e-11	-3.7493886e-11	-3.7478447e-11	-3.7511588e-11	-3.7620355e-11	-3.8604096e-11	-3.8657764e-11	-3.8150469e-11	-3.7881195e-11	-3.8432289e-11	-3.8325745e-11	-3.8640629e-11	-3.8334294e-11	-3.7811823e-11	-3.7693831e-11	-3.8176417e-11	-3.7924618e-11	-3.8406528e-11	-3.9742324e-11	-4.004512e-11	-4.016714e-11	-4.0515993e-11	-4.0812877e-11	-4.1034662e-11	-4.1117328e-11	-4.1039783e-11	-4.1956414e-11	-4.2235632e-11	-4.2378368e-11	-4.2843142e-11	-4.288845e-11	-4.408893e-11	-4.6340341e-11	-5.0239535e-11	-5.653792e-11	-6.0577515e-11	-6.2817175e-11	-6.435992e-11	-6.5776502e-11	-6.973791e-11	-8.3705431e-11	-9.4213144e-11	-9.9605449e-11	-1.0097348e-10	-1.0470467e-10
	3.33333333333333	-5.3735339e-11	-3.7783689e-11	-3.8146968e-11	-3.7859538e-11	-3.8054546e-11	-3.827769e-11	-3.8000842e-11	-3.7534448e-11	-3.7525448e-11	-3.8012142e-11	-3.802246e-11	-3.7782975e-11	-3.8045886e-11	-3.788752e-11	-3.7323662e-11	-3.8209446e-11	-3.8302885e-11	-3.8407392e-11	-3.8483092e-11	-3.8549112e-11	-3.8104034e-11	-3.8487085e-11	-3.8376927e-11	-3.7742188e-11	-3.9748652e-11	-4.0086583e-11	-4.0436116e-11	-4.0685809e-11	-4.0632706e-11	-4.0992782e-11	-4.1266313e-11	-4.1165193e-11	-4.1701677e-11	-4.2165545e-11	-4.2994538e-11	-4.3666563e-11	-4.3760901e-11	-4.4375042e-11	-4.675578e-11	-5.0432849e-11	-5.6856644e-11	-6.20336e-11	-6.3932089e-11	-6.5397181e-11	-6.6617961e-11	-7.0618088e-11	-8.2607539e-11	-9.4463742e-11	-9.9751346e-11	-1.0114518e-10	-1.0494543e-10
	5	-5.8400444e-11	-3.9216803e-11	-3.8076316e-11	-3.8187904e-11	-3.877617e-11	-3.7984459e-11	-3.7755594e-11	-3.7788925e-11	-3.7485678e-11	-3.7450276e-11	-3.7347424e-11	-3.8120077e-11	-3.8092508e-11	-3.7415893e-11	-3.8207e-11	-3.7433029e-11	-3.7873472e-11	-3.820071e-11	-3.78888e-11	-3.7618207e-11	-3.7618169e-11	-3.7990486e-11	-3.9845214e-11	-4.030596e-11	-4.0055362e-11	-4.0670516e-11	-4.0987585e-11	-4.0724635e-11	-4.1012027e-11	-4.1087536e-11	-4.11522e-11	-4.1441926e-11	-4.1916304e-11	-4.2877337e-11	-4.2353437e-11	-4.2656684e-11	-4.3575987e-11	-4.4797145e-11	-4.6196703e-11	-5.0013455e-11	-5.5695785e-11	-6.1294275e-11	-6.3979544e-11	-6.5931552e-11	-6.73957e-11	-7.1093742e-11	-8.2494324e-11	-9.5195456e-11	-1.0019055e-10	-1.0175887e-10	-1.056381e-10
	6.66666666666667	-5.8094109e-11	-3.796111e-11	-3.7677184e-11	-3.8028788e-11	-3.7907517e-11	-3.7690552e-11	-3.7235045e-11	-3.8019747e-11	-3.7431294e-11	-3.762201e-11	-3.7640991e-11	-3.7538479e-11	-3.781073e-11	-3.7742299e-11	-3.780911e-11	-3.7828806e-11	-3.8141393e-11	-3.7552076e-11	-3.6931496e-11	-3.7063384e-11	-3.7648072e-11	-3.7228755e-11	-3.931442e-11	-3.9805482e-11	-3.9301052e-11	-4.0189171e-11	-4.069443e-11	-4.0625059e-11	-4.0315713e-11	-4.0524958e-11	-4.123641e-11	-4.2325116e-11	-4.2125664e-11	-4.2127545e-11	-4.2494591e-11	-4.303928e-11	-4.4102864e-11	-4.5492669e-11	-4.7323558e-11	-5.0439364e-11	-5.7264138e-11	-6.1589088e-11	-6.5508883e-11	-6.6846938e-11	-6.7972551e-11	-7.2039784e-11	-8.3576063e-11	-9.553644e-11	-1.0118367e-10	-1.0265188e-10	-1.0607745e-10
	8.33333333333333	-4.3599561e-11	-3.7905973e-11	-3.795889e-11	-3.8074509e-11	-3.7695524e-11	-3.734622e-11	-3.7730551e-11	-3.8517928e-11	-3.8970275e-11	-3.8810365e-11	-3.7979151e-11	-3.7565142e-11	-3.8055829e-11	-3.788413e-11	-3.8000655e-11	-3.7769829e-11	-3.7522888e-11	-3.77951e-11	-3.7943673e-11	-3.8395381e-11	-3.8318626e-11	-3.8104638e-11	-3.817751e-11	-3.7872268e-11	-3.9710162e-11	-4.1075976e-11	-4.109281e-11	-4.0692286e-11	-4.1368301e-11	-4.1563347e-11	-4.1974153e-11	-4.2474819e-11	-4.2839038e-11	-4.2625764e-11	-4.3193275e-11	-4.41902e-11	-4.463829e-11	-4.5946521e-11	-4.7513105e-11	-5.1302063e-11	-5.8030126e-11	-6.3629865e-11	-6.5969286e-11	-6.8067905e-11	-6.9141019e-11	-7.3412151e-11	-8.5593074e-11	-9.713854e-11	-1.0210802e-10	-1.026929e-10	-1.0640985e-10
	10	-5.807076e-11	-3.872273e-11	-3.7512455e-11	-3.7792051e-11	-3.7653269e-11	-3.7908763e-11	-3.7432463e-11	-3.8421329e-11	-3.865671e-11	-3.7991464e-11	-3.8072323e-11	-3.8361259e-11	-3.8703332e-11	-3.8826862e-11	-3.8929752e-11	-3.8737982e-11	-3.8705858e-11	-3.8635355e-11	-3.86749e-11	-3.8891827e-11	-3.8664089e-11	-3.8573027e-11	-3.8474203e-11	-3.8686086e-11	-4.0295111e-11	-4.2212057e-11	-4.2105139e-11	-4.2187427e-11	-4.233924e-11	-4.2839714e-11	-4.2706394e-11	-4.2247008e-11	-4.296042e-11	-4.3691644e-11	-4.4089947e-11	-4.4293503e-11	-4.4576603e-11	-4.6094264e-11	-4.7737113e-11	-5.2024777e-11	-5.8891392e-11	-6.3796662e-11	-6.6764351e-11	-6.8402228e-11	-7.1025047e-11	-7.4467189e-11	-8.7067499e-11	-9.7688468e-11	-1.0308088e-10	-1.0487863e-10	-1.0878844e-10
	11.6666666666667	-5.6780344e-11	-3.9428984e-11	-3.8378471e-11	-3.8408259e-11	-3.8337118e-11	-3.8899359e-11	-3.8594607e-11	-3.8788861e-11	-3.8300661e-11	-3.8111642e-11	-3.8092359e-11	-3.8429163e-11	-3.8631816e-11	-3.7953956e-11	-3.8173707e-11	-3.8290381e-11	-3.8460457e-11	-3.8539959e-11	-3.8719264e-11	-3.8300287e-11	-3.8108555e-11	-3.8106331e-11	-3.8422005e-11	-3.8580406e-11	-4.0632366e-11	-4.1115784e-11	-4.1122262e-11	-4.1741256e-11	-4.1947338e-11	-4.2419304e-11	-4.207968e-11	-4.2325681e-11	-4.2728165e-11	-4.3547138e-11	-4.3650368e-11	-4.4226806e-11	-4.4620252e-11	-4.5620639e-11	-4.8155563e-11	-5.2759734e-11	-5.9107566e-11	-6.3820386e-11	-6.7321919e-11	-6.9764382e-11	-7.1834684e-11	-7.6427364e-11	-8.8209384e-11	-9.9041095e-11	-1.0403223e-10	-1.0567199e-10	-1.091043e-10
	13.3333333333333	-5.9447648e-11	-3.8803023e-11	-3.7872004e-11	-3.7948682e-11	-3.8101022e-11	-3.8016736e-11	-3.7771411e-11	-3.7444138e-11	-3.7692925e-11	-3.8053793e-11	-3.795305e-11	-3.7739964e-11	-3.7666939e-11	-3.8159961e-11	-3.8364006e-11	-3.8957997e-11	-3.8465769e-11	-3.7935349e-11	-3.7703545e-11	-3.825204e-11	-3.8708457e-11	-3.8515215e-11	-3.8657161e-11	-3.8919847e-11	-4.1188958e-11	-4.2013733e-11	-4.1999914e-11	-4.2344059e-11	-4.244096e-11	-4.2080506e-11	-4.2444163e-11	-4.3109745e-11	-4.3570602e-11	-4.3720114e-11	-4.4229558e-11	-4.4095973e-11	-4.530858e-11	-4.644082e-11	-4.847828e-11	-5.1855832e-11	-5.7919024e-11	-6.4085369e-11	-6.793692e-11	-7.0924232e-11	-7.3242266e-11	-7.7786853e-11	-8.8548065e-11	-9.9733985e-11	-1.0489361e-10	-1.0659397e-10	-1.092273e-10
	15	-5.8218805e-11	-3.8563725e-11	-3.8446787e-11	-3.8677572e-11	-3.8355232e-11	-3.8259989e-11	-3.7854983e-11	-3.8156006e-11	-3.7894111e-11	-3.8302018e-11	-3.8542936e-11	-3.8667368e-11	-3.8294635e-11	-3.8035717e-11	-3.8503391e-11	-3.8683862e-11	-3.8083432e-11	-3.8018505e-11	-3.820105e-11	-3.8227938e-11	-3.8425509e-11	-3.845364e-11	-4.0105377e-11	-4.1453566e-11	-4.1708453e-11	-4.217451e-11	-4.2439455e-11	-4.2662408e-11	-4.2208629e-11	-4.2072637e-11	-4.2353777e-11	-4.2977479e-11	-4.3756044e-11	-4.3827449e-11	-4.3791634e-11	-4.5068341e-11	-4.6088501e-11	-4.6892039e-11	-4.8156618e-11	-5.2206267e-11	-5.8222947e-11	-6.4126877e-11	-6.8487792e-11	-7.2436279e-11	-7.4781015e-11	-7.9027292e-11	-8.9560019e-11	-1.003822e-10	-1.0508233e-10	-1.0658806e-10	-1.0907112e-10
	16.6666666666667	-5.9475362e-11	-3.9694685e-11	-3.8452172e-11	-3.869053e-11	-3.8552765e-11	-3.7856902e-11	-3.822918e-11	-3.8515555e-11	-3.8769127e-11	-3.8893899e-11	-3.8537097e-11	-3.8377905e-11	-3.8154275e-11	-3.851823e-11	-3.8706496e-11	-3.8127987e-11	-3.7819768e-11	-3.8069048e-11	-3.8595963e-11	-3.8222026e-11	-3.8444754e-11	-3.7708742e-11	-3.8386756e-11	-3.8883279e-11	-4.181255e-11	-4.2140728e-11	-4.2195449e-11	-4.2041228e-11	-4.226177e-11	-4.2759084e-11	-4.3135995e-11	-4.333665e-11	-4.3414872e-11	-4.3647919e-11	-4.4219427e-11	-4.4828592e-11	-4.5805481e-11	-4.7170615e-11	-4.8891911e-11	-5.1669183e-11	-5.8440516e-11	-6.3937286e-11	-6.9681871e-11	-7.2901248e-11	-7.5578863e-11	-8.0589549e-11	-9.1206973e-11	-1.0196111e-10	-1.0658565e-10	-1.0718988e-10	-1.1023063e-10
	18.3333333333333	-6.0281537e-11	-4.0241446e-11	-3.8608578e-11	-3.8674071e-11	-3.8273582e-11	-3.8430592e-11	-3.851567e-11	-3.8831643e-11	-3.9156584e-11	-3.8706194e-11	-3.8234905e-11	-3.8221048e-11	-3.8487762e-11	-3.9072676e-11	-3.8786151e-11	-3.8230273e-11	-3.7969322e-11	-3.8501168e-11	-3.825739e-11	-3.8780312e-11	-3.856267e-11	-3.818414e-11	-3.9479864e-11	-4.1935965e-11	-4.2277851e-11	-4.2006502e-11	-4.2112144e-11	-4.208623e-11	-4.2501069e-11	-4.2938875e-11	-4.2856059e-11	-4.2687902e-11	-4.3333601e-11	-4.3787189e-11	-4.4498228e-11	-4.4858079e-11	-4.5942191e-11	-4.6758566e-11	-4.8975705e-11	-5.2781276e-11	-5.890996e-11	-6.2903981e-11	-6.7785264e-11	-7.3062431e-11	-7.708538e-11	-8.218573e-11	-9.2652587e-11	-1.0226722e-10	-1.068356e-10	-1.0786552e-10	-1.1098483e-10
	20	-5.916044e-11	-3.9569008e-11	-3.8384042e-11	-3.7713829e-11	-3.818881e-11	-3.8041629e-11	-3.8033195e-11	-3.8288574e-11	-3.8357754e-11	-3.7903149e-11	-3.7890722e-11	-3.7665735e-11	-3.822195e-11	-3.8369884e-11	-3.7907066e-11	-3.7599489e-11	-3.7792464e-11	-3.8011577e-11	-3.7878107e-11	-3.8370335e-11	-3.7994781e-11	-3.799331e-11	-4.1021218e-11	-4.1180861e-11	-4.1856837e-11	-4.188851e-11	-4.2180724e-11	-4.1619611e-11	-4.2249905e-11	-4.2770794e-11	-4.3369114e-11	-4.356529e-11	-4.3359701e-11	-4.3963895e-11	-4.4680058e-11	-4.5439492e-11	-4.596535e-11	-4.7239535e-11	-4.9341736e-11	-5.318888e-11	-5.8042102e-11	-6.2165717e-11	-6.8106132e-11	-7.4178143e-11	-7.8235737e-11	-8.3243745e-11	-9.3458422e-11	-1.043302e-10	-1.0794137e-10	-1.0776507e-10	-1.1036218e-10
	21.6666666666667	-6.0250506e-11	-3.9077082e-11	-3.9070715e-11	-3.8671885e-11	-3.8197997e-11	-3.8777037e-11	-3.8721297e-11	-3.8980555e-11	-3.9161854e-11	-3.8662962e-11	-3.8303638e-11	-3.8450479e-11	-3.8750145e-11	-3.8937811e-11	-3.8960595e-11	-3.870548e-11	-3.8496688e-11	-3.8797975e-11	-3.8898645e-11	-3.8695498e-11	-3.8934949e-11	-3.8466671e-11	-3.8401594e-11	-4.1567302e-11	-4.1964699e-11	-4.2515453e-11	-4.2265837e-11	-4.2466343e-11	-4.2585466e-11	-4.2944037e-11	-4.353938e-11	-4.3493886e-11	-4.4067652e-11	-4.4078349e-11	-4.4550391e-11	-4.5401266e-11	-4.6476635e-11	-4.8074142e-11	-5.0079701e-11	-5.2978805e-11	-5.7368912e-11	-6.1854522e-11	-6.8345697e-11	-7.5999353e-11	-8.0113929e-11	-8.5028838e-11	-9.4592771e-11	-1.0487095e-10	-1.088934e-10	-1.0849009e-10	-1.1081355e-10
	23.3333333333333	-5.7770341e-11	-4.0589507e-11	-3.8962517e-11	-3.8675653e-11	-3.8363895e-11	-3.9282258e-11	-3.9093992e-11	-3.9253371e-11	-3.9112144e-11	-3.9033131e-11	-3.8861737e-11	-3.8737794e-11	-3.9263013e-11	-3.9074934e-11	-3.9425293e-11	-3.8975285e-11	-3.8944101e-11	-3.9052223e-11	-3.9439643e-11	-3.9018441e-11	-3.8178679e-11	-3.844592e-11	-4.0103268e-11	-4.1957507e-11	-4.2598196e-11	-4.2559442e-11	-4.1720506e-11	-4.2781566e-11	-4.2806647e-11	-4.3298275e-11	-4.3852984e-11	-4.3746742e-11	-4.3734464e-11	-4.422545e-11	-4.4968577e-11	-4.5815386e-11	-4.6788923e-11	-4.7996749e-11	-5.0346907e-11	-5.3074465e-11	-5.7179098e-11	-6.1490306e-11	-6.7936205e-11	-7.5704804e-11	-8.1355575e-11	-8.5979925e-11	-9.6040231e-11	-1.0441061e-10	-1.0858865e-10	-1.0800701e-10	-1.1046966e-10
	25	-5.7236382e-11	-3.938944e-11	-3.8557622e-11	-3.8180296e-11	-3.8092546e-11	-3.8239651e-11	-3.8388827e-11	-3.8741635e-11	-3.8456429e-11	-3.8327626e-11	-3.8685933e-11	-3.8585982e-11	-3.8647859e-11	-3.8596903e-11	-3.8920749e-11	-3.8434169e-11	-3.8805546e-11	-3.8557133e-11	-3.8576753e-11	-3.8628125e-11	-3.8258483e-11	-3.8460193e-11	-3.8502337e-11	-4.1128136e-11	-4.2306172e-11	-4.252133e-11	-4.2262447e-11	-4.2615633e-11	-4.2903587e-11	-4.2806911e-11	-4.3538364e-11	-4.3833815e-11	-4.3989805e-11	-4.4446107e-11	-4.5323644e-11	-4.643954e-11	-4.7149264e-11	-4.8242486e-11	-5.0777448e-11	-5.3705474e-11	-5.7196161e-11	-6.1087482e-11	-6.8101649e-11	-7.6999664e-11	-8.2829507e-11	-8.7597693e-11	-9.5840363e-11	-1.0704413e-10	-1.086834e-10	-1.0770173e-10	-1.0973177e-10
	26.6666666666667	-6.1815469e-11	-4.0360642e-11	-3.8133975e-11	-3.802713e-11	-3.8283415e-11	-3.801557e-11	-3.8823434e-11	-3.8909039e-11	-3.8426335e-11	-3.8307139e-11	-3.7862852e-11	-3.8484223e-11	-3.8590953e-11	-3.8581725e-11	-3.8186475e-11	-3.8237129e-11	-3.8769127e-11	-3.863607e-11	-3.8661418e-11	-3.8680208e-11	-3.809119e-11	-3.7786326e-11	-4.1655051e-11	-4.2397235e-11	-4.2685456e-11	-4.1773307e-11	-4.1955963e-11	-4.1977241e-11	-4.303205e-11	-4.3243104e-11	-4.3476788e-11	-4.331609e-11	-4.396751e-11	-4.4629592e-11	-4.494775e-11	-4.5587235e-11	-4.6372167e-11	-4.7472845e-11	-5.0258363e-11	-5.3732515e-11	-5.7359683e-11	-6.1134146e-11	-6.8271166e-11	-7.7140856e-11	-8.2919178e-11	-8.7031646e-11	-9.5832044e-11	-1.0397804e-10	-1.0666327e-10	-1.0639376e-10	-1.0890786e-10
	28.3333333333333	-5.9744341e-11	-3.9062732e-11	-3.7532678e-11	-3.7512493e-11	-3.7418339e-11	-3.8036092e-11	-3.8501358e-11	-3.7999864e-11	-3.7665697e-11	-3.7509367e-11	-3.7698313e-11	-3.778753e-11	-3.8079932e-11	-3.7886992e-11	-3.7970602e-11	-3.7776834e-11	-3.8066449e-11	-3.809281e-11	-3.8091946e-11	-3.7776043e-11	-3.7771637e-11	-4.0590902e-11	-4.1577658e-11	-3.9368727e-11	-4.1468967e-11	-4.138713e-11	-4.2015655e-11	-4.2352871e-11	-4.2794747e-11	-4.2257815e-11	-4.3005537e-11	-4.337981e-11	-4.3810275e-11	-4.4524856e-11	-4.4788031e-11	-4.5232769e-11	-4.6671382e-11	-4.840876e-11	-5.1755353e-11	-5.4649223e-11	-5.7674039e-11	-7.8130662e-11	-8.8799419e-11	-8.7833109e-11	-8.6489482e-11	-8.8249116e-11	-9.5706443e-11	-1.0394866e-10	-1.0726302e-10	-1.0653364e-10	-1.0849031e-10
	30	-6.017891e-11	-3.8546024e-11	-3.7897314e-11	-3.7830843e-11	-3.8437597e-11	-3.8409088e-11	-3.8475709e-11	-3.8137552e-11	-3.8811006e-11	-3.866955e-11	-3.8899283e-11	-3.8726571e-11	-3.865543e-11	-3.8720242e-11	-3.898127e-11	-3.891288e-11	-3.8792251e-11	-3.8240518e-11	-3.8123428e-11	-3.8167455e-11	-3.8292151e-11	-3.8209484e-11	-3.8487196e-11	-3.8103319e-11	-4.053121e-11	-4.2088267e-11	-4.2574656e-11	-4.3459465e-11	-4.3029563e-11	-4.2897186e-11	-4.3348554e-11	-4.39268e-11	-4.3861383e-11	-4.4688305e-11	-4.5214842e-11	-4.5642181e-11	-4.7558485e-11	-4.9505636e-11	-5.2571503e-11	-5.4904151e-11	-5.8687458e-11	-7.6549954e-11	-8.8537934e-11	-8.7793342e-11	-8.6468242e-11	-8.7910318e-11	-9.5894334e-11	-1.0342065e-10	-1.0592767e-10	-1.0571583e-10	-1.0821456e-10
	31.6666666666667	-4.7940821e-11	-3.8300023e-11	-3.8363594e-11	-3.7787492e-11	-3.7656697e-11	-3.751234e-11	-3.7883866e-11	-3.7727349e-11	-3.7865412e-11	-3.8441965e-11	-3.80115e-11	-3.7435589e-11	-3.8111188e-11	-3.8012444e-11	-3.8044679e-11	-3.8249931e-11	-3.7912e-11	-3.8053494e-11	-3.8121922e-11	-3.8199732e-11	-3.8446673e-11	-3.813842e-11	-3.9805822e-11	-3.8639311e-11	-4.1733537e-11	-4.2057084e-11	-4.246755e-11	-4.2363869e-11	-4.231732e-11	-4.298166e-11	-4.3394951e-11	-4.3966154e-11	-4.4784152e-11	-4.4287365e-11	-4.4821775e-11	-4.6043235e-11	-4.6993534e-11	-4.9686522e-11	-7.9519752e-11	-9.2690702e-11	-9.0401325e-11	-9.006159e-11	-8.8630957e-11	-8.6621446e-11	-8.5843478e-11	-8.80854e-11	-9.5291872e-11	-1.0332617e-10	-1.0560262e-10	-1.0504689e-10	-1.0656945e-10
	33.3333333333333	-5.5416113e-11	-3.8779823e-11	-3.8108478e-11	-3.8355121e-11	-3.8142864e-11	-3.7820712e-11	-3.7538854e-11	-3.7823383e-11	-3.8107045e-11	-3.7797095e-11	-3.7569021e-11	-3.7657297e-11	-3.7760153e-11	-3.741062e-11	-3.7481497e-11	-3.804276e-11	-3.8017828e-11	-3.7993463e-11	-3.7655341e-11	-3.8033909e-11	-3.8409803e-11	-3.9340482e-11	-4.1665633e-11	-4.1197244e-11	-4.1496497e-11	-4.168612e-11	-4.2210135e-11	-4.3098861e-11	-4.2786764e-11	-4.3524732e-11	-4.3547253e-11	-4.3984118e-11	-4.4325706e-11	-4.5081071e-11	-4.5787592e-11	-4.6763086e-11	-4.8586971e-11	-5.4786797e-11	-9.0256858e-11	-9.136699e-11	-9.0418013e-11	-8.8757723e-11	-8.6205099e-11	-8.5795801e-11	-8.5611566e-11	-8.7058388e-11	-9.3212341e-11	-1.0126807e-10	-1.0389089e-10	-1.0319013e-10	-1.0506034e-10
	35	-5.8203515e-11	-3.8519209e-11	-3.8332559e-11	-3.8361786e-11	-3.8065846e-11	-3.794292e-11	-3.7842063e-11	-3.7602539e-11	-3.7875508e-11	-3.8110473e-11	-3.791539e-11	-3.7784782e-11	-3.8161807e-11	-3.813902e-11	-3.8472621e-11	-3.8257463e-11	-3.7856451e-11	-3.7454082e-11	-3.7947666e-11	-3.8074092e-11	-3.7929361e-11	-3.7961488e-11	-4.0366328e-11	-4.1379785e-11	-4.1668797e-11	-4.2210627e-11	-4.2535264e-11	-4.2696152e-11	-4.2599587e-11	-4.2870183e-11	-4.3363729e-11	-4.4000956e-11	-4.4828252e-11	-4.4896233e-11	-4.5573149e-11	-4.681875e-11	-4.9037358e-11	-7.8241726e-11	-8.8753511e-11	-8.9239935e-11	-8.7012439e-11	-8.5811316e-11	-8.5416105e-11	-8.4437707e-11	-8.4594415e-11	-8.623418e-11	-9.3524063e-11	-1.0105099e-10	-1.0353676e-10	-1.0254281e-10	-1.0440018e-10
	36.6666666666667	-5.7204519e-11	-3.8814243e-11	-3.7795704e-11	-3.7905824e-11	-3.7366669e-11	-3.7323585e-11	-3.7825645e-11	-3.7264646e-11	-3.7870384e-11	-3.7775141e-11	-3.7357027e-11	-3.7531096e-11	-3.7476865e-11	-3.7768098e-11	-3.7968757e-11	-3.7691045e-11	-3.7278167e-11	-3.7883228e-11	-3.7861988e-11	-3.7750848e-11	-3.7652253e-11	-3.7345731e-11	-3.7452989e-11	-4.1141243e-11	-4.0649088e-11	-4.1957129e-11	-4.1777862e-11	-4.2157711e-11	-4.2448305e-11	-4.2791735e-11	-4.3420333e-11	-4.3790919e-11	-4.3765273e-11	-4.4641003e-11	-4.5833913e-11	-7.4090428e-11	-8.7990872e-11	-8.7666235e-11	-8.6535015e-11	-8.5921326e-11	-8.5440509e-11	-8.4802193e-11	-8.3320004e-11	-8.2158051e-11	-8.3668635e-11	-8.4938716e-11	-9.1365603e-11	-9.8989615e-11	-1.0183204e-10	-1.0070854e-10	-1.0292376e-10
	38.3333333333333	-5.213938e-11	-3.9272013e-11	-3.7935387e-11	-3.7793255e-11	-3.8021218e-11	-3.7729986e-11	-3.8062307e-11	-3.8008863e-11	-3.7635908e-11	-3.7493172e-11	-3.7224234e-11	-3.7726332e-11	-3.8076164e-11	-3.7868503e-11	-3.7542244e-11	-3.7219266e-11	-3.7853512e-11	-3.805127e-11	-3.7640127e-11	-3.7498522e-11	-3.7753335e-11	-3.7673153e-11	-3.7889292e-11	-3.7804516e-11	-4.1127081e-11	-4.1551106e-11	-4.2160914e-11	-4.2742702e-11	-4.3049713e-11	-4.3519948e-11	-4.3514109e-11	-4.3747533e-11	-4.456395e-11	-4.5598757e-11	-4.783586e-11	-8.5196877e-11	-8.5265725e-11	-8.5109843e-11	-8.5354078e-11	-8.5134441e-11	-8.4030671e-11	-8.2861072e-11	-8.2107661e-11	-8.3835244e-11	-8.4382876e-11	-8.4345628e-11	-9.0714401e-11	-9.8513808e-11	-1.0113723e-10	-9.9912349e-11	-1.026564e-10
	40	-5.6588199e-11	-3.8933971e-11	-3.8099288e-11	-3.8281905e-11	-3.8343634e-11	-3.8292151e-11	-3.8715385e-11	-3.8488025e-11	-3.8551558e-11	-3.8870133e-11	-3.882622e-11	-3.8779934e-11	-3.8274224e-11	-3.8176493e-11	-3.8501431e-11	-3.8329097e-11	-3.815465e-11	-3.8596414e-11	-3.8274637e-11	-3.8376285e-11	-3.8341299e-11	-3.8467087e-11	-3.8548321e-11	-4.0775931e-11	-4.2732418e-11	-4.296441e-11	-4.3294545e-11	-4.3476601e-11	-4.3622723e-11	-4.3688105e-11	-4.4212835e-11	-4.4985866e-11	-4.5600832e-11	-6.9833e-11	-8.3611014e-11	-8.4917171e-11	-8.4900489e-11	-8.4842529e-11	-8.5266211e-11	-8.4098985e-11	-8.3272479e-11	-8.2560722e-11	-8.2078358e-11	-8.330385e-11	-8.3670931e-11	-8.3572635e-11	-8.9820026e-11	-9.7600567e-11	-1.0070066e-10	-1.0034338e-10	-1.0242494e-10
	41.6666666666667	-5.729886e-11	-3.8287366e-11	-3.8189601e-11	-3.8519923e-11	-3.890463e-11	-3.7910116e-11	-3.7433858e-11	-3.7960621e-11	-3.7926537e-11	-3.8137816e-11	-3.7837355e-11	-3.7689914e-11	-3.7533959e-11	-3.7707126e-11	-3.8064264e-11	-3.8027317e-11	-3.7743506e-11	-3.7523904e-11	-3.7937646e-11	-3.7778568e-11	-3.8123581e-11	-3.7858862e-11	-3.8565758e-11	-4.0403198e-11	-4.0910532e-11	-4.2613975e-11	-4.271709e-11	-4.262354e-11	-4.320868e-11	-4.3429711e-11	-4.435478e-11	-4.4614149e-11	-4.5641015e-11	-6.6901588e-11	-8.1679642e-11	-8.2301388e-11	-8.2193002e-11	-8.3074721e-11	-8.2565017e-11	-8.2044163e-11	-8.1515822e-11	-8.1698322e-11	-8.0821239e-11	-8.2741418e-11	-8.2128866e-11	-8.2038702e-11	-8.8186486e-11	-9.7013578e-11	-9.9833745e-11	-9.9314855e-11	-1.0120009e-10
	43.3333333333333	-5.1563358e-11	-3.8987258e-11	-3.774565e-11	-3.7770547e-11	-3.7303136e-11	-3.7277563e-11	-3.7603219e-11	-3.774776e-11	-3.7734316e-11	-3.7919494e-11	-3.7231315e-11	-3.7373146e-11	-3.7734278e-11	-3.8103319e-11	-3.7648485e-11	-3.7800676e-11	-3.7199303e-11	-3.7522246e-11	-3.7608791e-11	-3.7826433e-11	-3.8248012e-11	-3.7599941e-11	-3.9452937e-11	-3.834676e-11	-3.9196354e-11	-4.1835257e-11	-4.266926e-11	-4.2990132e-11	-4.3373031e-11	-4.3154185e-11	-4.3704335e-11	-4.4874274e-11	-4.5371588e-11	-7.7627627e-11	-7.9340333e-11	-7.9751851e-11	-7.9883287e-11	-7.9964639e-11	-7.9640454e-11	-7.9698033e-11	-8.0023314e-11	-7.9301996e-11	-8.1744236e-11	-8.2505627e-11	-8.0629052e-11	-8.0976552e-11	-8.7033943e-11	-9.5627582e-11	-9.8100021e-11	-9.7926937e-11	-1.0085217e-10
	45	-5.6562966e-11	-3.8542183e-11	-3.8320812e-11	-3.7522471e-11	-3.7688821e-11	-3.7644533e-11	-3.7595309e-11	-3.756985e-11	-3.7452572e-11	-3.7367234e-11	-3.7527443e-11	-3.7656735e-11	-3.7281667e-11	-3.7222465e-11	-3.7603406e-11	-3.7666301e-11	-3.816546e-11	-3.8583949e-11	-3.8165495e-11	-3.7756121e-11	-3.7907594e-11	-3.804148e-11	-3.8444112e-11	-4.253289e-11	-3.9599515e-11	-4.2174774e-11	-4.3391259e-11	-4.3628299e-11	-4.4111867e-11	-4.43976e-11	-4.443669e-11	-4.6299856e-11	-7.5637843e-11	-7.7063841e-11	-7.7421243e-11	-7.7553353e-11	-7.7944914e-11	-7.8140945e-11	-7.8380392e-11	-7.6945283e-11	-7.8084414e-11	-7.8214234e-11	-8.1423063e-11	-8.1695463e-11	-8.0247135e-11	-7.998302e-11	-8.6845489e-11	-9.4609341e-11	-9.8648145e-11	-9.8796152e-11	-1.0192758e-10
	46.6666666666667	-5.7748722e-11	-3.8768259e-11	-3.8198562e-11	-3.8591894e-11	-3.8781329e-11	-3.8508589e-11	-3.8490738e-11	-3.8037448e-11	-3.7608829e-11	-3.8294371e-11	-3.8790592e-11	-3.8759974e-11	-3.8372857e-11	-3.808558e-11	-3.8268461e-11	-3.8694294e-11	-3.8108253e-11	-3.8362917e-11	-3.7899232e-11	-3.8128889e-11	-3.8390711e-11	-3.8346458e-11	-3.8470099e-11	-3.8181125e-11	-4.1843883e-11	-4.1520714e-11	-4.3175425e-11	-4.3152114e-11	-4.3822779e-11	-4.4101736e-11	-6.5052769e-11	-7.2715271e-11	-7.3644334e-11	-7.4806737e-11	-7.5213141e-11	-7.5495707e-11	-7.5751995e-11	-7.5805244e-11	-7.6419683e-11	-7.59754e-11	-7.6298301e-11	-7.6564831e-11	-8.0204086e-11	-8.043672e-11	-7.8395908e-11	-7.7900325e-11	-8.5091767e-11	-9.3742951e-11	-9.7417158e-11	-9.8222951e-11	-1.0161413e-10
	48.3333333333333	-5.6023509e-11	-3.8702919e-11	-3.8150809e-11	-3.8179581e-11	-3.8272378e-11	-3.84472e-11	-3.8200259e-11	-3.7819466e-11	-3.8269856e-11	-3.8501771e-11	-3.8519472e-11	-3.8662545e-11	-3.8255357e-11	-3.8307968e-11	-3.8178943e-11	-3.8052363e-11	-3.8216302e-11	-3.8779598e-11	-3.8211819e-11	-3.8208166e-11	-3.8424566e-11	-3.852723e-11	-3.8427692e-11	-3.8272906e-11	-3.8648459e-11	-4.1405018e-11	-4.3338045e-11	-4.3213575e-11	-4.4206621e-11	-4.4132465e-11	-5.7928516e-11	-6.9928174e-11	-7.1127861e-11	-7.2086372e-11	-7.2669891e-11	-7.2987186e-11	-7.3171837e-11	-7.3630699e-11	-7.4195053e-11	-7.4684682e-11	-7.4355112e-11	-7.7060677e-11	-8.0461839e-11	-7.9079417e-11	-7.7150349e-11	-7.692464e-11	-8.4100643e-11	-9.403181e-11	-9.7527354e-11	-9.858913e-11	-1.0187949e-10
	50	-5.4255402e-11	-3.8950915e-11	-3.8890322e-11	-3.8813831e-11	-3.9265008e-11	-3.8771802e-11	-3.8758882e-11	-3.8319757e-11	-3.8466182e-11	-3.8367247e-11	-3.8177361e-11	-3.8280098e-11	-3.8417637e-11	-3.8021593e-11	-3.8045622e-11	-3.8452172e-11	-3.9125023e-11	-3.854557e-11	-3.8074773e-11	-3.8381444e-11	-3.8346007e-11	-3.8292678e-11	-3.8276333e-11	-3.8227109e-11	-3.8737378e-11	-4.0146879e-11	-4.232116e-11	-4.3787002e-11	-4.4546287e-11	-6.004898e-11	-6.7345456e-11	-6.82326e-11	-6.8996517e-11	-6.9871831e-11	-7.035212e-11	-7.0408429e-11	-7.1222167e-11	-7.2038958e-11	-7.3451398e-11	-7.3856851e-11	-7.3220909e-11	-7.6075014e-11	-7.9556695e-11	-7.8104072e-11	-7.5894652e-11	-7.6200532e-11	-8.3248339e-11	-9.2748288e-11	-9.7741489e-11	-9.890367e-11	-1.0207134e-10
	51.6666666666667	-5.4315732e-11	-3.8906288e-11	-3.8175251e-11	-3.8061061e-11	-3.844897e-11	-3.8739525e-11	-3.8004985e-11	-3.8114692e-11	-3.8093226e-11	-3.8313391e-11	-3.8281794e-11	-3.7955611e-11	-3.7676619e-11	-3.7409714e-11	-3.7641969e-11	-3.7941074e-11	-3.8057561e-11	-3.7419168e-11	-3.7757027e-11	-3.8187491e-11	-3.7972823e-11	-3.8314369e-11	-3.7891398e-11	-3.7481837e-11	-3.8565758e-11	-4.1270532e-11	-4.3026815e-11	-4.3907895e-11	-4.9859724e-11	-6.460129e-11	-6.5614784e-11	-6.5748594e-11	-6.6773836e-11	-6.7312017e-11	-6.7551124e-11	-6.8419964e-11	-6.9337536e-11	-7.0415056e-11	-7.1144812e-11	-7.1369646e-11	-7.2561845e-11	-7.9186262e-11	-7.8342353e-11	-7.574201e-11	-7.4091823e-11	-7.4498185e-11	-8.158986e-11	-9.2653565e-11	-9.7549913e-11	-9.9149564e-11	-1.0210629e-10
	53.3333333333333	-5.5361767e-11	-3.829893e-11	-3.8156457e-11	-3.8124708e-11	-3.8206358e-11	-3.79645e-11	-3.7932678e-11	-3.8067802e-11	-3.8331734e-11	-3.826078e-11	-3.8115632e-11	-3.8296744e-11	-3.8020465e-11	-3.8325856e-11	-3.8514802e-11	-3.7833965e-11	-3.7787794e-11	-3.8091155e-11	-3.8328493e-11	-3.8320434e-11	-3.8412815e-11	-3.7929437e-11	-3.7736574e-11	-3.9914624e-11	-3.8010522e-11	-3.9228214e-11	-4.1571933e-11	-4.3811104e-11	-6.2926581e-11	-6.4214432e-11	-6.4745605e-11	-6.5094798e-11	-6.5181305e-11	-6.593686e-11	-6.6778964e-11	-6.7718907e-11	-6.8645742e-11	-6.8782903e-11	-6.9781445e-11	-7.0667042e-11	-7.1891666e-11	-7.6177786e-11	-7.6480884e-11	-7.3779878e-11	-7.2686725e-11	-7.3980419e-11	-8.2614318e-11	-9.2974323e-11	-9.8401384e-11	-9.9229368e-11	-1.0201454e-10
	55	-5.8378448e-11	-4.0070728e-11	-3.8865841e-11	-3.8181878e-11	-3.804777e-11	-3.843775e-11	-3.888825e-11	-3.8987862e-11	-3.9003717e-11	-3.8490475e-11	-3.8607562e-11	-3.8556682e-11	-3.8457671e-11	-3.8731279e-11	-3.8486669e-11	-3.8240591e-11	-3.8699943e-11	-3.888934e-11	-3.8813303e-11	-3.8891449e-11	-3.8668912e-11	-3.8834318e-11	-3.8750333e-11	-3.9863481e-11	-3.8957129e-11	-4.0551961e-11	-5.323042e-11	-6.2773717e-11	-6.3549457e-11	-6.40447e-11	-6.4088915e-11	-6.4538735e-11	-6.4096783e-11	-6.5017818e-11	-6.6014971e-11	-6.7241851e-11	-6.8706714e-11	-6.8652556e-11	-7.0148304e-11	-7.1858151e-11	-7.3038971e-11	-7.7236925e-11	-7.5456391e-11	-7.3224149e-11	-7.2621575e-11	-7.4561718e-11	-8.3730321e-11	-9.414592e-11	-9.90176e-11	-9.9635536e-11	-1.0291321e-10
	56.6666666666667	-5.7484982e-11	-3.9229796e-11	-3.788447e-11	-3.7650331e-11	-3.7572861e-11	-3.7459317e-11	-3.7903413e-11	-3.8286877e-11	-3.7931509e-11	-3.747291e-11	-3.8107083e-11	-3.8367472e-11	-3.7753599e-11	-3.7642951e-11	-3.7550529e-11	-3.805338e-11	-3.7803951e-11	-3.8153331e-11	-3.8381107e-11	-3.8346007e-11	-3.8015341e-11	-3.7739853e-11	-3.782696e-11	-3.8181916e-11	-4.1303863e-11	-4.6722376e-11	-6.1401238e-11	-6.163918e-11	-6.2214449e-11	-6.2389725e-11	-6.2193813e-11	-6.2621304e-11	-6.3413164e-11	-6.3812101e-11	-6.5197271e-11	-6.6015124e-11	-6.7243738e-11	-6.872046e-11	-6.9931484e-11	-7.1668976e-11	-7.2784535e-11	-7.4104473e-11	-7.4583562e-11	-7.15073e-11	-7.2262064e-11	-7.4451181e-11	-8.4085239e-11	-9.4110331e-11	-9.9898111e-11	-1.0075046e-10	-1.0299893e-10
	58.3333333333333	-5.4755051e-11	-3.9698488e-11	-3.8664089e-11	-3.9302332e-11	-3.905053e-11	-3.8720884e-11	-3.8029541e-11	-3.8394135e-11	-3.8688646e-11	-3.9086043e-11	-3.8968655e-11	-3.8630609e-11	-3.8933669e-11	-3.8945416e-11	-3.9187351e-11	-3.9229116e-11	-3.9231115e-11	-3.882351e-11	-3.8642211e-11	-3.8819857e-11	-3.909497e-11	-3.9155075e-11	-3.870243e-11	-3.8434811e-11	-3.8938564e-11	-4.917727e-11	-6.1770429e-11	-6.2427799e-11	-6.2445348e-11	-6.2602132e-11	-6.3395914e-11	-6.3381411e-11	-6.405091e-11	-6.5142856e-11	-6.6244399e-11	-6.6886975e-11	-6.8378012e-11	-6.9709322e-11	-7.1668754e-11	-7.2695239e-11	-7.4078681e-11	-7.3586449e-11	-7.1704531e-11	-7.1641068e-11	-7.1435406e-11	-7.5430329e-11	-8.3630901e-11	-9.5014871e-11	-9.9933777e-11	-1.0031502e-10	-1.0272397e-10
	60	-5.702646e-11	-3.9716112e-11	-3.8877401e-11	-3.9161743e-11	-3.9052976e-11	-3.8623906e-11	-3.8745663e-11	-3.9011138e-11	-3.9451695e-11	-3.9319957e-11	-3.8726494e-11	-3.8711128e-11	-3.9200383e-11	-3.9494102e-11	-3.9202152e-11	-3.9436704e-11	-3.9005299e-11	-3.8817671e-11	-3.872612e-11	-3.928418e-11	-3.9068155e-11	-3.8933367e-11	-3.8690679e-11	-3.887262e-11	-4.2061226e-11	-5.6978065e-11	-6.3715727e-11	-6.3988134e-11	-6.3933407e-11	-6.4175082e-11	-6.4319473e-11	-6.5301146e-11	-6.6337345e-11	-6.6078164e-11	-6.7229271e-11	-6.8573959e-11	-6.9535253e-11	-7.0750614e-11	-7.1583635e-11	-7.3207843e-11	-7.3633676e-11	-7.1423353e-11	-7.0923066e-11	-7.1230452e-11	-7.1681855e-11	-7.5524295e-11	-8.5103667e-11	-9.5032954e-11	-9.9934679e-11	-9.9923535e-11	-1.0260214e-10
	61.6666666666667	-5.7468072e-11	-3.9014902e-11	-3.8664016e-11	-3.8273846e-11	-3.7877767e-11	-3.8251062e-11	-3.8191898e-11	-3.8385475e-11	-3.8532164e-11	-3.8146441e-11	-3.8341448e-11	-3.8331959e-11	-3.855043e-11	-3.8747925e-11	-3.8784267e-11	-3.8135745e-11	-3.8757528e-11	-3.8525082e-11	-3.9153382e-11	-3.9305722e-11	-3.8597996e-11	-3.8840042e-11	-3.8648723e-11	-3.8881318e-11	-4.8765068e-11	-6.7479383e-11	-6.8492233e-11	-6.802181e-11	-6.828909e-11	-6.8320384e-11	-6.8224579e-11	-6.8040074e-11	-6.9167193e-11	-6.939542e-11	-6.9830329e-11	-6.9838725e-11	-7.0287422e-11	-7.1516223e-11	-7.2258109e-11	-7.3740444e-11	-7.4492079e-11	-7.5988618e-11	-7.7776084e-11	-7.3390308e-11	-7.2224025e-11	-7.5939505e-11	-8.5377087e-11	-9.5077203e-11	-9.9236667e-11	-9.9169596e-11	-1.0211175e-10
	63.3333333333333	-5.4830824e-11	-3.9065518e-11	-3.7546237e-11	-3.7842479e-11	-3.7943183e-11	-3.7891325e-11	-3.8046413e-11	-3.8083359e-11	-3.7922582e-11	-3.7592408e-11	-3.7813894e-11	-3.7426024e-11	-3.7457659e-11	-3.7629733e-11	-3.8102754e-11	-3.8219164e-11	-3.7912451e-11	-3.810505e-11	-3.7870273e-11	-3.7973236e-11	-3.845492e-11	-3.8322658e-11	-3.8535026e-11	-3.8220857e-11	-6.1999593e-11	-6.9660215e-11	-7.0863523e-11	-7.1471787e-11	-7.1241187e-11	-7.1128617e-11	-7.1477997e-11	-7.1357711e-11	-7.1165865e-11	-7.1654252e-11	-7.138648e-11	-7.1031903e-11	-7.1597797e-11	-7.1374281e-11	-7.2594951e-11	-7.3460023e-11	-7.4527821e-11	-7.5599541e-11	-7.7751264e-11	-7.3510295e-11	-7.318867e-11	-7.6584787e-11	-8.5257704e-11	-9.4930702e-11	-9.9237799e-11	-9.901481e-11	-1.0160393e-10
	65	-5.735731e-11	-3.8964814e-11	-3.8277426e-11	-3.8394701e-11	-3.8545157e-11	-3.8090701e-11	-3.7957797e-11	-3.8122526e-11	-3.8262248e-11	-3.8676104e-11	-3.8464787e-11	-3.8115823e-11	-3.7954972e-11	-3.8151864e-11	-3.8235696e-11	-3.8390822e-11	-3.81403e-11	-3.7568719e-11	-3.7437057e-11	-3.8242288e-11	-3.8469422e-11	-3.8066335e-11	-3.7958286e-11	-3.820327e-11	-3.8032778e-11	-6.1859157e-11	-7.1617871e-11	-7.1630035e-11	-7.150161e-11	-7.1415672e-11	-7.2444606e-11	-7.2021486e-11	-7.2140904e-11	-7.2900262e-11	-7.303784e-11	-7.3236091e-11	-7.3363232e-11	-7.3488944e-11	-7.3122501e-11	-7.3792493e-11	-7.4098942e-11	-7.4481421e-11	-7.6883257e-11	-7.3662222e-11	-7.4070132e-11	-7.6611641e-11	-8.5352191e-11	-9.5074754e-11	-9.8672959e-11	-9.8575682e-11	-1.0049839e-10
	66.6666666666667	-5.6674554e-11	-3.8432323e-11	-3.8148738e-11	-3.7731832e-11	-3.7952412e-11	-3.8249518e-11	-3.7552374e-11	-3.7687051e-11	-3.7703396e-11	-3.8428483e-11	-3.8031273e-11	-3.7573843e-11	-3.7689837e-11	-3.7999336e-11	-3.8161127e-11	-3.772746e-11	-3.7298917e-11	-3.6961361e-11	-3.7506692e-11	-3.7711077e-11	-3.7465493e-11	-3.7472837e-11	-3.7519574e-11	-3.7506092e-11	-4.7082525e-11	-7.0654919e-11	-7.1522739e-11	-7.1361438e-11	-7.1639673e-11	-7.1394314e-11	-7.203798e-11	-7.2469801e-11	-7.2187416e-11	-7.3017016e-11	-7.2971969e-11	-7.2985187e-11	-7.3385867e-11	-7.325774e-11	-7.3251981e-11	-7.3128413e-11	-7.371969e-11	-7.4405614e-11	-7.6034415e-11	-7.5329624e-11	-7.4016536e-11	-7.7525264e-11	-8.539023e-11	-9.4203464e-11	-9.787101e-11	-9.7395918e-11	-9.9939654e-11
	68.3333333333333	-4.9707571e-11	-3.8623302e-11	-3.7657714e-11	-3.7404142e-11	-3.7613499e-11	-3.737631e-11	-3.7801238e-11	-3.7820597e-11	-3.7815813e-11	-3.7406175e-11	-3.7452274e-11	-3.8127196e-11	-3.8659683e-11	-3.8432816e-11	-3.7665357e-11	-3.772185e-11	-3.7670141e-11	-3.8115219e-11	-3.8447353e-11	-3.8709057e-11	-3.7625174e-11	-3.7743017e-11	-3.8291172e-11	-4.8243048e-11	-7.0872412e-11	-5.9701293e-11	-7.1264383e-11	-7.2005249e-11	-7.1816761e-11	-7.2003785e-11	-7.2266658e-11	-7.239169e-11	-7.2725478e-11	-7.3014719e-11	-7.3763606e-11	-7.3948368e-11	-7.366132e-11	-7.3728017e-11	-7.3965278e-11	-7.4133547e-11	-7.3828534e-11	-7.5029878e-11	-7.675445e-11	-7.4051071e-11	-7.541489e-11	-7.8229562e-11	-8.5963472e-11	-9.3986506e-11	-9.706401e-11	-9.6843013e-11	-1.00218e-10
	70	-5.3435069e-11	-3.9501069e-11	-3.8689964e-11	-3.9015655e-11	-3.8885197e-11	-3.8943685e-11	-3.8771802e-11	-3.8422383e-11	-3.8692261e-11	-3.8370258e-11	-3.8873033e-11	-3.8826786e-11	-3.9134741e-11	-3.8339453e-11	-3.8095672e-11	-3.8224059e-11	-3.8601386e-11	-3.9131351e-11	-3.8206736e-11	-3.8179696e-11	-3.8107687e-11	-3.8589673e-11	-3.8673394e-11	-3.8650833e-11	-6.6705558e-11	-7.0061984e-11	-7.0896927e-11	-7.0915378e-11	-7.1019662e-11	-7.0716495e-11	-7.0933343e-11	-7.1236551e-11	-7.1332135e-11	-7.2792779e-11	-7.3121412e-11	-7.2659878e-11	-7.3029631e-11	-7.3062771e-11	-7.3258385e-11	-7.32997e-11	-7.3932853e-11	-7.4113139e-11	-7.6398818e-11	-7.6033735e-11	-7.6346131e-11	-7.8438013e-11	-8.5699392e-11	-9.3272529e-11	-9.666868e-11	-9.721951e-11	-9.9794881e-11
	71.6666666666667	-5.6506098e-11	-3.844558e-11	-3.7832421e-11	-3.830631e-11	-3.8613061e-11	-3.8708568e-11	-3.8818049e-11	-3.8383477e-11	-3.866537e-11	-3.8700321e-11	-3.9146037e-11	-3.8845541e-11	-3.8240931e-11	-3.8225565e-11	-3.867151e-11	-3.9133724e-11	-3.8779636e-11	-3.895476e-11	-3.8617352e-11	-3.8851755e-11	-3.8624999e-11	-3.8849569e-11	-6.3141471e-11	-6.878878e-11	-6.8496264e-11	-6.8452542e-11	-6.9118239e-11	-6.9640065e-11	-6.934793e-11	-6.9428338e-11	-6.9851118e-11	-6.9775005e-11	-7.0677963e-11	-7.0845031e-11	-7.0916245e-11	-7.199373e-11	-7.2180303e-11	-7.2508062e-11	-7.3011173e-11	-7.2812478e-11	-7.2412708e-11	-7.2449463e-11	-7.1809864e-11	-7.5890738e-11	-7.6855834e-11	-7.6772456e-11	-8.3453702e-11	-9.2736083e-11	-9.6546583e-11	-9.669885e-11	-1.0011576e-10
	73.3333333333333	-5.6263636e-11	-3.9252657e-11	-3.843063e-11	-3.8741822e-11	-3.8811232e-11	-3.8626505e-11	-3.813842e-11	-3.8496199e-11	-3.8510244e-11	-3.9027028e-11	-3.8754288e-11	-3.8679872e-11	-3.8651474e-11	-3.8671549e-11	-3.8399145e-11	-3.9029138e-11	-3.8607072e-11	-3.8100079e-11	-3.8299079e-11	-3.8843619e-11	-3.8525912e-11	-3.8592685e-11	-3.8464752e-11	-3.866537e-11	-3.8689926e-11	-4.2168106e-11	-6.5885644e-11	-6.6693394e-11	-6.7033171e-11	-6.7403645e-11	-6.7922799e-11	-6.8389079e-11	-6.8630109e-11	-6.8601944e-11	-6.9164632e-11	-7.0017318e-11	-7.0721311e-11	-7.1418038e-11	-7.1636252e-11	-7.178471e-11	-7.2374141e-11	-7.2801369e-11	-7.4616362e-11	-7.7076567e-11	-7.6787708e-11	-7.7252711e-11	-8.4131528e-11	-9.2210559e-11	-9.608659e-11	-9.5382972e-11	-9.8173539e-11
	75	-5.5287126e-11	-4.0602653e-11	-4.0215761e-11	-3.9778968e-11	-3.9395692e-11	-3.9872255e-11	-3.9717393e-11	-4.0039434e-11	-3.9648174e-11	-3.9598835e-11	-3.9338297e-11	-3.8966056e-11	-3.9296153e-11	-3.9390834e-11	-3.9963997e-11	-3.9223583e-11	-3.9127698e-11	-3.8954607e-11	-3.9346131e-11	-3.9606558e-11	-3.9145548e-11	-3.8733388e-11	-3.8750975e-11	-3.9337356e-11	-3.9827627e-11	-6.0680821e-11	-6.5331761e-11	-6.5592601e-11	-6.5994897e-11	-6.6424838e-11	-6.6392898e-11	-6.6701797e-11	-6.6630874e-11	-6.7247763e-11	-6.8305965e-11	-6.9075343e-11	-6.9282212e-11	-6.9712416e-11	-7.0718827e-11	-7.1068811e-11	-7.1837099e-11	-7.3314764e-11	-7.4813516e-11	-7.6190929e-11	-7.551499e-11	-7.6484728e-11	-8.2974919e-11	-9.1345112e-11	-9.5226681e-11	-9.6034021e-11	-9.9782869e-11
	76.6666666666667	-5.806387e-11	-4.1327212e-11	-3.9537824e-11	-3.9678941e-11	-3.9687226e-11	-3.9560195e-11	-3.9661167e-11	-3.9550217e-11	-3.9285759e-11	-3.8975434e-11	-3.9527357e-11	-3.9650356e-11	-3.9763717e-11	-3.9602301e-11	-3.9005525e-11	-3.918257e-11	-3.9250245e-11	-3.9595108e-11	-3.979584e-11	-3.9465441e-11	-3.9254201e-11	-3.8661227e-11	-3.9319957e-11	-3.9567388e-11	-3.9845703e-11	-6.0593329e-11	-6.3058246e-11	-6.4102279e-11	-6.445456e-11	-6.455847e-11	-6.5257834e-11	-6.4975074e-11	-6.536667e-11	-6.6019301e-11	-6.6693394e-11	-6.7760554e-11	-6.798935e-11	-6.8445236e-11	-6.9326912e-11	-6.9826374e-11	-7.1253087e-11	-7.1957308e-11	-7.6180652e-11	-7.6121186e-11	-7.5318744e-11	-7.593412e-11	-8.2998344e-11	-9.13482e-11	-9.6043846e-11	-9.7852067e-11	-1.0147204e-10
	78.3333333333333	-5.3872087e-11	-4.0581826e-11	-4.0134413e-11	-4.0144506e-11	-4.0046286e-11	-4.0679557e-11	-4.0805984e-11	-4.0471706e-11	-4.0205856e-11	-3.9776633e-11	-3.9972886e-11	-4.0212861e-11	-4.0016497e-11	-4.027775e-11	-3.9752607e-11	-3.9670843e-11	-3.979023e-11	-4.0017926e-11	-3.997443e-11	-3.9381796e-11	-3.9857981e-11	-3.9997065e-11	-3.9923436e-11	-4.047758e-11	-4.3957418e-11	-6.1296877e-11	-6.2234183e-11	-6.2327359e-11	-6.2709768e-11	-6.2725283e-11	-6.2606989e-11	-6.3333207e-11	-6.3501704e-11	-6.4449626e-11	-6.5492348e-11	-6.6283194e-11	-6.685888e-11	-6.7910372e-11	-6.9260785e-11	-7.0529166e-11	-7.1399775e-11	-7.2668538e-11	-7.5001561e-11	-7.531166e-11	-7.3954849e-11	-7.4120668e-11	-8.1906593e-11	-9.0885986e-11	-9.5956701e-11	-9.7394863e-11	-1.0101521e-10
	80	-5.9169898e-11	-4.1110473e-11	-3.9671034e-11	-3.9983319e-11	-4.0214443e-11	-4.0146088e-11	-3.9845592e-11	-3.9435687e-11	-3.9679281e-11	-4.0242351e-11	-4.0268261e-11	-3.9864799e-11	-4.0075322e-11	-3.9805031e-11	-4.0155278e-11	-3.996509e-11	-4.0380338e-11	-4.0239187e-11	-4.0229656e-11	-3.9733963e-11	-3.9745075e-11	-4.0025535e-11	-4.0396193e-11	-3.9735808e-11	-4.0737743e-11	-4.3692511e-11	-6.025698e-11	-6.1039125e-11	-6.110356e-11	-6.2071563e-11	-6.2144775e-11	-6.204226e-11	-6.2847193e-11	-6.376058e-11	-6.481219e-11	-6.548715e-11	-6.6058582e-11	-6.6978187e-11	-6.8437818e-11	-7.0267688e-11	-7.145947e-11	-7.2962705e-11	-7.3995109e-11	-7.4241412e-11	-7.3010951e-11	-7.4137092e-11	-8.1754513e-11	-9.1337278e-11	-9.7018289e-11	-9.8001766e-11	-1.0159598e-10
	81.6666666666667	-5.8946154e-11	-4.1219087e-11	-4.0286524e-11	-4.0075963e-11	-3.9116963e-11	-3.9754339e-11	-3.9844763e-11	-3.9392642e-11	-3.8876385e-11	-3.9261618e-11	-3.9642411e-11	-4.0156482e-11	-3.9878205e-11	-3.9575562e-11	-3.9558426e-11	-4.0130309e-11	-4.0496072e-11	-3.9990698e-11	-4.0518745e-11	-3.9898918e-11	-3.9701954e-11	-3.9424353e-11	-3.9910179e-11	-3.9788534e-11	-4.00322e-11	-4.3272403e-11	-5.3475745e-11	-6.0473682e-11	-6.088046e-11	-6.1062287e-11	-6.1036828e-11	-6.159722e-11	-6.1844238e-11	-6.2871333e-11	-6.4309377e-11	-6.4927883e-11	-6.5447418e-11	-6.709535e-11	-6.8380718e-11	-6.9582555e-11	-7.1374691e-11	-7.3123334e-11	-7.3682713e-11	-7.2432553e-11	-7.2594229e-11	-7.4090845e-11	-8.1640361e-11	-9.1808415e-11	-9.6944848e-11	-9.7788569e-11	-1.0087003e-10
	83.3333333333333	-5.8602123e-11	-4.1273169e-11	-4.0252895e-11	-3.9639285e-11	-3.9950779e-11	-4.0451444e-11	-4.0330628e-11	-4.0113437e-11	-4.0189699e-11	-4.015396e-11	-4.0032502e-11	-4.0340269e-11	-3.9759647e-11	-4.0175689e-11	-3.9659019e-11	-3.9840544e-11	-4.0015404e-11	-3.9513118e-11	-3.9059304e-11	-3.9653784e-11	-3.9469133e-11	-3.9366128e-11	-4.0014124e-11	-4.0298955e-11	-4.04035e-11	-4.2117226e-11	-5.5657822e-11	-6.1365267e-11	-6.1979824e-11	-6.179502e-11	-6.1891353e-11	-6.2344456e-11	-6.3028416e-11	-6.3721452e-11	-6.4233528e-11	-6.4867361e-11	-6.6064459e-11	-6.7483595e-11	-6.9027471e-11	-7.0253185e-11	-7.1665285e-11	-7.3651453e-11	-7.209703e-11	-7.1828168e-11	-7.1358239e-11	-7.3493087e-11	-8.154602e-11	-9.1821523e-11	-9.6867382e-11	-9.7599206e-11	-1.006354e-10
	85	-5.8567623e-11	-3.9819002e-11	-3.9808306e-11	-3.9586598e-11	-4.009084e-11	-4.0342566e-11	-3.9539746e-11	-3.9527808e-11	-4.0027381e-11	-3.9860618e-11	-3.9388989e-11	-3.953338e-11	-3.9670128e-11	-3.9380967e-11	-3.9886604e-11	-3.9545922e-11	-3.9905471e-11	-3.9675364e-11	-3.9679017e-11	-3.9523326e-11	-3.9917184e-11	-4.0453703e-11	-4.0382937e-11	-4.0165711e-11	-4.0100253e-11	-5.8370357e-11	-6.1115273e-11	-6.1695593e-11	-6.165899e-11	-6.202882e-11	-6.2084858e-11	-6.2652411e-11	-6.3322098e-11	-6.3928474e-11	-6.3780578e-11	-6.4980313e-11	-6.6614644e-11	-6.7629985e-11	-6.8877133e-11	-7.024166e-11	-7.166303e-11	-7.435319e-11	-7.6825032e-11	-7.3372648e-11	-7.1556636e-11	-7.3678792e-11	-8.2264633e-11	-9.2309424e-11	-9.7449618e-11	-9.7585162e-11	-9.9858455e-11
	86.6666666666667	-5.4791015e-11	-3.9808042e-11	-4.0076113e-11	-3.9735621e-11	-3.9879072e-11	-3.9582303e-11	-3.9805971e-11	-3.9533907e-11	-3.941102e-11	-3.9472786e-11	-3.9645762e-11	-3.9040701e-11	-3.9321726e-11	-3.9277928e-11	-3.978488e-11	-4.0251087e-11	-3.9370385e-11	-3.8889756e-11	-3.9312161e-11	-3.9734681e-11	-3.9988551e-11	-3.9834781e-11	-3.9606669e-11	-3.9563772e-11	-3.949523e-11	-5.7921286e-11	-6.387884e-11	-6.3589488e-11	-6.4109176e-11	-6.3993331e-11	-6.4184796e-11	-6.4567247e-11	-6.5122553e-11	-6.5075591e-11	-6.5023729e-11	-6.5583448e-11	-6.6952652e-11	-6.8215766e-11	-6.9440197e-11	-7.006349e-11	-7.1638168e-11	-7.380601e-11	-7.5765026e-11	-7.656125e-11	-7.1639715e-11	-7.4156903e-11	-8.1804563e-11	-9.242327e-11	-9.7312949e-11	-9.7196841e-11	-9.9698472e-11
	88.3333333333333	-5.7322928e-11	-4.0774349e-11	-3.996347e-11	-3.9770232e-11	-4.0228453e-11	-3.9483479e-11	-3.9500767e-11	-3.9526715e-11	-3.9585543e-11	-4.021079e-11	-3.9933945e-11	-3.9609229e-11	-3.9462541e-11	-3.9543587e-11	-4.0147972e-11	-4.0391978e-11	-4.0319404e-11	-3.9387747e-11	-3.9877979e-11	-4.0158064e-11	-3.9919519e-11	-3.9947236e-11	-3.9506641e-11	-3.9414184e-11	-3.945113e-11	-5.6951249e-11	-6.4841153e-11	-6.578893e-11	-6.5580548e-11	-6.572607e-11	-6.6092513e-11	-6.6250692e-11	-6.6728303e-11	-6.6770298e-11	-6.695898e-11	-6.7435016e-11	-6.7537642e-11	-6.8705659e-11	-6.9654414e-11	-6.9902299e-11	-7.1190907e-11	-7.3219257e-11	-7.6364776e-11	-7.7794424e-11	-7.3007149e-11	-7.4922513e-11	-8.2803257e-11	-9.248477e-11	-9.7531684e-11	-9.7246211e-11	-9.933037e-11
	90	-5.5991798e-11	-4.005668e-11	-3.9008539e-11	-3.8904931e-11	-3.8984659e-11	-3.858297e-11	-3.9353135e-11	-3.9191532e-11	-3.9009854e-11	-3.9875117e-11	-3.9710839e-11	-3.9216089e-11	-3.9650016e-11	-3.9654387e-11	-3.9996575e-11	-3.9720293e-11	-3.9447515e-11	-3.9338751e-11	-4.0339666e-11	-3.9593565e-11	-3.9475156e-11	-4.0111966e-11	-3.9693818e-11	-3.945335e-11	-5.5275375e-11	-6.6344916e-11	-6.6295205e-11	-6.6227225e-11	-6.6921732e-11	-6.7132785e-11	-6.7085261e-11	-6.7852675e-11	-6.773325e-11	-6.8324867e-11	-6.8696319e-11	-6.9402539e-11	-6.9666953e-11	-6.9802497e-11	-6.9663192e-11	-7.0793059e-11	-7.2339947e-11	-7.4112307e-11	-7.5812592e-11	-7.427018e-11	-7.3025114e-11	-7.6071927e-11	-8.4216564e-11	-9.3158412e-11	-9.6439287e-11	-9.6095028e-11	-9.8838181e-11
	91.6666666666667	-5.7989828e-11	-4.1157286e-11	-3.9956614e-11	-4.0151587e-11	-4.0472608e-11	-4.0823043e-11	-4.054582e-11	-4.068999e-11	-4.0630749e-11	-4.06956e-11	-4.0577909e-11	-4.071251e-11	-4.1127532e-11	-4.0334205e-11	-4.0424063e-11	-4.047419e-11	-4.0462932e-11	-4.016959e-11	-4.0245626e-11	-3.9831392e-11	-4.0180886e-11	-4.0005575e-11	-4.0382937e-11	-4.0361547e-11	-6.3364237e-11	-6.6651101e-11	-6.7382516e-11	-6.7703766e-11	-6.760411e-11	-6.8215801e-11	-6.8581793e-11	-6.8801506e-11	-6.9272005e-11	-7.0060097e-11	-7.0074675e-11	-6.9973818e-11	-6.976171e-11	-7.0362105e-11	-7.0367906e-11	-7.0825144e-11	-7.22441e-11	-7.3463749e-11	-7.5240446e-11	-7.3597371e-11	-7.3627347e-11	-7.5356103e-11	-8.3433177e-11	-9.1671407e-11	-9.5709794e-11	-9.5036645e-11	-9.8083715e-11
	93.3333333333333	-5.7215142e-11	-4.067869e-11	-3.9320259e-11	-3.8941239e-11	-3.9421227e-11	-3.986653e-11	-3.9828002e-11	-3.9143175e-11	-3.9592472e-11	-3.9768914e-11	-3.9796784e-11	-3.9608965e-11	-3.9435614e-11	-3.9436142e-11	-3.972982e-11	-3.9891764e-11	-3.9892555e-11	-3.9887205e-11	-3.9762173e-11	-3.9651334e-11	-3.9344247e-11	-3.9678375e-11	-3.9696038e-11	-5.7970694e-11	-6.5030925e-11	-6.6027094e-11	-6.6074361e-11	-6.6276373e-11	-6.6544749e-11	-6.6783634e-11	-6.7273111e-11	-6.7408426e-11	-6.785407e-11	-6.8372433e-11	-6.8887222e-11	-6.8713195e-11	-6.9296034e-11	-6.9887651e-11	-7.0036484e-11	-7.0031779e-11	-7.0693743e-11	-7.2253738e-11	-7.0041646e-11	-7.2088523e-11	-7.4020193e-11	-7.611934e-11	-8.3586305e-11	-9.1842277e-11	-9.4875302e-11	-9.4560942e-11	-9.7468603e-11
	95	-5.6605033e-11	-4.0013784e-11	-3.9013771e-11	-3.9368314e-11	-4.004512e-11	-3.9662409e-11	-3.9252015e-11	-3.9299508e-11	-3.9381116e-11	-3.9418253e-11	-4.0092044e-11	-3.9296153e-11	-3.9204487e-11	-3.9494401e-11	-4.0060223e-11	-3.9579742e-11	-3.9484385e-11	-3.9189763e-11	-3.9869844e-11	-3.9454971e-11	-3.9851428e-11	-3.9703723e-11	-3.9791247e-11	-5.5416151e-11	-6.4212628e-11	-6.4525593e-11	-6.5254295e-11	-6.5659679e-11	-6.6102832e-11	-6.6219391e-11	-6.5915544e-11	-6.6434212e-11	-6.7817391e-11	-6.8484475e-11	-6.5378161e-11	-6.4438406e-11	-6.4469929e-11	-6.5395071e-11	-6.5184996e-11	-6.5677228e-11	-6.6614762e-11	-6.915047e-11	-7.2317798e-11	-7.2698327e-11	-7.2750563e-11	-7.4487673e-11	-8.1084264e-11	-9.0899843e-11	-9.4670577e-11	-9.3991662e-11	-9.6960405e-11
	96.6666666666667	-4.6494825e-11	-3.6082016e-11	-3.5103507e-11	-3.5423851e-11	-3.5543575e-11	-3.502679e-11	-3.4725091e-11	-3.556945e-11	-3.5726758e-11	-3.5449876e-11	-3.8312714e-11	-3.9584263e-11	-3.9784918e-11	-3.9671787e-11	-4.0681965e-11	-4.027632e-11	-3.9649527e-11	-3.9813767e-11	-4.0243555e-11	-4.008489e-11	-4.0639072e-11	-4.0356763e-11	-3.9603279e-11	-3.9864157e-11	-5.6799062e-11	-6.4138174e-11	-6.4305464e-11	-6.4247919e-11	-6.4213718e-11	-6.4666897e-11	-6.5191963e-11	-6.594722e-11	-6.6247868e-11	-6.6492853e-11	-6.6253739e-11	-6.7845743e-11	-6.8046555e-11	-6.8007162e-11	-6.8338502e-11	-6.8394394e-11	-6.9268882e-11	-7.1169327e-11	-7.4127336e-11	-7.42564e-11	-7.4936064e-11	-7.4930534e-11	-8.1834428e-11	-8.9861341e-11	-9.3983939e-11	-9.4096959e-11	-9.7380999e-11
	98.3333333333333	-5.7520873e-11	-4.0209773e-11	-4.00232e-11	-4.0225177e-11	-3.9669074e-11	-3.9485176e-11	-3.8024608e-11	-3.872868e-11	-3.9532214e-11	-4.0180134e-11	-3.9881782e-11	-3.9552701e-11	-3.9731666e-11	-3.9608778e-11	-3.9997818e-11	-3.9647719e-11	-3.9680183e-11	-3.8790065e-11	-3.9321237e-11	-3.9539708e-11	-3.9907168e-11	-3.960151e-11	-3.9698109e-11	-3.994912e-11	-5.7517935e-11	-6.1824698e-11	-6.2546093e-11	-6.2732666e-11	-6.2935018e-11	-6.3317844e-11	-6.3419485e-11	-6.3857634e-11	-6.4591048e-11	-6.4985545e-11	-6.5246683e-11	-6.5908543e-11	-6.6648048e-11	-6.7444543e-11	-6.8134005e-11	-6.8355148e-11	-6.878019e-11	-7.0724704e-11	-7.3546266e-11	-7.4820712e-11	-7.4381584e-11	-7.4831599e-11	-8.1122449e-11	-8.8920496e-11	-9.3595354e-11	-9.4563392e-11	-9.8240346e-11
	100	-5.6891557e-11	-4.0162207e-11	-4.0365537e-11	-3.992498e-11	-4.0059619e-11	-4.0025649e-11	-4.0091177e-11	-3.9764355e-11	-4.0101346e-11	-4.0241522e-11	-4.0386628e-11	-4.0153318e-11	-4.0426513e-11	-4.0632442e-11	-4.1055413e-11	-4.0050203e-11	-3.9785335e-11	-3.9960608e-11	-4.0357179e-11	-4.0579415e-11	-4.03707e-11	-4.0401807e-11	-3.9884193e-11	-3.9503328e-11	-5.2142544e-11	-6.0930171e-11	-6.1717624e-11	-6.1333896e-11	-6.1204646e-11	-6.1770727e-11	-6.2102032e-11	-6.2464367e-11	-6.2813858e-11	-6.2792924e-11	-6.4185213e-11	-6.4651569e-11	-6.5718729e-11	-6.66305e-11	-6.7236355e-11	-6.7390045e-11	-6.8330029e-11	-7.063157e-11	-7.3169616e-11	-7.4868202e-11	-7.338067e-11	-7.3867509e-11	-8.0080824e-11	-8.8895752e-11	-9.3768937e-11	-9.508775e-11	-9.8719734e-11
	101.666666666667	-5.5143449e-11	-4.0997265e-11	-4.0327124e-11	-4.0629129e-11	-3.9994164e-11	-3.9823332e-11	-3.9828568e-11	-4.0188759e-11	-4.0522998e-11	-4.0793029e-11	-4.0398868e-11	-4.0250522e-11	-4.0784629e-11	-4.075627e-11	-4.0659105e-11	-4.0736161e-11	-4.0188006e-11	-4.0376723e-11	-4.0429902e-11	-4.0526842e-11	-4.0169663e-11	-4.0365048e-11	-3.9725265e-11	-3.984996e-11	-4.7539996e-11	-5.9929894e-11	-6.0847848e-11	-6.0001712e-11	-6.0510215e-11	-6.1225171e-11	-6.0953562e-11	-6.1642344e-11	-6.1817988e-11	-6.2085309e-11	-6.2577617e-11	-6.3327857e-11	-6.5025992e-11	-6.5679413e-11	-6.5960362e-11	-6.7245619e-11	-6.7570935e-11	-6.9953821e-11	-7.3630477e-11	-7.3479452e-11	-7.2505467e-11	-7.3403263e-11	-8.0665433e-11	-8.890641e-11	-9.4144789e-11	-9.5083753e-11	-9.8986451e-11
	103.333333333333	-5.7948927e-11	-4.1162105e-11	-4.076094e-11	-4.0221371e-11	-3.9616161e-11	-4.047758e-11	-4.0370773e-11	-4.0908384e-11	-4.0547402e-11	-4.0425496e-11	-4.1032931e-11	-4.0652363e-11	-4.1055676e-11	-4.0654022e-11	-4.0859462e-11	-4.0741244e-11	-4.051701e-11	-4.0822328e-11	-4.0626832e-11	-4.05871e-11	-4.0517575e-11	-4.0965741e-11	-4.0863944e-11	-5.3371838e-11	-5.9206841e-11	-5.9976711e-11	-5.9743925e-11	-6.0576384e-11	-5.9903645e-11	-6.0533488e-11	-6.1327755e-11	-6.150247e-11	-6.1492748e-11	-6.1804131e-11	-6.299878e-11	-6.4243361e-11	-6.5037219e-11	-6.5967967e-11	-6.6683714e-11	-6.8170344e-11	-6.9666051e-11	-7.09953e-11	-7.3056255e-11	-7.2676788e-11	-7.1977348e-11	-7.3095051e-11	-8.0031599e-11	-8.8966744e-11	-9.4659995e-11	-9.5723054e-11	-9.9377222e-11
	105	-5.8634694e-11	-4.144381e-11	-4.0616174e-11	-4.0572563e-11	-4.0388397e-11	-4.0666262e-11	-4.0750885e-11	-4.0406289e-11	-4.0920625e-11	-4.0675976e-11	-4.0088391e-11	-4.0393786e-11	-4.0357707e-11	-4.0501533e-11	-4.0730211e-11	-4.0581712e-11	-4.0540887e-11	-4.0635717e-11	-4.0791485e-11	-4.0696276e-11	-4.0353412e-11	-4.0031672e-11	-3.9899108e-11	-4.0553127e-11	-5.5126539e-11	-5.8968413e-11	-5.9149789e-11	-5.8920202e-11	-5.9600928e-11	-5.9886325e-11	-6.0497031e-11	-6.0601732e-11	-6.058113e-11	-6.1798823e-11	-6.288553e-11	-6.4091024e-11	-6.4842957e-11	-6.5492951e-11	-6.7043683e-11	-6.7888868e-11	-6.929287e-11	-7.117449e-11	-7.3866871e-11	-7.2632081e-11	-7.1903532e-11	-7.2832664e-11	-7.9684252e-11	-8.9977074e-11	-9.5198738e-11	-9.5651723e-11	-9.9412097e-11
	106.666666666667	-5.6760045e-11	-4.1722879e-11	-4.0661103e-11	-4.1229558e-11	-4.1368867e-11	-4.1045396e-11	-4.1124108e-11	-4.0555764e-11	-4.0067526e-11	-4.0518443e-11	-4.0139309e-11	-4.0356048e-11	-4.0543863e-11	-4.0293567e-11	-4.0194972e-11	-4.0214894e-11	-4.0595083e-11	-4.0597116e-11	-4.0716916e-11	-4.0265246e-11	-3.9945467e-11	-4.0844623e-11	-4.1019559e-11	-4.0751038e-11	-5.4999394e-11	-5.9600061e-11	-5.9945299e-11	-6.0060276e-11	-6.0054364e-11	-6.0250166e-11	-6.0214465e-11	-6.1161826e-11	-6.1690431e-11	-6.2197504e-11	-6.3374708e-11	-6.3840766e-11	-6.5332253e-11	-6.6042574e-11	-6.7394153e-11	-6.8756688e-11	-6.9538493e-11	-7.1105684e-11	-7.4346633e-11	-7.3498513e-11	-7.0294465e-11	-7.2342694e-11	-7.9652125e-11	-9.0374208e-11	-9.4424572e-11	-9.5634625e-11	-9.894216e-11
	108.333333333333	-5.630495e-11	-4.1824225e-11	-4.0704752e-11	-4.101056e-11	-4.1258517e-11	-4.1188695e-11	-4.0975532e-11	-4.1024757e-11	-4.1080042e-11	-4.1190541e-11	-4.121227e-11	-4.0702341e-11	-4.1020916e-11	-4.066095e-11	-4.1171861e-11	-4.13274e-11	-4.0945105e-11	-4.1027959e-11	-4.0754237e-11	-4.0249769e-11	-4.0630107e-11	-4.1473713e-11	-5.4679313e-11	-6.1555795e-11	-6.1380109e-11	-6.2381662e-11	-6.2176597e-11	-6.2329544e-11	-6.2457213e-11	-6.265851e-11	-6.3005934e-11	-6.2778421e-11	-6.3413497e-11	-6.4183402e-11	-6.4392457e-11	-6.4775511e-11	-6.5720762e-11	-6.666187e-11	-6.757421e-11	-6.8960025e-11	-6.9900419e-11	-7.1222132e-11	-7.4400569e-11	-7.1647549e-11	-7.159795e-11	-7.3403193e-11	-8.0745126e-11	-9.0250793e-11	-9.5562731e-11	-9.6107872e-11	-9.9624656e-11
	110	-5.955867e-11	-3.9779232e-11	-3.6844385e-11	-3.6976013e-11	-3.6929012e-11	-3.7268109e-11	-3.6818399e-11	-3.6595334e-11	-3.6560085e-11	-3.7028849e-11	-3.7233047e-11	-3.7020227e-11	-3.6859377e-11	-3.704527e-11	-3.773375e-11	-3.7421729e-11	-3.7261104e-11	-3.6486644e-11	-3.6570327e-11	-3.640507e-11	-3.7343094e-11	-3.7809676e-11	-3.7481948e-11	-3.6768238e-11	-3.7500857e-11	-5.7862194e-11	-6.0249902e-11	-6.0683868e-11	-6.0131268e-11	-6.0377384e-11	-6.0927006e-11	-6.0738893e-11	-6.0920269e-11	-6.179366e-11	-6.1611008e-11	-6.1781275e-11	-6.2220999e-11	-6.3727065e-11	-6.4149019e-11	-6.5259041e-11	-6.607602e-11	-6.7730092e-11	-7.0233833e-11	-6.7919864e-11	-6.7104274e-11	-7.0152557e-11	-7.7890458e-11	-8.7342238e-11	-9.2768959e-11	-9.3926769e-11	-9.8300118e-11
	111.666666666667	-5.2605399e-11	-3.7206724e-11	-3.6242113e-11	-3.63914e-11	-3.6893686e-11	-3.7135354e-11	-3.6989835e-11	-3.6113425e-11	-3.6843896e-11	-3.679362e-11	-3.7066246e-11	-3.7425271e-11	-3.7064515e-11	-3.6853163e-11	-3.6782133e-11	-3.6758405e-11	-3.7660236e-11	-3.7669048e-11	-3.7377251e-11	-3.6545059e-11	-3.6744323e-11	-3.6915943e-11	-3.7012317e-11	-3.7262422e-11	-4.083521e-11	-5.9390631e-11	-6.0207908e-11	-6.1022444e-11	-6.1164081e-11	-6.1345422e-11	-6.1611757e-11	-6.1520698e-11	-6.2005207e-11	-6.2660391e-11	-6.301866e-11	-6.3339042e-11	-6.3623044e-11	-6.4096291e-11	-6.4028165e-11	-6.4958997e-11	-6.6161659e-11	-6.806173e-11	-6.9804267e-11	-6.8197614e-11	-6.7767333e-11	-7.0501487e-11	-7.8926851e-11	-8.8242372e-11	-9.3132162e-11	-9.3846972e-11	-9.7865431e-11
	113.333333333333	-5.5495841e-11	-3.696652e-11	-3.5935477e-11	-3.6825668e-11	-3.7292627e-11	-3.7135958e-11	-3.7402297e-11	-3.7208833e-11	-3.6978084e-11	-3.7167592e-11	-3.7512115e-11	-3.6923738e-11	-3.6114518e-11	-3.6315589e-11	-3.7005652e-11	-3.7157537e-11	-3.6767409e-11	-3.7631728e-11	-3.7137654e-11	-3.6847324e-11	-3.6860279e-11	-3.7574707e-11	-3.7258432e-11	-3.6936617e-11	-5.2682792e-11	-6.0082231e-11	-6.0905954e-11	-6.1912933e-11	-6.1459719e-11	-6.1610439e-11	-6.1969575e-11	-6.2500373e-11	-6.2937731e-11	-6.3052973e-11	-6.3236791e-11	-6.3227791e-11	-6.429119e-11	-6.4702563e-11	-6.5571999e-11	-6.5902027e-11	-6.6216643e-11	-6.2013526e-11	-6.2183453e-11	-6.6085436e-11	-6.8516637e-11	-7.1444517e-11	-7.911817e-11	-8.743669e-11	-9.2549662e-11	-9.3517999e-11	-9.8047598e-11
	115	-5.4880045e-11	-3.7217306e-11	-3.676108e-11	-3.7430278e-11	-3.7255119e-11	-3.6951681e-11	-3.6429363e-11	-3.6901857e-11	-3.7253121e-11	-3.7196215e-11	-3.7402938e-11	-3.7041956e-11	-3.6488302e-11	-3.7193578e-11	-3.7669125e-11	-3.73559e-11	-3.7335184e-11	-3.7061576e-11	-3.6659998e-11	-3.7444062e-11	-3.7999524e-11	-3.7940096e-11	-4.202767e-11	-5.9566956e-11	-6.0709479e-11	-6.0813535e-11	-6.1072758e-11	-6.1477948e-11	-6.1142917e-11	-6.1486233e-11	-6.1584383e-11	-6.2154719e-11	-6.2130315e-11	-6.2130766e-11	-6.2969213e-11	-6.4078819e-11	-6.4471734e-11	-6.4865252e-11	-6.4302598e-11	-6.5128465e-11	-6.5738311e-11	-6.7612811e-11	-7.0055392e-11	-6.8986684e-11	-7.0224791e-11	-7.2050747e-11	-7.8774515e-11	-8.7575926e-11	-9.2192483e-11	-9.2680419e-11	-9.7612918e-11
	116.666666666667	-5.5538397e-11	-3.736874e-11	-3.6753812e-11	-3.675946e-11	-3.6634917e-11	-3.6226595e-11	-3.6645686e-11	-3.6598873e-11	-3.6770309e-11	-3.7149703e-11	-3.6437461e-11	-3.6418028e-11	-3.2654112e-11	-3.1915165e-11	-3.1770697e-11	-3.1455363e-11	-3.1061202e-11	-3.1091067e-11	-3.1159197e-11	-3.1516449e-11	-3.1673872e-11	-5.2333412e-11	-5.3594941e-11	-5.3350557e-11	-5.3599195e-11	-5.3732931e-11	-5.4247343e-11	-5.4321572e-11	-5.4224292e-11	-5.4845663e-11	-5.5659703e-11	-5.5859647e-11	-5.6464031e-11	-5.6316663e-11	-5.6714664e-11	-5.6899766e-11	-5.808639e-11	-5.9195655e-11	-5.9463122e-11	-5.9655496e-11	-6.0967759e-11	-6.264695e-11	-6.49805e-11	-6.3812747e-11	-6.6389512e-11	-6.8710558e-11	-7.5547117e-11	-8.5170968e-11	-9.060707e-11	-9.1683799e-11	-9.6406487e-11
	118.333333333333	-5.1905771e-11	-3.2631665e-11	-3.2527384e-11	-3.2232234e-11	-3.166389e-11	-3.1562208e-11	-3.2133563e-11	-3.127542e-11	-3.159004e-11	-3.1766895e-11	-3.1774274e-11	-3.1747611e-11	-3.16338e-11	-3.1309764e-11	-3.2050935e-11	-3.1910231e-11	-3.2171637e-11	-3.16921e-11	-3.2122225e-11	-3.2042986e-11	-3.2213066e-11	-3.2591822e-11	-3.2204062e-11	-4.5210172e-11	-5.2378227e-11	-5.3009989e-11	-5.3301825e-11	-5.2959526e-11	-5.3030552e-11	-5.3823054e-11	-5.4053199e-11	-5.4422956e-11	-5.4772149e-11	-5.5045867e-11	-5.5272134e-11	-5.6514005e-11	-5.7308276e-11	-5.8263207e-11	-5.8629199e-11	-5.8867744e-11	-6.0306919e-11	-6.2125867e-11	-6.4246074e-11	-6.4544987e-11	-6.6442761e-11	-6.8680013e-11	-7.5381104e-11	-8.5147202e-11	-9.0396843e-11	-9.1783338e-11	-9.6299115e-11
	120	-4.9438183e-11	-3.2513901e-11	-3.1415894e-11	-3.1338841e-11	-3.120906e-11	-3.1247435e-11	-3.1328447e-11	-3.1939458e-11	-3.1309576e-11	-3.0975975e-11	-3.141868e-11	-3.1794952e-11	-3.1583108e-11	-3.1848205e-11	-3.1731416e-11	-3.1526278e-11	-3.1348445e-11	-3.1919307e-11	-3.1561791e-11	-3.1684041e-11	-3.1755369e-11	-3.2030219e-11	-3.197791e-11	-4.8927123e-11	-5.0799327e-11	-5.0749651e-11	-5.0962738e-11	-5.0945265e-11	-5.1167653e-11	-5.1535373e-11	-5.223677e-11	-5.2011711e-11	-5.2732655e-11	-5.3955056e-11	-5.4498388e-11	-5.5252063e-11	-5.6713533e-11	-5.6980136e-11	-5.73952e-11	-5.879016e-11	-6.010404e-11	-6.1308777e-11	-6.2604616e-11	-6.4203177e-11	-6.5515093e-11	-6.7814449e-11	-7.5571369e-11	-8.4775603e-11	-9.0034022e-11	-9.1671969e-11	-9.7760772e-11
	121.666666666667	-5.1596311e-11	-3.2732598e-11	-3.1911175e-11	-3.2010259e-11	-3.1527482e-11	-3.1790695e-11	-3.2759902e-11	-3.2199243e-11	-3.1384298e-11	-3.1779173e-11	-3.2199694e-11	-3.1987964e-11	-3.1522777e-11	-3.1621449e-11	-3.1989696e-11	-3.2070291e-11	-3.2101814e-11	-3.2264583e-11	-3.2265374e-11	-3.2169115e-11	-3.2616979e-11	-4.941943e-11	-4.9431292e-11	-4.9642873e-11	-4.9506465e-11	-4.9650895e-11	-5.0328453e-11	-5.0366829e-11	-5.0555057e-11	-5.0398689e-11	-5.0250644e-11	-5.0952645e-11	-5.1794367e-11	-5.2283847e-11	-5.3159879e-11	-5.4544487e-11	-5.4824759e-11	-5.6457779e-11	-5.7156765e-11	-5.832286e-11	-5.9699898e-11	-6.1830117e-11	-6.323303e-11	-6.4809665e-11	-6.5603259e-11	-6.7023755e-11	-7.369657e-11	-8.4004949e-11	-8.9419507e-11	-9.1171758e-11	-9.6721672e-11
	123.333333333333	-5.2097125e-11	-3.2569034e-11	-3.1995535e-11	-3.2594569e-11	-3.2058765e-11	-3.1954859e-11	-3.2849234e-11	-3.2777187e-11	-3.2312791e-11	-3.210076e-11	-3.2590954e-11	-3.290708e-11	-3.197663e-11	-3.218207e-11	-3.2182937e-11	-3.2470061e-11	-3.2308874e-11	-3.2225906e-11	-3.253179e-11	-3.1978586e-11	-3.2350036e-11	-3.2310758e-11	-3.576555e-11	-4.7615016e-11	-4.8329896e-11	-4.8558386e-11	-4.8875678e-11	-4.9113134e-11	-4.9581408e-11	-5.0238706e-11	-5.0068252e-11	-4.9924728e-11	-5.0902556e-11	-5.2151845e-11	-5.3054092e-11	-5.3808177e-11	-5.4564107e-11	-5.5901072e-11	-5.6943152e-11	-5.8453922e-11	-5.9857702e-11	-6.1399011e-11	-6.2999758e-11	-6.3854998e-11	-6.4668479e-11	-6.6997581e-11	-7.3685801e-11	-8.3505224e-11	-8.9342977e-11	-9.1780583e-11	-9.7047551e-11
	125	-5.1823067e-11	-3.253017e-11	-3.1866544e-11	-3.2263907e-11	-3.2366082e-11	-3.1805347e-11	-3.262033e-11	-3.2197547e-11	-3.2443888e-11	-3.2463737e-11	-3.2761221e-11	-3.3179105e-11	-3.2961463e-11	-3.2293206e-11	-3.2141432e-11	-3.2616677e-11	-3.314634e-11	-3.2991932e-11	-3.2694448e-11	-3.2452024e-11	-3.3180347e-11	-4.6986831e-11	-4.8855382e-11	-4.8395427e-11	-4.7842976e-11	-4.8219588e-11	-4.8476962e-11	-4.8886863e-11	-4.9069974e-11	-4.9190072e-11	-4.9372052e-11	-4.9463943e-11	-4.995783e-11	-5.1407704e-11	-5.2473397e-11	-5.3166322e-11	-5.4242031e-11	-5.5375704e-11	-5.7322362e-11	-5.8938958e-11	-6.0185912e-11	-6.1490112e-11	-6.3379191e-11	-6.3171642e-11	-6.347485e-11	-6.6184787e-11	-7.3374112e-11	-8.3617377e-11	-9.0204927e-11	-9.2163596e-11	-9.7260221e-11
	126.666666666667	-5.1952168e-11	-3.2407771e-11	-3.2385098e-11	-3.2015307e-11	-3.2725669e-11	-3.3211003e-11	-3.2964589e-11	-3.2281268e-11	-3.2698025e-11	-3.2603985e-11	-3.3755734e-11	-3.334218e-11	-3.2989559e-11	-3.3225693e-11	-3.332154e-11	-3.3480132e-11	-3.3112221e-11	-3.2916045e-11	-3.3336264e-11	-3.3594658e-11	-3.3020402e-11	-3.3090076e-11	-4.6390204e-11	-4.7909825e-11	-4.8118055e-11	-4.7970797e-11	-4.8142948e-11	-4.8598722e-11	-4.8909651e-11	-4.8714754e-11	-4.8517034e-11	-4.9524464e-11	-5.0310072e-11	-5.1002397e-11	-5.2494373e-11	-5.32288e-11	-5.4137146e-11	-5.5804208e-11	-5.7518539e-11	-5.8829254e-11	-6.0097941e-11	-6.1544686e-11	-6.4990707e-11	-6.3910509e-11	-6.3630198e-11	-6.5538297e-11	-7.164401e-11	-8.4178109e-11	-9.062797e-11	-9.2209504e-11	-9.686512e-11
	128.333333333333	-4.3925821e-11	-3.2998448e-11	-3.303622e-11	-3.2921544e-11	-3.2681528e-11	-3.1070431e-11	-3.0624409e-11	-3.0766997e-11	-3.074278e-11	-3.122631e-11	-3.1140968e-11	-3.0439946e-11	-3.1000192e-11	-3.0793132e-11	-3.2896911e-11	-3.3632468e-11	-3.3314948e-11	-3.2757415e-11	-3.2754854e-11	-3.3995633e-11	-3.3562382e-11	-3.3532819e-11	-4.4474542e-11	-4.818957e-11	-4.8257551e-11	-4.8970435e-11	-4.9067601e-11	-4.9308516e-11	-4.9845073e-11	-4.9921074e-11	-5.0040722e-11	-5.0851563e-11	-5.200429e-11	-5.2271985e-11	-5.3007317e-11	-5.3599875e-11	-5.4138916e-11	-5.5872865e-11	-5.7386724e-11	-5.9242958e-11	-6.0242443e-11	-6.1922162e-11	-6.4401574e-11	-6.6728872e-11	-6.2666081e-11	-6.5540476e-11	-7.3539751e-11	-8.4323146e-11	-9.1110709e-11	-9.223252e-11	-9.6667362e-11
	130	-5.2212294e-11	-3.4362527e-11	-3.3720107e-11	-3.4152528e-11	-3.4519949e-11	-3.3646329e-11	-3.3195186e-11	-3.3745527e-11	-3.3978084e-11	-3.5442194e-11	-3.492891e-11	-3.4099352e-11	-3.4232259e-11	-3.4019322e-11	-3.453603e-11	-3.465022e-11	-3.4639337e-11	-3.3953527e-11	-3.4859463e-11	-3.4340419e-11	-3.4622163e-11	-4.2508375e-11	-5.0777521e-11	-5.1029021e-11	-5.0749013e-11	-5.1869391e-11	-5.2262156e-11	-5.2093132e-11	-5.1634873e-11	-5.1777985e-11	-5.2378678e-11	-5.2876859e-11	-5.3166884e-11	-5.3343479e-11	-5.4009137e-11	-5.4893191e-11	-5.532682e-11	-5.6671317e-11	-5.8197679e-11	-5.9480032e-11	-6.0520797e-11	-6.2159652e-11	-6.3317088e-11	-5.9919313e-11	-6.2304835e-11	-6.5260165e-11	-7.4198023e-11	-8.4969712e-11	-9.0782534e-11	-9.223719e-11	-9.6812357e-11
	131.666666666667	-5.2216623e-11	-3.404806e-11	-3.4443649e-11	-3.4401884e-11	-3.4254367e-11	-3.4382865e-11	-3.463798e-11	-3.4269129e-11	-3.4393183e-11	-3.4944842e-11	-3.4428887e-11	-3.4020602e-11	-3.5479817e-11	-3.4287281e-11	-3.429116e-11	-3.5024383e-11	-3.4441013e-11	-3.4735485e-11	-3.454767e-11	-3.4147407e-11	-3.4680047e-11	-3.414526e-11	-3.41073e-11	-3.4537539e-11	-4.7292149e-11	-5.2912261e-11	-5.3219911e-11	-5.3254259e-11	-5.3238591e-11	-5.3598442e-11	-5.4123851e-11	-5.4269034e-11	-5.4634044e-11	-5.423352e-11	-5.4639581e-11	-5.5629838e-11	-5.6387051e-11	-5.7033652e-11	-5.7284812e-11	-5.8619935e-11	-6.0390602e-11	-6.1917756e-11	-6.1158134e-11	-6.0644816e-11	-6.2451787e-11	-6.6502789e-11	-7.4284155e-11	-8.5717315e-11	-9.1333628e-11	-9.2459387e-11	-9.676001e-11
	133.333333333333	-5.3574228e-11	-3.518941e-11	-3.4629657e-11	-3.4591129e-11	-3.4244236e-11	-3.4784068e-11	-3.413065e-11	-3.4361472e-11	-3.4676508e-11	-3.4805912e-11	-3.4319481e-11	-3.4094571e-11	-3.5153859e-11	-3.5352523e-11	-3.4953353e-11	-3.3549538e-11	-3.4445079e-11	-3.4110652e-11	-3.4477546e-11	-3.4197874e-11	-3.423482e-11	-3.3692011e-11	-3.4505752e-11	-4.7429081e-11	-5.2126012e-11	-5.2707762e-11	-5.2640347e-11	-5.2319475e-11	-5.2525897e-11	-5.3078722e-11	-5.3885531e-11	-5.3992227e-11	-5.3841695e-11	-5.4395047e-11	-5.4849163e-11	-5.5368661e-11	-5.6545491e-11	-5.7353507e-11	-5.7264478e-11	-5.8223849e-11	-5.9286534e-11	-6.1597602e-11	-6.3814287e-11	-6.1275068e-11	-6.3199813e-11	-6.6331433e-11	-7.4819657e-11	-8.5091732e-11	-9.1188966e-11	-9.1854212e-11	-9.6796501e-11
	135	-4.8584484e-11	-3.5664506e-11	-3.5081289e-11	-3.4399737e-11	-3.601577e-11	-3.5484862e-11	-3.539749e-11	-3.5067504e-11	-3.4879426e-11	-3.4198176e-11	-3.4438754e-11	-3.4758307e-11	-3.468931e-11	-3.4296808e-11	-3.4316053e-11	-3.483103e-11	-3.509782e-11	-3.5034625e-11	-3.4968944e-11	-3.5572312e-11	-3.4667241e-11	-3.4871439e-11	-3.4832425e-11	-3.5042875e-11	-5.1421489e-11	-5.2192257e-11	-5.2089291e-11	-5.2119573e-11	-5.3102071e-11	-5.3161614e-11	-5.3367883e-11	-5.312915e-11	-5.4209682e-11	-5.4414782e-11	-5.4594464e-11	-5.5203515e-11	-5.6539353e-11	-5.6500638e-11	-5.6875817e-11	-5.8085071e-11	-5.9604807e-11	-6.1153839e-11	-5.8861568e-11	-6.150247e-11	-6.3888367e-11	-6.666534e-11	-7.4479541e-11	-8.5036596e-11	-9.01429e-11	-9.1046802e-11	-9.6453637e-11
	136.666666666667	-5.2670136e-11	-3.6297135e-11	-3.5275807e-11	-3.5236449e-11	-3.4534601e-11	-3.4774048e-11	-3.5197283e-11	-3.558764e-11	-3.5097671e-11	-3.4354658e-11	-3.4772053e-11	-3.4430091e-11	-3.4297072e-11	-3.4747535e-11	-3.5058276e-11	-3.5126482e-11	-3.4802296e-11	-3.4477355e-11	-3.4025425e-11	-3.3798631e-11	-3.4368175e-11	-3.4021733e-11	-5.0437859e-11	-5.1576913e-11	-5.1429319e-11	-5.1588175e-11	-5.1985045e-11	-5.2086693e-11	-5.224178e-11	-5.2699022e-11	-5.251791e-11	-5.2729415e-11	-5.3540106e-11	-5.4436549e-11	-5.4627303e-11	-5.4979622e-11	-5.5489627e-11	-5.6845986e-11	-5.6870467e-11	-5.8026473e-11	-5.9222093e-11	-6.0580603e-11	-6.0194009e-11	-6.2676961e-11	-6.5411114e-11	-6.7116777e-11	-7.3805601e-11	-8.3619861e-11	-8.9904278e-11	-9.1291481e-11	-9.5989015e-11
	138.333333333333	-4.833434e-11	-3.5567604e-11	-3.5736587e-11	-3.5184741e-11	-3.5094091e-11	-3.5904068e-11	-3.5314071e-11	-3.4479954e-11	-3.5374176e-11	-3.5099177e-11	-3.5552315e-11	-3.4754429e-11	-3.4247737e-11	-3.4499952e-11	-3.3690956e-11	-3.4220959e-11	-3.4373109e-11	-3.478403e-11	-3.4071447e-11	-3.3807405e-11	-3.3934775e-11	-3.433364e-11	-3.3617931e-11	-3.41569e-11	-4.0617263e-11	-4.9529776e-11	-5.0503463e-11	-5.0976411e-11	-5.1136657e-11	-5.1197706e-11	-5.0982663e-11	-5.1186444e-11	-5.2574816e-11	-5.3093297e-11	-5.378803e-11	-5.3758463e-11	-5.4690159e-11	-5.54627e-11	-5.6447912e-11	-5.6853633e-11	-5.8009448e-11	-5.906501e-11	-5.9387349e-11	-6.2355905e-11	-6.4880622e-11	-6.6492437e-11	-7.4076641e-11	-8.3416378e-11	-8.919019e-11	-9.1164493e-11	-9.6756471e-11
	140	-5.2088989e-11	-3.5165384e-11	-3.4823949e-11	-3.4661104e-11	-3.5199996e-11	-3.5351881e-11	-3.5319758e-11	-3.4789602e-11	-3.4571811e-11	-3.4848392e-11	-3.5554459e-11	-3.5102678e-11	-3.5009204e-11	-3.4668411e-11	-3.4889782e-11	-3.5051798e-11	-3.4283777e-11	-3.4977306e-11	-3.4685921e-11	-3.4856527e-11	-3.5080421e-11	-3.4942958e-11	-3.4481612e-11	-3.4580019e-11	-3.631092e-11	-4.8116018e-11	-4.9640122e-11	-4.9168343e-11	-4.9576926e-11	-4.9691983e-11	-5.0071228e-11	-5.0135514e-11	-5.0402155e-11	-5.1728274e-11	-5.1702399e-11	-5.3013306e-11	-5.3576827e-11	-5.5313865e-11	-5.6097137e-11	-5.6718279e-11	-5.7150628e-11	-5.8857308e-11	-6.1448499e-11	-6.3288728e-11	-6.4875459e-11	-6.6336367e-11	-7.3341763e-11	-8.3377701e-11	-8.9680985e-11	-9.1641202e-11	-9.6819025e-11
	141.666666666667	-5.3269212e-11	-3.588117e-11	-3.5498684e-11	-3.5382915e-11	-3.5665974e-11	-3.5657952e-11	-3.4672328e-11	-3.4804253e-11	-3.5002803e-11	-3.5155781e-11	-3.529637e-11	-3.599562e-11	-3.4657638e-11	-3.4973576e-11	-3.5029164e-11	-3.5330718e-11	-3.5053682e-11	-3.4736915e-11	-3.5089084e-11	-3.5415643e-11	-3.5448332e-11	-3.5177361e-11	-3.7224498e-11	-4.7569219e-11	-4.8281164e-11	-4.8549838e-11	-4.8752981e-11	-4.8850295e-11	-4.8816513e-11	-4.875637e-11	-4.925101e-11	-4.9630369e-11	-5.0764944e-11	-5.0943947e-11	-5.1760849e-11	-5.2247845e-11	-5.3082639e-11	-5.478307e-11	-5.5133318e-11	-5.6168129e-11	-5.7366879e-11	-5.9179765e-11	-6.0826642e-11	-6.2690408e-11	-6.3168588e-11	-6.5032771e-11	-7.2258297e-11	-8.3692282e-11	-8.9780489e-11	-9.1143398e-11	-9.6166207e-11
	143.333333333333	-4.9778941e-11	-3.550437e-11	-3.4582091e-11	-3.5055753e-11	-3.4950643e-11	-3.4831107e-11	-3.4756836e-11	-3.4173771e-11	-3.5041931e-11	-3.4814724e-11	-3.3817799e-11	-3.4313115e-11	-3.455234e-11	-3.4469712e-11	-3.4249659e-11	-3.5049012e-11	-3.4351605e-11	-3.5081327e-11	-3.5119515e-11	-3.4989883e-11	-3.5093602e-11	-3.4947704e-11	-3.4104664e-11	-3.4014992e-11	-4.5517524e-11	-4.7454617e-11	-4.8065704e-11	-4.8107508e-11	-4.7845311e-11	-4.901465e-11	-4.9509553e-11	-4.9283924e-11	-5.0095556e-11	-5.0504066e-11	-5.1389438e-11	-5.187839e-11	-5.2729942e-11	-5.430165e-11	-5.5555949e-11	-5.6626311e-11	-5.7766573e-11	-6.005188e-11	-6.1742784e-11	-6.2453674e-11	-6.238185e-11	-6.4803191e-11	-7.2699909e-11	-8.4218674e-11	-9.0819213e-11	-9.2199526e-11	-9.6652603e-11
	145	-5.3254599e-11	-3.5699003e-11	-3.5903277e-11	-3.6405261e-11	-3.6608213e-11	-3.6020891e-11	-3.5874803e-11	-3.5869984e-11	-3.5822078e-11	-3.6065182e-11	-3.5955135e-11	-3.5221121e-11	-3.5205193e-11	-3.5695915e-11	-3.5949337e-11	-3.5974494e-11	-3.4830427e-11	-3.5130697e-11	-3.5384005e-11	-3.5044682e-11	-3.5635883e-11	-3.4675641e-11	-3.4465455e-11	-3.4967588e-11	-4.6914146e-11	-4.7864254e-11	-4.7827912e-11	-4.78983e-11	-4.7966093e-11	-4.8316264e-11	-4.8631675e-11	-4.8587724e-11	-4.9222237e-11	-5.0129716e-11	-5.0918072e-11	-5.1582301e-11	-5.2922729e-11	-5.2997599e-11	-5.407011e-11	-5.599082e-11	-5.8275447e-11	-6.0303006e-11	-6.0021182e-11	-6.0634005e-11	-6.2514945e-11	-6.4937222e-11	-7.2617433e-11	-8.4733234e-11	-9.0573701e-11	-9.2107072e-11	-9.6788293e-11
	146.666666666667	-5.3529899e-11	-3.5360655e-11	-3.4459807e-11	-3.4701287e-11	-3.4670558e-11	-3.4277376e-11	-3.4712812e-11	-3.5198525e-11	-3.4430805e-11	-3.4239188e-11	-3.4246946e-11	-3.5190992e-11	-3.4864021e-11	-3.433865e-11	-3.3955075e-11	-3.5146518e-11	-3.4898896e-11	-3.5104222e-11	-3.4480519e-11	-3.492168e-11	-3.5775379e-11	-3.4876751e-11	-3.4741623e-11	-3.4777212e-11	-4.7656216e-11	-4.7710523e-11	-4.7625862e-11	-4.8355129e-11	-4.8696377e-11	-4.8823293e-11	-4.8608326e-11	-4.9070838e-11	-4.9860064e-11	-5.0036766e-11	-5.0678472e-11	-5.1455194e-11	-5.267688e-11	-5.3914644e-11	-5.5133807e-11	-5.7016253e-11	-5.8231912e-11	-6.0114136e-11	-6.3357611e-11	-6.1851697e-11	-6.2115438e-11	-6.5358538e-11	-7.3347675e-11	-8.433098e-11	-9.0761405e-11	-9.2210788e-11	-9.7120541e-11
	148.333333333333	-5.3391909e-11	-3.7263404e-11	-3.4999979e-11	-3.6041305e-11	-3.6194509e-11	-3.5449123e-11	-3.4900138e-11	-3.4460972e-11	-3.4765951e-11	-3.4897127e-11	-3.5563611e-11	-3.5946926e-11	-3.6474969e-11	-3.5399635e-11	-3.5461363e-11	-3.5269856e-11	-3.5777603e-11	-3.5741861e-11	-3.5078652e-11	-3.4768927e-11	-3.4595913e-11	-3.5543537e-11	-3.5670078e-11	-3.5207077e-11	-3.4963824e-11	-4.8583654e-11	-4.8524979e-11	-4.8749855e-11	-4.9383012e-11	-4.9331868e-11	-4.9418976e-11	-4.9738831e-11	-5.1060167e-11	-5.167216e-11	-5.2184309e-11	-5.2420596e-11	-5.3351951e-11	-5.4503287e-11	-5.5451626e-11	-5.7635813e-11	-5.914734e-11	-6.0409809e-11	-6.3283455e-11	-6.7455125e-11	-6.2888354e-11	-6.5590568e-11	-7.3763454e-11	-8.4580856e-11	-9.1383977e-11	-9.2338762e-11	-9.6745771e-11
	150	-5.2735177e-11	-3.5669287e-11	-3.4740908e-11	-3.4857318e-11	-3.5002088e-11	-3.5634717e-11	-3.5069159e-11	-3.4952298e-11	-3.5979917e-11	-3.5686423e-11	-3.5433115e-11	-3.5614869e-11	-3.4609017e-11	-3.5304842e-11	-3.4691194e-11	-3.5845844e-11	-3.5818577e-11	-3.5770369e-11	-3.4904319e-11	-3.5328872e-11	-3.5304579e-11	-3.5843658e-11	-3.6237367e-11	-3.5127047e-11	-3.5721186e-11	-4.8649602e-11	-4.9843907e-11	-5.0439212e-11	-5.0554644e-11	-5.0139885e-11	-5.0204396e-11	-5.0920823e-11	-5.1772864e-11	-5.2433551e-11	-5.2345687e-11	-5.2633606e-11	-5.4080955e-11	-5.5335406e-11	-5.5618805e-11	-5.7247568e-11	-5.8591951e-11	-6.0542078e-11	-5.8612178e-11	-5.9848321e-11	-6.1692922e-11	-6.5199422e-11	-7.3574473e-11	-8.4404608e-11	-9.1415535e-11	-9.2668671e-11	-9.7317543e-11
