I1_2514
																																																				
		-50	-49	-48	-47	-46	-45	-44	-43	-42	-41	-40	-39	-38	-37	-36	-35	-34	-33	-32	-31	-30	-29	-28	-27	-26	-25	-24	-23	-22	-21	-20	-19	-18	-17	-16	-15	-14	-13	-12	-11	-10	-9	-8	-7	-6	-5	-4	-3	-2	-1	0
	0	-3.3556356e-11	-3.4379097e-11	-3.3872596e-11	-3.2989372e-11	-3.3220721e-11	-3.3879035e-11	-3.3966975e-11	-3.3777765e-11	-3.3856966e-11	-3.3418063e-11	-3.3718903e-11	-3.3836593e-11	-3.3715097e-11	-3.3817987e-11	-3.3662975e-11	-3.3735396e-11	-3.4101347e-11	-3.3983732e-11	-3.3866684e-11	-3.3697059e-11	-3.3282939e-11	-3.3657927e-11	-3.3895907e-11	-3.4381886e-11	-3.3772266e-11	-3.3907432e-11	-3.3939896e-11	-3.3805334e-11	-3.4005236e-11	-3.426073e-11	-3.4120404e-11	-3.4493852e-11	-3.5110474e-11	-3.5514126e-11	-3.581933e-11	-3.6390044e-11	-3.7105718e-11	-3.8537513e-11	-3.9844461e-11	-4.1187526e-11	-4.2506717e-11	-4.3855846e-11	-4.5416067e-11	-4.6826733e-11	-5.2105185e-11	-6.0824422e-11	-6.9039753e-11	-7.2496273e-11	-7.7359591e-11	-9.0816542e-11	-1.0180767e-10
	1.66666666666667	-5.0344232e-11	-3.4313493e-11	-3.3538807e-11	-3.3401757e-11	-3.4245967e-11	-3.4402186e-11	-3.4143528e-11	-3.3779271e-11	-3.3858548e-11	-3.4034463e-11	-3.4023579e-11	-3.3581062e-11	-3.3749104e-11	-3.3410948e-11	-3.34088e-11	-3.3419194e-11	-3.3583022e-11	-3.3901368e-11	-3.3883368e-11	-3.3761986e-11	-3.3978875e-11	-3.3575715e-11	-3.3675628e-11	-3.3911009e-11	-3.3978573e-11	-3.3713591e-11	-3.3841714e-11	-3.4787607e-11	-3.4684717e-11	-3.4431787e-11	-3.4204764e-11	-3.4393863e-11	-3.4717257e-11	-3.5774061e-11	-3.5911524e-11	-3.6582265e-11	-3.7531211e-11	-3.8388976e-11	-3.9833952e-11	-4.1492317e-11	-4.2801488e-11	-4.420583e-11	-4.5663612e-11	-4.7304688e-11	-5.2469893e-11	-6.1185855e-11	-6.865418e-11	-7.2860308e-11	-7.8021707e-11	-9.1438475e-11	-1.0234408e-10
	3.33333333333333	-5.307503e-11	-3.399989e-11	-3.3400102e-11	-3.3868793e-11	-3.4097732e-11	-3.387414e-11	-3.3944715e-11	-3.3865102e-11	-3.3650357e-11	-3.3552664e-11	-3.362377e-11	-3.4443122e-11	-3.3812564e-11	-3.3263052e-11	-3.4055928e-11	-3.4086775e-11	-3.42451e-11	-3.4401017e-11	-3.4134112e-11	-3.3755509e-11	-3.4263516e-11	-3.4560625e-11	-3.416168e-11	-3.4106395e-11	-3.3880919e-11	-3.4237078e-11	-3.4043237e-11	-3.4225366e-11	-3.420567e-11	-3.4115131e-11	-3.4127826e-11	-3.4925483e-11	-3.5672451e-11	-3.5992345e-11	-3.6367409e-11	-3.6965504e-11	-3.7692738e-11	-3.895698e-11	-4.0405158e-11	-4.1819631e-11	-4.3304263e-11	-4.4617539e-11	-4.6505372e-11	-4.8585993e-11	-5.3300395e-11	-6.2662611e-11	-7.0084168e-11	-7.436475e-11	-7.9485023e-11	-9.2837238e-11	-1.0279465e-10
	5	-5.165747e-11	-3.5095826e-11	-3.4230452e-11	-3.4651386e-11	-3.471462e-11	-3.446651e-11	-3.3995747e-11	-3.4582618e-11	-3.4625289e-11	-3.5101814e-11	-3.5062269e-11	-3.4970075e-11	-3.4596853e-11	-3.5066752e-11	-3.481973e-11	-3.4995382e-11	-3.4864396e-11	-3.4457395e-11	-3.4495358e-11	-3.4812236e-11	-3.521167e-11	-3.5396058e-11	-3.4990261e-11	-3.462201e-11	-3.4752357e-11	-3.5087124e-11	-3.5349661e-11	-3.4988228e-11	-3.4646189e-11	-3.4813631e-11	-3.5238409e-11	-3.556945e-11	-3.6165244e-11	-3.6777349e-11	-3.7007834e-11	-3.8034211e-11	-3.9437797e-11	-4.0346105e-11	-4.1500414e-11	-4.270647e-11	-4.4298475e-11	-4.5785105e-11	-4.746923e-11	-4.9440858e-11	-5.4225312e-11	-6.2991473e-11	-7.1151626e-11	-7.5773159e-11	-8.1191595e-11	-9.4162567e-11	-1.0391722e-10
	6.66666666666667	-5.3486965e-11	-3.5433607e-11	-3.42332e-11	-3.4194824e-11	-3.4075853e-11	-3.3965431e-11	-3.4435402e-11	-3.4334244e-11	-3.4352847e-11	-3.4410808e-11	-3.4097281e-11	-3.4284946e-11	-3.3891803e-11	-3.4015405e-11	-3.4634212e-11	-3.4565031e-11	-3.3848268e-11	-3.3752005e-11	-3.4086886e-11	-3.4404219e-11	-3.494488e-11	-3.4257229e-11	-3.3916096e-11	-3.4097697e-11	-3.4413406e-11	-3.44203e-11	-3.429854e-11	-3.3913532e-11	-3.4146731e-11	-3.4313379e-11	-3.4521344e-11	-3.4660878e-11	-3.5595211e-11	-3.5019258e-11	-3.5975813e-11	-3.7277788e-11	-3.7963559e-11	-4.004444e-11	-4.1133784e-11	-4.228139e-11	-4.4289475e-11	-4.6132077e-11	-4.8534961e-11	-5.0151445e-11	-5.4962448e-11	-6.3854623e-11	-7.2307632e-11	-7.6656043e-11	-8.1893221e-11	-9.5598203e-11	-1.0585492e-10
	8.33333333333333	-5.5646033e-11	-3.5297161e-11	-3.4701853e-11	-3.4849144e-11	-3.4899007e-11	-3.442158e-11	-3.4160477e-11	-3.5220823e-11	-3.5307101e-11	-3.4903979e-11	-3.4166465e-11	-3.4240846e-11	-3.4714169e-11	-3.4691722e-11	-3.5043211e-11	-3.4722867e-11	-3.4876373e-11	-3.4706484e-11	-3.4868015e-11	-3.4517465e-11	-3.4669878e-11	-3.3804053e-11	-3.4437887e-11	-3.4465153e-11	-3.4820823e-11	-3.4786212e-11	-3.4449599e-11	-3.4531662e-11	-3.4398342e-11	-3.5305259e-11	-3.5479515e-11	-3.601705e-11	-3.5567188e-11	-3.6376412e-11	-3.7369118e-11	-3.8785471e-11	-4.0002675e-11	-4.114226e-11	-4.2285196e-11	-4.3783237e-11	-4.5810376e-11	-4.7350936e-11	-4.8994499e-11	-5.0781664e-11	-5.6441771e-11	-6.5894644e-11	-7.3756411e-11	-7.8526137e-11	-8.4532693e-11	-9.6549067e-11	-1.0587992e-10
	10	-5.4137937e-11	-3.5876236e-11	-3.4804704e-11	-3.4876411e-11	-3.4843572e-11	-3.4970828e-11	-3.5329399e-11	-3.5146178e-11	-3.4787985e-11	-3.4379662e-11	-3.4250186e-11	-3.5160829e-11	-3.5031124e-11	-3.4667394e-11	-3.4261559e-11	-3.4454269e-11	-3.4681365e-11	-3.4487638e-11	-3.4569587e-11	-3.4501534e-11	-3.4251917e-11	-3.439337e-11	-3.4815779e-11	-3.4646678e-11	-3.4891513e-11	-3.4487788e-11	-3.4562807e-11	-3.4302269e-11	-3.5091645e-11	-3.5230086e-11	-3.5274148e-11	-3.5324466e-11	-3.5998971e-11	-3.6614316e-11	-3.7966984e-11	-3.8807804e-11	-3.9647681e-11	-4.1088667e-11	-4.2585768e-11	-4.4994414e-11	-4.6707273e-11	-4.8866567e-11	-5.0216335e-11	-5.2529023e-11	-5.8365458e-11	-6.7811402e-11	-7.5517217e-11	-8.0195912e-11	-8.5535794e-11	-9.840237e-11	-1.079431e-10
	11.6666666666667	-5.6974037e-11	-3.5524746e-11	-3.4117768e-11	-3.4138935e-11	-3.4335184e-11	-3.4673795e-11	-3.4518142e-11	-3.4312889e-11	-3.4151511e-11	-3.4565482e-11	-3.4241672e-11	-3.4213691e-11	-3.4693078e-11	-3.3589045e-11	-3.3888638e-11	-3.4046967e-11	-3.4316241e-11	-3.42802e-11	-3.4172075e-11	-3.4300198e-11	-3.4449825e-11	-3.4512192e-11	-3.4790507e-11	-3.4376387e-11	-3.376481e-11	-3.3662184e-11	-3.4117542e-11	-3.4527256e-11	-3.4606911e-11	-3.4674888e-11	-3.4840936e-11	-3.5272681e-11	-3.5678554e-11	-3.6469095e-11	-3.7563334e-11	-3.8380767e-11	-3.9599025e-11	-4.0717103e-11	-4.2792225e-11	-4.5047705e-11	-4.6773783e-11	-4.850453e-11	-5.0875328e-11	-5.347996e-11	-5.9587973e-11	-6.8459204e-11	-7.6485589e-11	-8.1490321e-11	-8.7237086e-11	-1.0031107e-10	-1.0906634e-10
	13.3333333333333	-5.4559815e-11	-3.4082782e-11	-3.3573304e-11	-3.3470639e-11	-3.3483483e-11	-3.3406354e-11	-3.3025901e-11	-3.3560273e-11	-3.3739615e-11	-3.4474344e-11	-3.4271613e-11	-3.4341963e-11	-3.3612096e-11	-3.420695e-11	-3.436584e-11	-3.4552226e-11	-3.4357104e-11	-3.4387798e-11	-3.411935e-11	-3.4105191e-11	-3.4335035e-11	-3.4241408e-11	-3.4069338e-11	-3.3919673e-11	-3.4133474e-11	-3.4318878e-11	-3.4289353e-11	-3.4309198e-11	-3.4433369e-11	-3.4431898e-11	-3.5121697e-11	-3.571806e-11	-3.6318865e-11	-3.6594658e-11	-3.7488353e-11	-3.8961688e-11	-3.9825705e-11	-4.1832472e-11	-4.2949949e-11	-4.4882108e-11	-4.7241305e-11	-4.9845225e-11	-5.2222199e-11	-5.4477527e-11	-5.9925072e-11	-6.9753203e-11	-7.8630498e-11	-8.3877877e-11	-8.9457768e-11	-1.0155384e-10	-1.094115e-10
	15	-5.5567585e-11	-3.4751792e-11	-3.4407758e-11	-3.4152115e-11	-3.4131063e-11	-3.3983732e-11	-3.40812e-11	-3.4285699e-11	-3.4063613e-11	-3.4456944e-11	-3.3484198e-11	-3.3711558e-11	-3.3822882e-11	-3.402403e-11	-3.4100445e-11	-3.4137391e-11	-3.3957032e-11	-3.3752383e-11	-3.4583409e-11	-3.4728592e-11	-3.4640579e-11	-3.4088544e-11	-3.4531551e-11	-3.4593578e-11	-3.4501121e-11	-3.4551924e-11	-3.4690518e-11	-3.4438452e-11	-3.4566499e-11	-3.5411611e-11	-3.5665484e-11	-3.5946964e-11	-3.582833e-11	-3.6577522e-11	-3.764182e-11	-3.8829308e-11	-4.0660385e-11	-4.1865386e-11	-4.3299142e-11	-4.5437609e-11	-4.8267227e-11	-5.0437821e-11	-5.2480211e-11	-5.4821033e-11	-6.205763e-11	-7.1315155e-11	-7.9694196e-11	-8.5120806e-11	-9.1302327e-11	-1.0222778e-10	-1.1046055e-10
	16.6666666666667	-5.4107996e-11	-3.6007558e-11	-3.4553846e-11	-3.4537199e-11	-3.4287545e-11	-3.4022184e-11	-3.4148386e-11	-3.4666187e-11	-3.5051798e-11	-3.4981108e-11	-3.41604e-11	-3.4386594e-11	-3.5068934e-11	-3.440128e-11	-3.4182848e-11	-3.3941665e-11	-3.4063651e-11	-3.4917801e-11	-3.5158494e-11	-3.5002841e-11	-3.4955577e-11	-3.4684981e-11	-3.4345544e-11	-3.4582431e-11	-3.460544e-11	-3.4959868e-11	-3.4965406e-11	-3.468547e-11	-3.5005776e-11	-3.5129306e-11	-3.598696e-11	-3.5975962e-11	-3.6213678e-11	-3.7056982e-11	-3.8546437e-11	-3.9646401e-11	-4.1719489e-11	-4.287086e-11	-4.4648271e-11	-4.6732316e-11	-4.9935233e-11	-5.2189243e-11	-5.4004655e-11	-5.5573497e-11	-6.2714021e-11	-7.2747967e-11	-8.1463773e-11	-8.6251013e-11	-9.2447487e-11	-1.0322173e-10	-1.1126322e-10
	18.3333333333333	-5.8599972e-11	-3.6920762e-11	-3.5806524e-11	-3.5207226e-11	-3.4946688e-11	-3.5081212e-11	-3.4922246e-11	-3.5421104e-11	-3.5086559e-11	-3.4609093e-11	-3.4846018e-11	-3.4627586e-11	-3.520444e-11	-3.5244585e-11	-3.4896336e-11	-3.5033459e-11	-3.5306348e-11	-3.5469495e-11	-3.5040651e-11	-3.5286239e-11	-3.4750852e-11	-3.4661406e-11	-3.4869295e-11	-3.5165836e-11	-3.4650671e-11	-3.5194646e-11	-3.4642574e-11	-3.4744336e-11	-3.5314522e-11	-3.5716891e-11	-3.5808332e-11	-3.643795e-11	-3.6620304e-11	-3.7591919e-11	-3.8628725e-11	-4.0532376e-11	-4.1950086e-11	-4.3409186e-11	-4.4976411e-11	-4.7413719e-11	-5.0108286e-11	-5.2795095e-11	-5.4981165e-11	-5.705109e-11	-6.3246852e-11	-7.3925435e-11	-8.193668e-11	-8.7802834e-11	-9.3870321e-11	-1.0385685e-10	-1.1154278e-10
	20	-5.5843039e-11	-3.5903953e-11	-3.4676054e-11	-3.4164206e-11	-3.4514488e-11	-3.4127146e-11	-3.4011641e-11	-3.4254103e-11	-3.4099275e-11	-3.4643666e-11	-3.445039e-11	-3.4224464e-11	-3.4526465e-11	-3.4796534e-11	-3.4723131e-11	-3.395963e-11	-3.3727902e-11	-3.429922e-11	-3.465794e-11	-3.4504285e-11	-3.4267394e-11	-3.3976464e-11	-3.3843824e-11	-3.4422937e-11	-3.4425345e-11	-3.4578701e-11	-3.425267e-11	-3.4138331e-11	-3.4585178e-11	-3.4950379e-11	-3.536928e-11	-3.5613248e-11	-3.6497527e-11	-3.6890484e-11	-3.7846771e-11	-3.9929574e-11	-4.1440761e-11	-4.2823183e-11	-4.5157898e-11	-4.7443695e-11	-5.0274295e-11	-5.3366939e-11	-5.538139e-11	-5.814307e-11	-6.3980182e-11	-7.4344787e-11	-8.3775632e-11	-8.9321509e-11	-9.4422616e-11	-1.0472406e-10	-1.1191897e-10
	21.6666666666667	-5.8173539e-11	-3.5264208e-11	-3.4592034e-11	-3.4346297e-11	-3.4081162e-11	-3.4073782e-11	-3.385757e-11	-3.4250484e-11	-3.4877465e-11	-3.4604049e-11	-3.4318163e-11	-3.4716577e-11	-3.4825684e-11	-3.4294474e-11	-3.4229283e-11	-3.4203449e-11	-3.4510988e-11	-3.4376234e-11	-3.4296396e-11	-3.3701389e-11	-3.3669678e-11	-3.3727261e-11	-3.429259e-11	-3.479627e-11	-3.4601374e-11	-3.4051071e-11	-3.4120821e-11	-3.4400115e-11	-3.4895468e-11	-3.4779245e-11	-3.5211594e-11	-3.5295881e-11	-3.5918605e-11	-3.6822243e-11	-3.8128552e-11	-3.9930517e-11	-4.0888688e-11	-4.3308104e-11	-4.5176352e-11	-4.8254387e-11	-5.1568326e-11	-5.4064461e-11	-5.577009e-11	-5.7964671e-11	-6.5102181e-11	-7.5973929e-11	-8.4498158e-11	-8.9946758e-11	-9.4467996e-11	-1.0443905e-10	-1.1202947e-10
	23.3333333333333	-5.8812115e-11	-3.6051509e-11	-3.5193216e-11	-3.4777965e-11	-3.4745991e-11	-3.5248915e-11	-3.4950529e-11	-3.4858071e-11	-3.4780904e-11	-3.4622465e-11	-3.4706446e-11	-3.5067577e-11	-3.4779134e-11	-3.4890611e-11	-3.4546352e-11	-3.4667696e-11	-3.4709537e-11	-3.4865114e-11	-3.4382452e-11	-3.4560323e-11	-3.4635909e-11	-3.4773597e-11	-3.458759e-11	-3.4714471e-11	-3.4767533e-11	-3.5021593e-11	-3.4615043e-11	-3.4601638e-11	-3.4798078e-11	-3.5214269e-11	-3.5002688e-11	-3.5318928e-11	-3.6222567e-11	-3.6868602e-11	-3.8511676e-11	-4.0562956e-11	-4.2477643e-11	-4.365033e-11	-4.5902081e-11	-4.89652e-11	-5.2913465e-11	-5.4693135e-11	-5.6886475e-11	-5.929305e-11	-6.7066429e-11	-7.7503642e-11	-8.58799e-11	-9.0158415e-11	-9.4146371e-11	-1.0355958e-10	-1.1061944e-10
	25	-5.4452706e-11	-3.5373274e-11	-3.4027645e-11	-3.3373627e-11	-3.3938276e-11	-3.4395407e-11	-3.4135205e-11	-3.3580232e-11	-3.354355e-11	-3.3623129e-11	-3.3919558e-11	-3.4113174e-11	-3.3849059e-11	-3.3453729e-11	-3.3680638e-11	-3.3778407e-11	-3.4400902e-11	-3.3735358e-11	-3.3344966e-11	-3.3593905e-11	-3.3891237e-11	-3.3796708e-11	-3.400874e-11	-3.3746467e-11	-3.3500203e-11	-3.377159e-11	-3.4576519e-11	-3.4842556e-11	-3.4749117e-11	-3.4674021e-11	-3.4578288e-11	-3.5302396e-11	-3.6177786e-11	-3.7551583e-11	-3.9553531e-11	-4.0535238e-11	-4.2695587e-11	-4.4480756e-11	-4.7079476e-11	-5.0014284e-11	-5.3114312e-11	-5.5119156e-11	-5.7790977e-11	-6.1069552e-11	-6.7971233e-11	-7.8718435e-11	-8.6677221e-11	-9.0816618e-11	-9.4904563e-11	-1.0369573e-10	-1.1016909e-10
	26.6666666666667	-5.7254947e-11	-3.5209637e-11	-3.4298165e-11	-3.473315e-11	-3.4397023e-11	-3.4732623e-11	-3.4634969e-11	-3.4736502e-11	-3.4567179e-11	-3.4612032e-11	-3.490477e-11	-3.4207515e-11	-3.4383579e-11	-3.4412317e-11	-3.485438e-11	-3.5012406e-11	-3.4852423e-11	-3.448293e-11	-3.4723092e-11	-3.4339479e-11	-3.4667092e-11	-3.4817586e-11	-3.4409527e-11	-3.4457923e-11	-3.468404e-11	-3.4560587e-11	-3.4727689e-11	-3.4995947e-11	-3.507835e-11	-3.4918742e-11	-3.5637014e-11	-3.6165321e-11	-3.6737089e-11	-3.8248314e-11	-3.9130636e-11	-4.1009807e-11	-4.3455246e-11	-4.5380175e-11	-4.8038361e-11	-5.0926093e-11	-5.3419592e-11	-5.6438271e-11	-5.8555119e-11	-6.1281508e-11	-6.8171253e-11	-7.8347058e-11	-8.5562377e-11	-8.9932034e-11	-9.3137928e-11	-1.0208158e-10	-1.0831274e-10
	28.3333333333333	-5.5597076e-11	-3.4059509e-11	-3.413125e-11	-3.3861674e-11	-3.391229e-11	-3.3203135e-11	-3.3215149e-11	-3.3678529e-11	-3.3669002e-11	-3.3869019e-11	-3.294625e-11	-3.3367975e-11	-3.3454409e-11	-3.4365653e-11	-3.372342e-11	-3.3738786e-11	-3.3055388e-11	-3.2915292e-11	-3.3584188e-11	-3.3684028e-11	-3.3915076e-11	-3.3850638e-11	-3.3949687e-11	-3.3863971e-11	-3.4075173e-11	-3.421825e-11	-3.3695664e-11	-3.3403717e-11	-3.3716415e-11	-3.4360192e-11	-3.474938e-11	-3.539858e-11	-3.6138394e-11	-3.7650331e-11	-3.9168786e-11	-4.0942805e-11	-4.2884606e-11	-4.5186372e-11	-4.724315e-11	-5.0150089e-11	-5.3754133e-11	-5.6704835e-11	-5.8979863e-11	-6.1550223e-11	-6.8215239e-11	-7.8476614e-11	-8.5392186e-11	-8.8757723e-11	-9.1834255e-11	-1.0015236e-10	-1.0655424e-10
	30	-5.3234486e-11	-3.5650646e-11	-3.4563147e-11	-3.3336681e-11	-3.3223358e-11	-3.4179607e-11	-3.4276509e-11	-3.4400791e-11	-3.3935302e-11	-3.3542835e-11	-3.412726e-11	-3.3957219e-11	-3.4323398e-11	-3.3855009e-11	-3.3717393e-11	-3.3406052e-11	-3.3508526e-11	-3.3590027e-11	-3.3554472e-11	-3.3470903e-11	-3.3275369e-11	-3.371374e-11	-3.3991754e-11	-3.4052313e-11	-3.4143303e-11	-3.3682369e-11	-3.404271e-11	-3.4316015e-11	-3.4261784e-11	-3.4184655e-11	-3.4402335e-11	-3.5243343e-11	-3.648977e-11	-3.7805609e-11	-3.9353965e-11	-4.0560322e-11	-4.2385487e-11	-4.503584e-11	-4.7927148e-11	-5.0374739e-11	-5.3293502e-11	-5.6420719e-11	-5.8477348e-11	-6.1696231e-11	-6.8207107e-11	-7.8362428e-11	-8.4543011e-11	-8.6412988e-11	-8.8597102e-11	-9.7081447e-11	-1.0529022e-10
	31.6666666666667	-4.6184539e-11	-3.4134792e-11	-3.3946977e-11	-3.3122463e-11	-3.3677172e-11	-3.4132606e-11	-3.4174372e-11	-3.4323547e-11	-3.4052428e-11	-3.4150648e-11	-3.440128e-11	-3.4810165e-11	-3.4563033e-11	-3.3596993e-11	-3.3830754e-11	-3.3655783e-11	-3.4101687e-11	-3.4000303e-11	-3.4115773e-11	-3.3784808e-11	-3.3307305e-11	-3.4047831e-11	-3.3809889e-11	-3.3733967e-11	-3.4084062e-11	-3.3899335e-11	-3.4104851e-11	-3.3679622e-11	-3.3909878e-11	-3.4664681e-11	-3.4750022e-11	-3.5246844e-11	-3.647049e-11	-3.8381746e-11	-3.9270958e-11	-4.0919757e-11	-4.2775991e-11	-4.532082e-11	-4.810826e-11	-5.1085514e-11	-5.4738554e-11	-5.7421862e-11	-5.9434388e-11	-6.2029423e-11	-6.8604122e-11	-7.7444592e-11	-8.4147758e-11	-8.5795579e-11	-8.8194958e-11	-9.6454164e-11	-1.0298876e-10
	33.3333333333333	-5.5284714e-11	-3.4927592e-11	-3.4244423e-11	-3.4195577e-11	-3.4381695e-11	-3.4905901e-11	-3.4855886e-11	-3.4327804e-11	-3.4475662e-11	-3.4925559e-11	-3.501557e-11	-3.4910946e-11	-3.4736349e-11	-3.4707615e-11	-3.4751452e-11	-3.5413117e-11	-3.5105203e-11	-3.5376362e-11	-3.5505727e-11	-3.5092321e-11	-3.5027696e-11	-3.5071872e-11	-3.5026943e-11	-3.5365062e-11	-3.4550869e-11	-3.4356313e-11	-3.4865451e-11	-3.5249106e-11	-3.5096315e-11	-3.5513863e-11	-3.5694257e-11	-3.5993136e-11	-3.725956e-11	-3.7898931e-11	-3.8998898e-11	-4.029805e-11	-4.3954743e-11	-4.6485864e-11	-4.8433653e-11	-5.216642e-11	-5.530652e-11	-5.7442915e-11	-5.941786e-11	-6.1680716e-11	-6.7868378e-11	-7.6076742e-11	-8.1740316e-11	-8.3380303e-11	-8.5869464e-11	-9.5124922e-11	-1.022439e-10
	35	-5.468918e-11	-3.518591e-11	-3.3363041e-11	-3.3845742e-11	-3.4100632e-11	-3.4137464e-11	-3.3482276e-11	-3.3536247e-11	-3.4061729e-11	-3.4044066e-11	-3.3775507e-11	-3.3664103e-11	-3.3521182e-11	-3.3675628e-11	-3.3415729e-11	-3.3799231e-11	-3.4150269e-11	-3.4426625e-11	-3.4007384e-11	-3.4166541e-11	-3.439405e-11	-3.4429112e-11	-3.4520668e-11	-3.4396423e-11	-3.4302797e-11	-3.4473365e-11	-3.480655e-11	-3.536416e-11	-3.5603683e-11	-3.5463171e-11	-3.5661418e-11	-3.6190478e-11	-3.7411976e-11	-3.8541201e-11	-3.9902647e-11	-4.1556227e-11	-4.3664829e-11	-4.5903021e-11	-4.8948966e-11	-5.1550136e-11	-5.3746715e-11	-5.7157973e-11	-5.9209707e-11	-6.1510637e-11	-6.6599205e-11	-7.4446622e-11	-7.9884419e-11	-8.1805583e-11	-8.4656372e-11	-9.3612118e-11	-1.0088701e-10
	36.6666666666667	-5.0799139e-11	-3.4313455e-11	-3.3907734e-11	-3.3552328e-11	-3.3309678e-11	-3.2933746e-11	-3.326742e-11	-3.3754114e-11	-3.3606219e-11	-3.3536545e-11	-3.3704137e-11	-3.3404508e-11	-3.3328885e-11	-3.3410722e-11	-3.3594582e-11	-3.4211092e-11	-3.3933908e-11	-3.3807894e-11	-3.3981661e-11	-3.41514e-11	-3.4069639e-11	-3.4355484e-11	-3.4240957e-11	-3.42039e-11	-3.4182733e-11	-3.4608868e-11	-3.4745425e-11	-3.4224311e-11	-3.4400038e-11	-3.4520668e-11	-3.5421104e-11	-3.5676066e-11	-3.6636798e-11	-3.7932827e-11	-3.9254502e-11	-4.1492431e-11	-4.3859576e-11	-4.612492e-11	-4.8286698e-11	-5.1156732e-11	-5.4639696e-11	-5.6963264e-11	-5.9128848e-11	-6.1214402e-11	-6.542953e-11	-7.2789504e-11	-7.8931861e-11	-8.0433403e-11	-8.3543637e-11	-9.2394044e-11	-9.9208051e-11
	38.3333333333333	-5.253821e-11	-3.413449e-11	-3.3319996e-11	-3.3187352e-11	-3.3004172e-11	-3.3502236e-11	-3.4005201e-11	-3.4425421e-11	-3.4126393e-11	-3.4728553e-11	-3.4016536e-11	-3.3672842e-11	-3.3851165e-11	-3.431206e-11	-3.410779e-11	-3.3949087e-11	-3.3887775e-11	-3.3917147e-11	-3.4647622e-11	-3.4538029e-11	-3.5089348e-11	-3.3975826e-11	-3.4374278e-11	-3.4417778e-11	-3.4889366e-11	-3.4741321e-11	-3.4312476e-11	-3.4575048e-11	-3.5060309e-11	-3.570081e-11	-3.5749657e-11	-3.6111655e-11	-3.6798065e-11	-3.8218071e-11	-4.0485826e-11	-4.2611074e-11	-4.4327361e-11	-4.6119761e-11	-4.8205804e-11	-5.1161325e-11	-5.4773391e-11	-5.7172021e-11	-5.8576852e-11	-5.9795863e-11	-6.505281e-11	-7.2520455e-11	-7.7818189e-11	-8.0043312e-11	-8.2258755e-11	-9.1426797e-11	-9.9387464e-11
	40	-5.1370869e-11	-3.5162748e-11	-3.4463571e-11	-3.3786089e-11	-3.3541066e-11	-3.362343e-11	-3.4122063e-11	-3.4169365e-11	-3.4069147e-11	-3.3947428e-11	-3.3610701e-11	-3.4049565e-11	-3.4712625e-11	-3.4314395e-11	-3.3678716e-11	-3.3782248e-11	-3.4077886e-11	-3.4277678e-11	-3.4339028e-11	-3.4002603e-11	-3.3275781e-11	-3.3985804e-11	-3.4327579e-11	-3.4522135e-11	-3.4460296e-11	-3.4410998e-11	-3.4449676e-11	-3.5102414e-11	-3.5352068e-11	-3.5109419e-11	-3.5063698e-11	-3.5445959e-11	-3.6816782e-11	-3.770833e-11	-3.9088757e-11	-4.0686145e-11	-4.2799229e-11	-4.5188443e-11	-4.7981796e-11	-5.0474652e-11	-5.3712555e-11	-5.5509927e-11	-5.6875251e-11	-5.888473e-11	-6.3186595e-11	-7.0796896e-11	-7.6604376e-11	-7.8600786e-11	-8.1800233e-11	-9.1437004e-11	-1.0001478e-10
	41.6666666666667	-5.0475443e-11	-3.4925972e-11	-3.3911724e-11	-3.3961025e-11	-3.4260164e-11	-3.450161e-11	-3.3997291e-11	-3.3831885e-11	-3.4435062e-11	-3.4590792e-11	-3.4525976e-11	-3.5129417e-11	-3.4568872e-11	-3.4334886e-11	-3.4476789e-11	-3.4596589e-11	-3.4677636e-11	-3.4436568e-11	-3.4156108e-11	-3.4420789e-11	-3.4273345e-11	-3.4737518e-11	-3.5147722e-11	-3.4679409e-11	-3.458454e-11	-3.4861308e-11	-3.4995985e-11	-3.4860746e-11	-3.5552276e-11	-3.5619577e-11	-3.5750486e-11	-3.6888752e-11	-3.8016434e-11	-3.9096854e-11	-4.0088616e-11	-4.1665633e-11	-4.3666036e-11	-4.5936428e-11	-4.8559705e-11	-5.1514321e-11	-5.4313099e-11	-5.6409988e-11	-5.787756e-11	-6.0128937e-11	-6.4135385e-11	-7.1538178e-11	-7.7592752e-11	-7.9686549e-11	-8.3281444e-11	-9.3074243e-11	-1.0117569e-10
	43.3333333333333	-5.4762354e-11	-3.5113412e-11	-3.4616515e-11	-3.4340232e-11	-3.4369344e-11	-3.465794e-11	-3.4703847e-11	-3.4726371e-11	-3.5204062e-11	-3.5104714e-11	-3.446406e-11	-3.469515e-11	-3.5308798e-11	-3.5242288e-11	-3.5130059e-11	-3.5042347e-11	-3.4751188e-11	-3.461079e-11	-3.4485265e-11	-3.4855736e-11	-3.5153821e-11	-3.5159434e-11	-3.4828581e-11	-3.488854e-11	-3.5269478e-11	-3.4804253e-11	-3.4959754e-11	-3.4359363e-11	-3.4465868e-11	-3.4939343e-11	-3.5904557e-11	-3.6653444e-11	-3.7447039e-11	-3.8100266e-11	-4.0027984e-11	-4.2021907e-11	-4.3967999e-11	-4.5715695e-11	-4.8166485e-11	-5.1072521e-11	-5.3624691e-11	-5.6480223e-11	-5.8244042e-11	-5.8621517e-11	-6.3355501e-11	-7.1612036e-11	-7.7358044e-11	-7.9853686e-11	-8.2751667e-11	-9.3222097e-11	-1.0009824e-10
	45	-5.4377874e-11	-3.5083245e-11	-3.4669014e-11	-3.4586046e-11	-3.4350061e-11	-3.4212373e-11	-3.439081e-11	-3.4629129e-11	-3.4292479e-11	-3.4564428e-11	-3.4306037e-11	-3.4166239e-11	-3.4226157e-11	-3.4783201e-11	-3.4879762e-11	-3.422853e-11	-3.4365351e-11	-3.4056154e-11	-3.4351494e-11	-3.4556708e-11	-3.4776911e-11	-3.4487749e-11	-3.4290331e-11	-3.4360081e-11	-3.42921e-11	-3.4458037e-11	-3.4465417e-11	-3.3830452e-11	-3.4116036e-11	-3.527317e-11	-3.5935289e-11	-3.6305608e-11	-3.6607949e-11	-3.7800034e-11	-3.9310617e-11	-4.1018994e-11	-4.3577118e-11	-4.5781792e-11	-4.8029702e-11	-5.071862e-11	-5.3872577e-11	-5.5879568e-11	-5.7327483e-11	-5.9193019e-11	-6.3999993e-11	-7.1859581e-11	-7.8106938e-11	-8.0639447e-11	-8.352586e-11	-9.2252851e-11	-9.9807572e-11
	46.6666666666667	-5.3922478e-11	-3.4948495e-11	-3.4219794e-11	-3.3801004e-11	-3.3355322e-11	-3.2771424e-11	-3.2934572e-11	-3.321771e-11	-3.3082467e-11	-3.3571083e-11	-3.326682e-11	-3.3149466e-11	-3.3310469e-11	-3.3529731e-11	-3.3436517e-11	-3.3354909e-11	-3.2962858e-11	-3.2904936e-11	-3.3383039e-11	-3.3395658e-11	-3.3330089e-11	-3.3535001e-11	-3.3382627e-11	-3.3718712e-11	-3.3410157e-11	-3.399089e-11	-3.3751366e-11	-3.3451169e-11	-3.3256915e-11	-3.3794599e-11	-3.4510009e-11	-3.4833778e-11	-3.5749771e-11	-3.6992544e-11	-3.8560408e-11	-4.0383804e-11	-4.2712799e-11	-4.5252843e-11	-4.8030791e-11	-4.8985989e-11	-5.1648394e-11	-5.5193461e-11	-5.6955468e-11	-5.9284952e-11	-6.3707747e-11	-7.1083271e-11	-7.6844767e-11	-7.9705867e-11	-8.2201246e-11	-9.1838016e-11	-1.0057819e-10
	48.3333333333333	-5.3126926e-11	-3.3928974e-11	-3.3612772e-11	-3.3530106e-11	-3.3501257e-11	-3.3452602e-11	-3.3179067e-11	-3.3445257e-11	-3.3736715e-11	-3.3596615e-11	-3.3244373e-11	-3.3150521e-11	-3.3104162e-11	-3.3148827e-11	-3.3532895e-11	-3.3622865e-11	-3.3650548e-11	-3.317116e-11	-3.2897289e-11	-3.3109168e-11	-3.337404e-11	-3.3554926e-11	-3.3956806e-11	-3.3123969e-11	-3.3667229e-11	-3.3841034e-11	-3.3703047e-11	-3.4108202e-11	-3.4218701e-11	-3.3907509e-11	-3.4370173e-11	-3.4895579e-11	-3.6107249e-11	-3.7753259e-11	-3.8868062e-11	-4.0410016e-11	-4.262064e-11	-4.5320973e-11	-4.8276567e-11	-5.1360249e-11	-5.3174454e-11	-5.5683468e-11	-5.7769962e-11	-6.0101327e-11	-6.5817324e-11	-7.3123521e-11	-7.8456582e-11	-8.0111029e-11	-8.2837077e-11	-9.2988936e-11	-1.0204637e-10
	50	-5.4302778e-11	-3.4492909e-11	-3.3629381e-11	-3.3814295e-11	-3.3893346e-11	-3.3749444e-11	-3.3550142e-11	-3.3709185e-11	-3.3731139e-11	-3.391052e-11	-3.3883028e-11	-3.3522952e-11	-3.3782057e-11	-3.3327265e-11	-3.37128e-11	-3.3840094e-11	-3.3893461e-11	-3.3326474e-11	-3.3451884e-11	-3.4104625e-11	-3.3791098e-11	-3.3633072e-11	-3.3653823e-11	-3.3686401e-11	-3.3793055e-11	-3.411129e-11	-3.4009719e-11	-3.3819645e-11	-3.4149704e-11	-3.462269e-11	-3.4818527e-11	-3.5315126e-11	-3.5607073e-11	-3.6974469e-11	-3.9160952e-11	-4.0815549e-11	-4.353648e-11	-4.5152816e-11	-4.7364307e-11	-4.9876409e-11	-5.302012e-11	-5.5871849e-11	-5.8301808e-11	-6.1185099e-11	-6.6472813e-11	-7.4742379e-11	-7.9697582e-11	-8.1334141e-11	-8.3151208e-11	-9.2295449e-11	-1.0109057e-10
	51.6666666666667	-5.2624041e-11	-3.5358699e-11	-3.3893836e-11	-3.3866607e-11	-3.3419194e-11	-3.3448157e-11	-3.3836628e-11	-3.4244007e-11	-3.395274e-11	-3.3991681e-11	-3.3514063e-11	-3.390762e-11	-3.385885e-11	-3.4143226e-11	-3.3973827e-11	-3.371619e-11	-3.3552515e-11	-3.3487851e-11	-3.4022601e-11	-3.3743681e-11	-3.3788083e-11	-3.380168e-11	-3.3988402e-11	-3.3832222e-11	-3.379317e-11	-3.3624863e-11	-3.3313068e-11	-3.3719694e-11	-3.3877907e-11	-3.4717181e-11	-3.4892228e-11	-3.5055566e-11	-3.5973478e-11	-3.7382337e-11	-3.9004733e-11	-4.1012367e-11	-4.3138968e-11	-4.4974264e-11	-4.7343102e-11	-5.0316626e-11	-5.3734399e-11	-5.6742194e-11	-5.8783305e-11	-6.2447381e-11	-6.8422414e-11	-7.5644623e-11	-8.0575234e-11	-8.1284771e-11	-8.2438285e-11	-9.2800483e-11	-1.0094915e-10
	53.3333333333333	-5.4372715e-11	-3.402437e-11	-3.3168336e-11	-3.336632e-11	-3.3267347e-11	-3.3253563e-11	-3.3092334e-11	-3.3239626e-11	-3.2994867e-11	-3.2860496e-11	-3.3045223e-11	-3.3442017e-11	-3.3456481e-11	-3.2965491e-11	-3.3040477e-11	-3.3313068e-11	-3.3258382e-11	-3.3350652e-11	-3.3439571e-11	-3.2940751e-11	-3.2863771e-11	-3.2928396e-11	-3.3821942e-11	-3.3437988e-11	-3.2847954e-11	-3.3125402e-11	-3.3213678e-11	-3.3323649e-11	-3.382631e-11	-3.444478e-11	-3.4132985e-11	-3.4607851e-11	-3.5754743e-11	-3.7568646e-11	-3.8585152e-11	-4.0298351e-11	-4.2809322e-11	-4.5057007e-11	-4.7837592e-11	-5.118991e-11	-5.4217814e-11	-5.7258e-11	-6.0261802e-11	-6.4013662e-11	-6.9282628e-11	-7.6433769e-11	-8.0225777e-11	-8.1024118e-11	-8.2718069e-11	-9.2374386e-11	-1.004077e-10
	55	-5.4232615e-11	-3.4219075e-11	-3.3590967e-11	-3.408444e-11	-3.4272519e-11	-3.457068e-11	-3.3957295e-11	-3.3624183e-11	-3.4055401e-11	-3.4007009e-11	-3.373193e-11	-3.3726244e-11	-3.3611079e-11	-3.3459607e-11	-3.3719503e-11	-3.3691522e-11	-3.397737e-11	-3.4215575e-11	-3.3534665e-11	-3.3851692e-11	-3.3569952e-11	-3.4136412e-11	-3.3759724e-11	-3.3161893e-11	-3.3347488e-11	-3.370523e-11	-3.4000795e-11	-3.4230337e-11	-3.4368289e-11	-3.4261372e-11	-3.4483569e-11	-3.5358511e-11	-3.6490335e-11	-3.7868427e-11	-3.9378747e-11	-4.0607472e-11	-4.3543561e-11	-4.5497262e-11	-4.8553678e-11	-5.1947158e-11	-5.5409712e-11	-5.8009299e-11	-6.1732654e-11	-6.5773602e-11	-7.0527695e-11	-7.683388e-11	-8.074004e-11	-8.0722262e-11	-8.2449776e-11	-9.2439882e-11	-1.0079787e-10
	56.6666666666667	-5.3353946e-11	-3.4067943e-11	-3.3762965e-11	-3.3420627e-11	-3.3906829e-11	-3.3852147e-11	-3.3843071e-11	-3.3232549e-11	-3.3501712e-11	-3.3963322e-11	-3.3701538e-11	-3.4123607e-11	-3.3270699e-11	-3.3078023e-11	-3.3412377e-11	-3.3661469e-11	-3.4057059e-11	-3.4032239e-11	-3.3503218e-11	-3.3479903e-11	-3.3773057e-11	-3.3846571e-11	-3.3650697e-11	-3.3256613e-11	-3.3267722e-11	-3.368094e-11	-3.3333402e-11	-3.3930744e-11	-3.4376123e-11	-3.4298051e-11	-3.4536447e-11	-3.5364045e-11	-3.6433016e-11	-3.7671762e-11	-3.8618594e-11	-4.0848391e-11	-4.3714053e-11	-4.6054684e-11	-4.8875941e-11	-5.2484694e-11	-5.5520057e-11	-5.8384776e-11	-6.2774883e-11	-6.5395293e-11	-7.0510486e-11	-7.5943724e-11	-7.9662145e-11	-8.0324643e-11	-8.1761257e-11	-9.1092259e-11	-9.9440754e-11
	58.3333333333333	-4.3796154e-11	-3.36394e-11	-3.3704328e-11	-3.3316606e-11	-3.3472787e-11	-3.3385565e-11	-3.2992081e-11	-3.3175001e-11	-3.3298603e-11	-3.3666139e-11	-3.3919634e-11	-3.3886605e-11	-3.3725869e-11	-3.3527132e-11	-3.3622112e-11	-3.3717921e-11	-3.3926188e-11	-3.3463711e-11	-3.3575715e-11	-3.3646894e-11	-3.3359277e-11	-3.3575524e-11	-3.4268036e-11	-3.4106357e-11	-3.3501674e-11	-3.3647647e-11	-3.3851318e-11	-3.3844198e-11	-3.4442556e-11	-3.4046703e-11	-3.4471894e-11	-3.4656583e-11	-3.6101899e-11	-3.7874228e-11	-3.9907619e-11	-4.0885864e-11	-4.3434457e-11	-4.6573048e-11	-4.9527254e-11	-5.3510318e-11	-5.6305967e-11	-5.9164854e-11	-6.2561005e-11	-6.6210468e-11	-7.0938692e-11	-7.6614957e-11	-7.9658682e-11	-7.9764584e-11	-8.0768288e-11	-9.0844637e-11	-9.9116874e-11
	60	-5.3153929e-11	-3.4297336e-11	-3.3107211e-11	-3.35286e-11	-3.3850114e-11	-3.3824051e-11	-3.344857e-11	-3.3024205e-11	-3.3511013e-11	-3.3485856e-11	-3.3655745e-11	-3.3765976e-11	-3.3390533e-11	-3.3396751e-11	-3.3389329e-11	-3.3835237e-11	-3.3820811e-11	-3.3655592e-11	-3.3597368e-11	-3.3937297e-11	-3.4019437e-11	-3.3894287e-11	-3.4021997e-11	-3.3447703e-11	-3.3980155e-11	-3.4039396e-11	-3.3888413e-11	-3.3960158e-11	-3.4003619e-11	-3.4376651e-11	-3.4728893e-11	-3.5081136e-11	-3.6699994e-11	-3.7570905e-11	-3.8968693e-11	-4.1525235e-11	-4.3580996e-11	-4.6844435e-11	-4.9980579e-11	-5.2954592e-11	-5.6356132e-11	-6.000217e-11	-6.2511107e-11	-6.5137243e-11	-6.877808e-11	-7.4510044e-11	-7.8525728e-11	-7.8461397e-11	-8.0341289e-11	-9.0034397e-11	-9.8077844e-11
	61.6666666666667	-5.3333157e-11	-3.4034085e-11	-3.3839379e-11	-3.3559069e-11	-3.3787782e-11	-3.3688094e-11	-3.3319656e-11	-3.3679431e-11	-3.3673217e-11	-3.372308e-11	-3.3459832e-11	-3.3204717e-11	-3.3478886e-11	-3.3307003e-11	-3.3780551e-11	-3.3717432e-11	-3.3191422e-11	-3.3231869e-11	-3.3522875e-11	-3.339852e-11	-3.3546641e-11	-3.3086572e-11	-3.3172402e-11	-3.3509581e-11	-3.3703911e-11	-3.3292577e-11	-3.3423524e-11	-3.3214168e-11	-3.3197296e-11	-3.4429189e-11	-3.4175992e-11	-3.4966197e-11	-3.5614491e-11	-3.6817722e-11	-3.8806413e-11	-4.1156644e-11	-4.3941562e-11	-4.5825215e-11	-4.9225814e-11	-5.2495088e-11	-5.5284863e-11	-5.8287007e-11	-6.152303e-11	-6.428795e-11	-6.7552706e-11	-7.2568174e-11	-7.6282862e-11	-7.6879184e-11	-7.8693767e-11	-8.8311518e-11	-9.7121367e-11
	63.3333333333333	-4.8155754e-11	-3.383482e-11	-3.3503783e-11	-3.3562722e-11	-3.3573529e-11	-3.3232132e-11	-3.2711885e-11	-3.3127549e-11	-3.3161331e-11	-3.3231719e-11	-3.3386127e-11	-3.3117228e-11	-3.3233187e-11	-3.3019535e-11	-3.3029066e-11	-3.3612432e-11	-3.3853125e-11	-3.3352838e-11	-3.332994e-11	-3.3625953e-11	-3.3870448e-11	-3.3729596e-11	-3.3322445e-11	-3.3382474e-11	-3.3763943e-11	-3.3710125e-11	-3.361925e-11	-3.4026552e-11	-3.3729484e-11	-3.3471545e-11	-3.389557e-11	-3.5064115e-11	-3.6081565e-11	-3.7228831e-11	-3.8677572e-11	-4.0961373e-11	-4.3772014e-11	-4.6478859e-11	-4.9201559e-11	-5.1444838e-11	-5.5248334e-11	-5.827281e-11	-6.1193911e-11	-6.3369664e-11	-6.6788755e-11	-7.1540926e-11	-7.5067168e-11	-7.6379236e-11	-7.8450441e-11	-8.820987e-11	-9.708092e-11
	65	-5.3105912e-11	-3.4474042e-11	-3.3462278e-11	-3.3340823e-11	-3.3736226e-11	-3.3352196e-11	-3.3033434e-11	-3.3214886e-11	-3.3442998e-11	-3.3234165e-11	-3.3302069e-11	-3.305942e-11	-3.3044883e-11	-3.3177561e-11	-3.3598648e-11	-3.3441489e-11	-3.3164266e-11	-3.339818e-11	-3.272661e-11	-3.2963535e-11	-3.3254503e-11	-3.3325419e-11	-3.3128677e-11	-3.3288851e-11	-3.3488566e-11	-3.3942533e-11	-3.374338e-11	-3.3419347e-11	-3.3567128e-11	-3.4242689e-11	-3.5214907e-11	-3.572484e-11	-3.6177259e-11	-3.695462e-11	-3.876905e-11	-4.1368037e-11	-4.3896782e-11	-4.6805643e-11	-4.8889989e-11	-5.2195911e-11	-5.5872112e-11	-5.8927738e-11	-6.1125445e-11	-6.2260433e-11	-6.5567295e-11	-7.1101541e-11	-7.4842105e-11	-7.5726835e-11	-7.7420938e-11	-8.7512428e-11	-9.6766865e-11
	66.6666666666667	-5.2966794e-11	-3.3861938e-11	-3.3805708e-11	-3.3080434e-11	-3.3106008e-11	-3.3465179e-11	-3.3999928e-11	-3.3743307e-11	-3.3728204e-11	-3.3802246e-11	-3.3688094e-11	-3.2930093e-11	-3.3403339e-11	-3.352393e-11	-3.3265727e-11	-3.2957546e-11	-3.2928587e-11	-3.3726733e-11	-3.3656685e-11	-3.3599026e-11	-3.3395356e-11	-3.3551537e-11	-3.3616502e-11	-3.366565e-11	-3.3662861e-11	-3.3483407e-11	-3.328772e-11	-3.3449476e-11	-3.4055401e-11	-3.419923e-11	-3.4436794e-11	-3.5097029e-11	-3.5921051e-11	-3.7534937e-11	-3.9222566e-11	-4.1446523e-11	-4.4021328e-11	-4.6818147e-11	-4.989972e-11	-5.286473e-11	-5.590951e-11	-5.8735551e-11	-6.0605951e-11	-6.208678e-11	-6.5283591e-11	-7.0403759e-11	-7.436219e-11	-7.5857556e-11	-7.7921419e-11	-8.7227864e-11	-9.6847155e-11
	68.3333333333333	-5.3846025e-11	-3.4546803e-11	-3.3584226e-11	-3.3609195e-11	-3.3205317e-11	-3.297615e-11	-3.3633863e-11	-3.3304668e-11	-3.3571985e-11	-3.3230776e-11	-3.314864e-11	-3.320012e-11	-3.3377204e-11	-3.3636687e-11	-3.3482994e-11	-3.3303953e-11	-3.3578425e-11	-3.3768915e-11	-3.3978084e-11	-3.376982e-11	-3.3356602e-11	-3.3241285e-11	-3.3560651e-11	-3.3989644e-11	-3.4094307e-11	-3.3890824e-11	-3.3397653e-11	-3.3858812e-11	-3.4194862e-11	-3.4889518e-11	-3.4925559e-11	-3.537606e-11	-3.6232208e-11	-3.7460861e-11	-3.9109618e-11	-4.2014524e-11	-4.364822e-11	-4.6350774e-11	-4.9642984e-11	-5.312787e-11	-5.6015977e-11	-5.8192555e-11	-5.957769e-11	-6.1853696e-11	-6.5508245e-11	-7.1161757e-11	-7.4927294e-11	-7.6207957e-11	-7.8549681e-11	-8.8574731e-11	-9.8385119e-11
	70	-4.9453663e-11	-3.3825821e-11	-3.348917e-11	-3.2957623e-11	-3.3293104e-11	-3.3876776e-11	-3.3838061e-11	-3.3334533e-11	-3.307132e-11	-3.3265765e-11	-3.3747373e-11	-3.3745225e-11	-3.4051637e-11	-3.3494856e-11	-3.3173721e-11	-3.3674952e-11	-3.3788083e-11	-3.3824089e-11	-3.3749559e-11	-3.3405712e-11	-3.3392757e-11	-3.3641017e-11	-3.3569501e-11	-3.3436066e-11	-3.3252845e-11	-3.3274238e-11	-3.3653635e-11	-3.3984749e-11	-3.3899938e-11	-3.4503945e-11	-3.4464553e-11	-3.4997189e-11	-3.6031698e-11	-3.7824098e-11	-3.9715772e-11	-4.1880339e-11	-4.4054472e-11	-4.4958034e-11	-4.9798637e-11	-5.2973608e-11	-5.5382782e-11	-5.7860199e-11	-5.9914566e-11	-6.1844016e-11	-6.6020509e-11	-7.16886e-11	-7.4829712e-11	-7.6453316e-11	-7.9258267e-11	-8.9096376e-11	-9.8010162e-11
	71.6666666666667	-5.2105861e-11	-3.4310027e-11	-3.3334308e-11	-3.3136664e-11	-3.3587313e-11	-3.3049476e-11	-3.2871379e-11	-3.2811798e-11	-3.3517793e-11	-3.3291297e-11	-3.3243845e-11	-3.3480243e-11	-3.3406316e-11	-3.2975699e-11	-3.2972007e-11	-3.3103333e-11	-3.3445482e-11	-3.3302899e-11	-3.2943048e-11	-3.3320183e-11	-3.3355207e-11	-3.3488528e-11	-3.3287005e-11	-3.3186901e-11	-3.299901e-11	-3.3296758e-11	-3.3385791e-11	-3.3646818e-11	-3.4139084e-11	-3.4137051e-11	-3.4220998e-11	-3.5228882e-11	-3.6328732e-11	-3.7407192e-11	-3.8982213e-11	-4.1012027e-11	-4.3359021e-11	-4.6013332e-11	-4.9441687e-11	-5.2260651e-11	-5.5109365e-11	-5.765792e-11	-6.0162299e-11	-6.3094738e-11	-6.6910887e-11	-7.1791226e-11	-7.4784297e-11	-7.7003091e-11	-7.9556133e-11	-8.9651231e-11	-9.8693186e-11
	73.3333333333333	-5.3829004e-11	-3.4748253e-11	-3.3543664e-11	-3.4525261e-11	-3.4856302e-11	-3.5032553e-11	-3.4615533e-11	-3.5085733e-11	-3.4590639e-11	-3.5274526e-11	-3.4976515e-11	-3.428698e-11	-3.464521e-11	-3.511812e-11	-3.4803011e-11	-3.4590452e-11	-3.479288e-11	-3.4326108e-11	-3.4399886e-11	-3.4313191e-11	-3.5348304e-11	-3.5134916e-11	-3.4255647e-11	-3.4494265e-11	-3.4317486e-11	-3.5185608e-11	-3.5341299e-11	-3.5404006e-11	-3.5986356e-11	-3.5611892e-11	-3.5933818e-11	-3.6920651e-11	-3.7586309e-11	-3.8956338e-11	-4.0292512e-11	-4.2847021e-11	-4.4822604e-11	-4.7705364e-11	-5.0723554e-11	-5.3809571e-11	-5.6382794e-11	-6.0277165e-11	-6.2829381e-11	-6.5845419e-11	-6.9417562e-11	-7.38999e-11	-7.771752e-11	-7.9010985e-11	-8.1771465e-11	-9.0780196e-11	-9.8138553e-11
	75	-5.1251975e-11	-3.4870648e-11	-3.4956555e-11	-3.484971e-11	-3.4830239e-11	-3.4476262e-11	-3.4310027e-11	-3.4766443e-11	-3.5119022e-11	-3.4527596e-11	-3.4757291e-11	-3.4183111e-11	-3.4485151e-11	-3.4178101e-11	-3.4461916e-11	-3.4854078e-11	-3.4470614e-11	-3.4163075e-11	-3.4357669e-11	-3.4929625e-11	-3.515593e-11	-3.4312324e-11	-3.4361059e-11	-3.4280315e-11	-3.4212862e-11	-3.446907e-11	-3.4230601e-11	-3.4710779e-11	-3.4653686e-11	-3.4993536e-11	-3.5626582e-11	-3.6446197e-11	-3.7366669e-11	-3.8352634e-11	-4.0226947e-11	-4.2333439e-11	-4.5287944e-11	-4.7968126e-11	-5.0969631e-11	-5.4179328e-11	-5.7059336e-11	-5.9886589e-11	-6.3656566e-11	-6.644589e-11	-6.9283156e-11	-7.3939861e-11	-7.7504433e-11	-7.8662812e-11	-8.1032028e-11	-8.947984e-11	-9.7214049e-11
	76.6666666666667	-5.4462084e-11	-3.5793982e-11	-3.5677423e-11	-3.5523577e-11	-3.5176421e-11	-3.5168132e-11	-3.5233136e-11	-3.5410484e-11	-3.5387696e-11	-3.5852998e-11	-3.5253814e-11	-3.4941414e-11	-3.5180827e-11	-3.5389466e-11	-3.5767809e-11	-3.4725053e-11	-3.4960319e-11	-3.5304579e-11	-3.5155556e-11	-3.5238146e-11	-3.5633999e-11	-3.4903566e-11	-3.4577272e-11	-3.4897276e-11	-3.5490284e-11	-2.9382274e-11	-2.879774e-11	-2.8791148e-11	-2.8580473e-11	-2.9984588e-11	-3.0643318e-11	-3.1695452e-11	-3.1780453e-11	-3.2568809e-11	-3.5281417e-11	-3.7604423e-11	-4.0728289e-11	-4.3343693e-11	-4.5905547e-11	-5.0647479e-11	-5.3699222e-11	-5.7355655e-11	-6.0536881e-11	-6.3306957e-11	-6.6209149e-11	-7.2158418e-11	-7.6516585e-11	-7.8248241e-11	-8.0833062e-11	-8.9519121e-11	-9.7039751e-11
	78.3333333333333	-5.3541688e-11	-3.5006945e-11	-3.4312626e-11	-3.372131e-11	-3.3849021e-11	-3.4097017e-11	-3.4231167e-11	-3.4641293e-11	-3.4456566e-11	-3.3834897e-11	-3.362588e-11	-3.4071898e-11	-3.4523301e-11	-3.3862614e-11	-3.3659509e-11	-3.3335737e-11	-3.3603734e-11	-3.4208719e-11	-3.3929578e-11	-3.3950818e-11	-3.3531424e-11	-3.351297e-11	-3.3787445e-11	-3.4308181e-11	-3.4167332e-11	-3.4483458e-11	-3.4334958e-11	-3.4454346e-11	-3.4501044e-11	-3.5060951e-11	-3.5489157e-11	-3.5687779e-11	-3.6397312e-11	-3.7505037e-11	-3.9530254e-11	-4.1795414e-11	-4.4725137e-11	-4.6925519e-11	-5.0485047e-11	-5.4534318e-11	-5.779708e-11	-6.0894546e-11	-6.3644624e-11	-6.5749274e-11	-6.7457838e-11	-7.2866331e-11	-7.7030396e-11	-7.8710413e-11	-8.0818074e-11	-8.8717846e-11	-9.6469679e-11
	80	-5.2407488e-11	-3.4525147e-11	-3.3685044e-11	-3.3016936e-11	-3.2586208e-11	-3.3227913e-11	-3.33885e-11	-3.3143741e-11	-3.3254125e-11	-3.30636e-11	-3.3157564e-11	-3.2730076e-11	-3.2908096e-11	-3.3309827e-11	-3.3042697e-11	-3.2515934e-11	-3.2616111e-11	-3.3262525e-11	-3.3089927e-11	-3.2960596e-11	-3.2747284e-11	-3.2713315e-11	-3.3470678e-11	-3.3460547e-11	-3.3347752e-11	-3.3311295e-11	-3.3104425e-11	-3.2961842e-11	-3.3522463e-11	-3.3837308e-11	-3.4382486e-11	-3.4438001e-11	-3.5637014e-11	-3.7152718e-11	-3.8833714e-11	-4.0859049e-11	-4.3810049e-11	-4.6122474e-11	-4.9372201e-11	-5.43839e-11	-5.6973544e-11	-6.003139e-11	-6.2758389e-11	-6.5037593e-11	-6.7182274e-11	-7.182975e-11	-7.5758393e-11	-7.7362637e-11	-7.8940639e-11	-8.7748787e-11	-9.6452693e-11
	81.6666666666667	-5.019159e-11	-3.4577421e-11	-3.3257969e-11	-3.3161331e-11	-3.3120166e-11	-3.2731807e-11	-3.3132292e-11	-3.294753e-11	-3.2678665e-11	-3.2723033e-11	-3.2922446e-11	-3.2992609e-11	-3.3000064e-11	-3.3027522e-11	-3.2517402e-11	-3.2702546e-11	-3.3349296e-11	-3.3238082e-11	-3.3330089e-11	-3.2989785e-11	-3.3411777e-11	-3.3268024e-11	-3.3499713e-11	-3.3426501e-11	-3.3434446e-11	-3.2769919e-11	-3.3572287e-11	-3.3837644e-11	-3.385979e-11	-3.4274365e-11	-3.4867411e-11	-3.5514165e-11	-3.6723683e-11	-3.795177e-11	-3.9610096e-11	-4.1378883e-11	-4.3582991e-11	-4.6792348e-11	-5.0854914e-11	-5.508722e-11	-5.790882e-11	-6.042386e-11	-6.2684309e-11	-6.4400214e-11	-6.6531267e-11	-7.1302048e-11	-7.5211185e-11	-7.6374795e-11	-7.8114126e-11	-8.7579201e-11	-9.6225146e-11
	83.3333333333333	-5.2935007e-11	-3.4012695e-11	-3.2823098e-11	-3.3648476e-11	-3.346548e-11	-3.3533721e-11	-3.3960043e-11	-3.3505327e-11	-3.4074948e-11	-3.3710729e-11	-3.4221525e-11	-3.41569e-11	-3.4246078e-11	-3.380507e-11	-3.4106697e-11	-3.3986369e-11	-3.3840885e-11	-3.4355071e-11	-3.396336e-11	-3.3297438e-11	-3.3997555e-11	-3.4063762e-11	-3.3630095e-11	-3.3575677e-11	-3.3867284e-11	-3.3622376e-11	-3.3828832e-11	-3.3872596e-11	-3.3918014e-11	-3.4100368e-11	-3.4667807e-11	-3.5770144e-11	-3.6501746e-11	-3.7573542e-11	-3.9271524e-11	-4.1606319e-11	-4.3983404e-11	-4.7697755e-11	-5.1878956e-11	-5.5194366e-11	-5.7715391e-11	-6.1397054e-11	-6.3547688e-11	-6.4486722e-11	-6.7338753e-11	-7.0788993e-11	-7.5553598e-11	-7.6739427e-11	-7.8906062e-11	-8.8279731e-11	-9.6584546e-11
	85	-5.2367569e-11	-3.3874591e-11	-3.3555526e-11	-3.3170182e-11	-3.3739803e-11	-3.3467552e-11	-3.3573418e-11	-3.3330994e-11	-3.397187e-11	-3.33885e-11	-3.3204828e-11	-3.29934e-11	-3.3588181e-11	-3.371909e-11	-3.3400664e-11	-3.3602756e-11	-3.3417651e-11	-3.3569009e-11	-3.3537978e-11	-3.4007307e-11	-3.4155054e-11	-3.4127898e-11	-3.3647345e-11	-3.4147143e-11	-3.4630861e-11	-3.4722981e-11	-3.4781279e-11	-3.395869e-11	-3.3750912e-11	-3.4322156e-11	-3.4985514e-11	-3.5534388e-11	-3.6717809e-11	-3.7511175e-11	-3.9422694e-11	-4.1285184e-11	-4.4456952e-11	-4.7400386e-11	-5.1360628e-11	-5.4805816e-11	-5.7999619e-11	-6.123696e-11	-6.32705e-11	-6.3890705e-11	-6.5900327e-11	-7.0490828e-11	-7.4111897e-11	-7.6659998e-11	-7.8317533e-11	-8.6537388e-11	-9.5645582e-11
	86.6666666666667	-4.9781089e-11	-3.4657263e-11	-3.4051297e-11	-3.400584e-11	-3.3541368e-11	-3.3305119e-11	-3.4059509e-11	-3.3814673e-11	-3.3628288e-11	-3.3791588e-11	-3.336504e-11	-3.2945948e-11	-3.2961876e-11	-3.3287758e-11	-3.3417012e-11	-3.3316492e-11	-3.2921429e-11	-3.2761634e-11	-3.3270848e-11	-3.3795841e-11	-3.3301955e-11	-3.2934346e-11	-3.2706914e-11	-3.3489506e-11	-3.3188032e-11	-3.3441302e-11	-3.3473991e-11	-3.3378484e-11	-3.3251003e-11	-3.4010284e-11	-3.4708444e-11	-3.5079745e-11	-3.5438652e-11	-3.6912477e-11	-3.8570803e-11	-4.1402271e-11	-4.4468741e-11	-4.7748788e-11	-5.1050338e-11	-5.4734637e-11	-5.8054415e-11	-6.047244e-11	-6.2753677e-11	-6.3203311e-11	-6.4861186e-11	-6.9626846e-11	-7.457697e-11	-7.6782476e-11	-7.858026e-11	-8.6635192e-11	-9.5496784e-11
	88.3333333333333	-4.9669612e-11	-3.4676168e-11	-3.3555679e-11	-3.3469699e-11	-3.3089399e-11	-3.3430231e-11	-3.3327115e-11	-3.3539335e-11	-3.3663163e-11	-3.2890961e-11	-3.2360694e-11	-3.3266178e-11	-3.3079796e-11	-3.3519826e-11	-3.3351669e-11	-3.3153046e-11	-3.3307794e-11	-3.3638908e-11	-3.3644823e-11	-3.3511728e-11	-3.3123743e-11	-3.3511503e-11	-3.3194999e-11	-3.3564568e-11	-3.3604185e-11	-3.3463898e-11	-3.2899398e-11	-3.3278606e-11	-3.4035441e-11	-3.4558252e-11	-3.4662911e-11	-3.4421844e-11	-3.5495482e-11	-3.6352647e-11	-3.8828253e-11	-4.0965252e-11	-4.4137815e-11	-4.6875278e-11	-5.0866929e-11	-5.4389285e-11	-5.8299553e-11	-6.0024916e-11	-6.12611e-11	-6.2308825e-11	-6.5270678e-11	-7.0198992e-11	-7.4907483e-11	-7.6472224e-11	-7.7915882e-11	-8.7314184e-11	-9.5938132e-11
	90	-5.4290576e-11	-3.481495e-11	-3.3552553e-11	-3.3368992e-11	-3.3001119e-11	-3.3187279e-11	-3.335374e-11	-3.3616013e-11	-3.3210251e-11	-3.3049327e-11	-3.3059607e-11	-3.3406992e-11	-3.387041e-11	-3.3385676e-11	-3.3195263e-11	-3.2910809e-11	-3.3204942e-11	-3.301788e-11	-3.2855333e-11	-3.3540917e-11	-3.3144119e-11	-3.3019875e-11	-3.3390988e-11	-3.3646932e-11	-3.3571947e-11	-3.327277e-11	-3.3091769e-11	-3.3549993e-11	-3.3684364e-11	-3.4379589e-11	-3.4351983e-11	-3.5066373e-11	-3.5899322e-11	-3.7543149e-11	-3.9600795e-11	-4.1503918e-11	-4.4202138e-11	-4.7661226e-11	-5.1687977e-11	-5.4873304e-11	-5.7679764e-11	-6.0344993e-11	-6.2101276e-11	-6.3318066e-11	-6.5705434e-11	-7.0731893e-11	-7.5507045e-11	-7.690152e-11	-7.8380614e-11	-8.6922955e-11	-9.5705464e-11
	91.6666666666667	-5.2591653e-11	-3.4616213e-11	-3.3826573e-11	-3.4412653e-11	-3.4967324e-11	-3.4801918e-11	-3.4484925e-11	-3.4855133e-11	-3.4225216e-11	-3.4726708e-11	-3.419727e-11	-3.4805082e-11	-3.4870384e-11	-3.4796759e-11	-3.4522663e-11	-3.5081438e-11	-3.5754288e-11	-3.528251e-11	-3.5243981e-11	-3.4925559e-11	-3.5393157e-11	-3.520188e-11	-3.5146441e-11	-3.5538943e-11	-3.5246733e-11	-3.5042573e-11	-3.5402122e-11	-3.5748716e-11	-3.5417901e-11	-3.5706611e-11	-3.5676143e-11	-3.6655404e-11	-3.7549401e-11	-3.9390043e-11	-4.1176642e-11	-4.3261592e-11	-4.5782659e-11	-4.9845638e-11	-5.3395979e-11	-5.7053539e-11	-5.9940365e-11	-6.2086024e-11	-6.4224681e-11	-6.5588764e-11	-6.8070993e-11	-7.2601126e-11	-7.6955789e-11	-7.8922105e-11	-8.0586045e-11	-8.9063874e-11	-9.6928014e-11
	93.3333333333333	-5.4652689e-11	-3.5913484e-11	-3.5476917e-11	-3.4755407e-11	-3.5398316e-11	-3.5393875e-11	-3.5033344e-11	-3.5042084e-11	-3.4677036e-11	-3.5185497e-11	-3.5463243e-11	-3.5440349e-11	-3.5560711e-11	-3.5661078e-11	-3.5500755e-11	-3.5098386e-11	-3.5654563e-11	-3.5432327e-11	-3.4862967e-11	-3.5091419e-11	-3.4922735e-11	-3.4975422e-11	-3.5228844e-11	-3.5100908e-11	-3.4886618e-11	-3.526127e-11	-3.5255885e-11	-3.5493185e-11	-3.5758584e-11	-3.6073467e-11	-3.6321352e-11	-3.7375707e-11	-3.7971241e-11	-3.9174396e-11	-4.1036393e-11	-4.3082288e-11	-4.5762134e-11	-4.9377287e-11	-5.3711501e-11	-5.7175861e-11	-6.006013e-11	-6.2852015e-11	-6.4406661e-11	-6.5440035e-11	-6.8237006e-11	-7.3489506e-11	-7.7683741e-11	-7.885477e-11	-8.084116e-11	-8.9328704e-11	-9.7563242e-11
	95	-5.2837089e-11	-3.5347513e-11	-3.4534337e-11	-3.4995985e-11	-3.4738084e-11	-3.4789002e-11	-3.4624574e-11	-3.4725955e-11	-3.4678843e-11	-3.5113863e-11	-3.5377867e-11	-3.4858675e-11	-3.4599341e-11	-3.4504847e-11	-3.4723922e-11	-3.4818714e-11	-3.4810165e-11	-3.468837e-11	-3.4881008e-11	-3.4841536e-11	-3.4945935e-11	-3.5163879e-11	-3.486628e-11	-3.4325393e-11	-3.5268049e-11	-3.5378131e-11	-3.5535477e-11	-3.5462792e-11	-3.486406e-11	-3.5238031e-11	-3.5776132e-11	-3.7152604e-11	-3.8305182e-11	-3.9482126e-11	-4.1082828e-11	-4.3404856e-11	-4.6215306e-11	-5.005138e-11	-5.4057682e-11	-5.7872967e-11	-6.0611446e-11	-6.3098277e-11	-6.5013002e-11	-6.6414367e-11	-6.8343248e-11	-7.3287723e-11	-7.7732737e-11	-7.9203019e-11	-8.0544994e-11	-9.0136267e-11	-9.6674856e-11
	96.6666666666667	-5.2792045e-11	-3.5814698e-11	-3.4435177e-11	-3.4529591e-11	-3.4793519e-11	-3.4535694e-11	-3.4665697e-11	-3.4463307e-11	-3.4575499e-11	-3.4785008e-11	-3.4740228e-11	-3.4628189e-11	-3.4912379e-11	-3.4948947e-11	-3.519024e-11	-3.4859803e-11	-3.4722829e-11	-3.4394803e-11	-3.4666339e-11	-3.4636585e-11	-3.496951e-11	-3.0223057e-11	-2.9841289e-11	-2.9600107e-11	-2.9472209e-11	-2.9778281e-11	-2.9751503e-11	-2.9713013e-11	-2.9666315e-11	-2.9705145e-11	-3.1262576e-11	-3.2892807e-11	-3.3492334e-11	-3.3927205e-11	-3.5536608e-11	-3.8962063e-11	-4.2557447e-11	-4.9957153e-11	-5.3977274e-11	-5.8114222e-11	-6.0960452e-11	-6.3969864e-11	-6.5510763e-11	-6.65362e-11	-6.8612262e-11	-7.3937037e-11	-7.8042461e-11	-7.9223697e-11	-8.0392165e-11	-8.7416019e-11	-9.596389e-11
	98.3333333333333	-5.4083855e-11	-3.6572589e-11	-3.5621724e-11	-3.5688195e-11	-3.5939769e-11	-3.510893e-11	-3.5018433e-11	-3.5420462e-11	-3.5765925e-11	-3.5359073e-11	-3.5453151e-11	-3.5730901e-11	-3.5540827e-11	-3.5830516e-11	-3.5773797e-11	-3.584524e-11	-3.5442042e-11	-3.572672e-11	-3.5375081e-11	-3.5317083e-11	-3.5897816e-11	-3.57477e-11	-3.51165e-11	-3.5214571e-11	-3.551533e-11	-3.5582329e-11	-3.5401179e-11	-3.5076882e-11	-3.5658781e-11	-3.5833791e-11	-3.6417008e-11	-3.7077019e-11	-3.8438877e-11	-3.9169463e-11	-4.1596979e-11	-4.4134953e-11	-4.8421264e-11	-5.2235154e-11	-5.5257937e-11	-5.9138035e-11	-6.1632061e-11	-6.4012573e-11	-6.5302874e-11	-6.5756803e-11	-6.7488001e-11	-7.3153462e-11	-7.7752131e-11	-7.8815149e-11	-7.9736905e-11	-8.7740842e-11	-9.5744364e-11
	100	-5.4737274e-11	-3.6004207e-11	-3.5920412e-11	-3.5182898e-11	-3.5089008e-11	-3.5926775e-11	-3.6199668e-11	-3.5473714e-11	-3.4796232e-11	-3.5135218e-11	-3.5220219e-11	-3.5135669e-11	-3.5363028e-11	-3.5678665e-11	-3.499041e-11	-3.477401e-11	-3.4756122e-11	-3.5664242e-11	-3.5289476e-11	-3.4569587e-11	-3.4385765e-11	-3.4367648e-11	-3.4728592e-11	-3.5374065e-11	-3.5082267e-11	-3.4456982e-11	-3.4937046e-11	-3.5167078e-11	-3.5293508e-11	-3.5796206e-11	-3.5818726e-11	-3.684951e-11	-3.7601183e-11	-3.9434032e-11	-4.1722237e-11	-4.4884405e-11	-4.7342425e-11	-5.1115754e-11	-5.5744215e-11	-6.0335126e-11	-6.2713647e-11	-6.4062623e-11	-6.4858965e-11	-6.5538255e-11	-6.7801043e-11	-7.282016e-11	-7.6997256e-11	-7.7858484e-11	-7.8670341e-11	-8.7359939e-11	-9.6234604e-11
	101.666666666667	-5.4401223e-11	-3.5409127e-11	-3.540359e-11	-3.5515858e-11	-3.5746569e-11	-3.5515479e-11	-3.5891977e-11	-3.54675e-11	-3.5288498e-11	-3.509797e-11	-3.5819632e-11	-3.5280438e-11	-3.5112885e-11	-3.5025097e-11	-3.5217242e-11	-3.5185157e-11	-3.5855936e-11	-3.5848855e-11	-3.5324767e-11	-3.562195e-11	-3.5555892e-11	-3.5553217e-11	-3.5022839e-11	-3.5035152e-11	-3.5071421e-11	-3.5656259e-11	-3.5702316e-11	-3.544174e-11	-3.5392893e-11	-3.5422571e-11	-3.5963572e-11	-3.6644143e-11	-3.747129e-11	-3.8165006e-11	-4.0489216e-11	-4.4556116e-11	-4.831472e-11	-5.1873117e-11	-5.6457589e-11	-5.9698732e-11	-6.2472541e-11	-6.3767477e-11	-6.4537493e-11	-6.4634541e-11	-6.6887877e-11	-7.2183426e-11	-7.6489585e-11	-7.7621111e-11	-7.8791647e-11	-8.7080003e-11	-9.5426472e-11
	103.333333333333	-5.047051e-11	-3.6165963e-11	-3.6095609e-11	-3.5494843e-11	-3.4974443e-11	-3.5423702e-11	-3.5443211e-11	-3.5529527e-11	-3.5607902e-11	-3.6126758e-11	-3.5229708e-11	-3.5184855e-11	-3.5235849e-11	-3.5717308e-11	-3.5463472e-11	-3.5269176e-11	-3.540894e-11	-3.5226093e-11	-3.5263754e-11	-3.5095035e-11	-3.4803424e-11	-3.4908462e-11	-3.5078048e-11	-3.5525537e-11	-3.5711392e-11	-3.5519324e-11	-3.4903452e-11	-3.4735975e-11	-3.5061853e-11	-3.539749e-11	-3.6070227e-11	-3.7251955e-11	-3.8527494e-11	-4.0164504e-11	-4.1521994e-11	-4.5331516e-11	-4.7637987e-11	-5.1441486e-11	-5.5200955e-11	-5.9491974e-11	-6.1795506e-11	-6.2996365e-11	-6.4549879e-11	-6.3939812e-11	-6.6476019e-11	-7.2638409e-11	-7.6152855e-11	-7.702422e-11	-7.8067275e-11	-8.6332434e-11	-9.5912861e-11
	105	-4.707959e-11	-3.4854265e-11	-3.4433897e-11	-3.4235836e-11	-3.4628751e-11	-3.4780828e-11	-3.4995458e-11	-3.5249671e-11	-3.4625438e-11	-3.5089837e-11	-3.4687239e-11	-3.5041404e-11	-3.4670784e-11	-3.4675377e-11	-3.4276887e-11	-3.4527707e-11	-3.4698314e-11	-3.4787569e-11	-3.4654737e-11	-3.4372283e-11	-3.425173e-11	-3.4621937e-11	-3.454104e-11	-3.4583031e-11	-3.4754803e-11	-3.4611543e-11	-3.4426739e-11	-3.4932338e-11	-3.4922697e-11	-3.4771148e-11	-3.6435126e-11	-3.6888187e-11	-3.8082378e-11	-3.9748763e-11	-4.1750294e-11	-4.4387733e-11	-4.7970045e-11	-5.1496658e-11	-5.5620047e-11	-5.9335155e-11	-6.1187437e-11	-6.3027437e-11	-6.3212727e-11	-6.390264e-11	-6.6407137e-11	-7.1948648e-11	-7.6010948e-11	-7.7108354e-11	-7.8610202e-11	-8.7960556e-11	-9.5978239e-11
	106.666666666667	-4.8137636e-11	-3.5542409e-11	-3.4560136e-11	-3.40055e-11	-3.4269618e-11	-3.4960847e-11	-3.5314897e-11	-3.5025285e-11	-3.4716879e-11	-3.4600357e-11	-3.4547705e-11	-3.4677636e-11	-3.4341852e-11	-3.4293682e-11	-3.3930293e-11	-3.4420827e-11	-3.4467412e-11	-3.4744371e-11	-3.4696353e-11	-3.4271502e-11	-3.4763015e-11	-3.461011e-11	-3.4476415e-11	-3.4860143e-11	-3.5158265e-11	-3.5225114e-11	-3.484538e-11	-3.5650684e-11	-3.5500304e-11	-3.6117304e-11	-3.6170105e-11	-3.6517678e-11	-3.7134639e-11	-3.8711655e-11	-4.1129867e-11	-4.3867823e-11	-4.6983705e-11	-5.0277497e-11	-5.2890945e-11	-5.687668e-11	-6.0500042e-11	-6.1232214e-11	-6.2174946e-11	-6.293558e-11	-6.5604654e-11	-7.1451373e-11	-7.5289441e-11	-7.6629383e-11	-7.8244959e-11	-8.6585517e-11	-9.5124131e-11
	108.333333333333	-4.9886387e-11	-3.4826735e-11	-3.3432188e-11	-3.3703384e-11	-3.3317057e-11	-3.4170982e-11	-3.4021619e-11	-3.4282233e-11	-3.4002638e-11	-3.333751e-11	-3.3936919e-11	-3.4112119e-11	-3.4216855e-11	-3.4323887e-11	-3.4193318e-11	-3.4056945e-11	-3.3687192e-11	-3.4568834e-11	-3.4590039e-11	-3.429244e-11	-3.3771701e-11	-3.3994391e-11	-3.4048622e-11	-3.4364109e-11	-3.440128e-11	-3.4410207e-11	-3.4292028e-11	-3.409344e-11	-3.4362114e-11	-3.5113978e-11	-3.5482263e-11	-3.6181929e-11	-3.7398005e-11	-3.8897097e-11	-4.1676065e-11	-4.4292941e-11	-4.7677834e-11	-5.0852732e-11	-5.5208487e-11	-5.7983576e-11	-6.0449507e-11	-6.2672145e-11	-6.3743788e-11	-6.3682289e-11	-6.6725819e-11	-7.3052946e-11	-7.6799157e-11	-7.7635308e-11	-7.8504293e-11	-8.6731601e-11	-9.5247581e-11
	110	-4.743379e-11	-3.5122676e-11	-3.4493627e-11	-3.375562e-11	-3.3615898e-11	-3.3992208e-11	-3.4041693e-11	-3.4593578e-11	-3.442753e-11	-3.3740254e-11	-3.4197159e-11	-3.4295605e-11	-3.4538029e-11	-3.4296017e-11	-3.4285436e-11	-3.3855158e-11	-3.4435777e-11	-3.4216102e-11	-3.4658092e-11	-3.4989095e-11	-3.4571585e-11	-3.406497e-11	-3.4619564e-11	-3.4900815e-11	-3.4933317e-11	-3.4942244e-11	-3.4686563e-11	-3.4609773e-11	-3.522839e-11	-3.5825658e-11	-3.643328e-11	-3.7025084e-11	-3.7364185e-11	-3.9035577e-11	-4.0849747e-11	-4.4707699e-11	-4.7824487e-11	-5.117334e-11	-5.5104168e-11	-5.9651881e-11	-6.1660267e-11	-6.3342546e-11	-6.3873601e-11	-6.438252e-11	-6.6731204e-11	-7.3016974e-11	-7.703687e-11	-7.7872007e-11	-7.9895909e-11	-8.751725e-11	-9.6567747e-11
	111.666666666667	-4.7793679e-11	-3.6234807e-11	-3.5729093e-11	-3.5307968e-11	-3.5292679e-11	-3.5313731e-11	-3.5217208e-11	-3.5283942e-11	-3.5587679e-11	-3.5357193e-11	-3.4848995e-11	-3.5024119e-11	-3.5358171e-11	-3.5490173e-11	-3.5202403e-11	-3.5102376e-11	-3.4712736e-11	-3.5319532e-11	-3.5948695e-11	-3.5918643e-11	-3.5683824e-11	-3.5200596e-11	-3.5283339e-11	-3.5025174e-11	-3.5338739e-11	-3.6083934e-11	-3.590787e-11	-3.6343685e-11	-3.6226522e-11	-3.6462541e-11	-3.6544757e-11	-3.7107525e-11	-3.8221273e-11	-3.9599702e-11	-4.1841735e-11	-4.4840905e-11	-4.865992e-11	-5.1723226e-11	-5.5990781e-11	-5.99302e-11	-6.2820943e-11	-6.3872622e-11	-6.4618387e-11	-6.4803531e-11	-6.7992056e-11	-7.3528413e-11	-7.729048e-11	-7.8661716e-11	-7.9888526e-11	-8.8694378e-11	-9.5616209e-11
	113.333333333333	-5.0317833e-11	-3.5926401e-11	-3.5386454e-11	-3.5038694e-11	-3.4790056e-11	-3.496646e-11	-3.5289251e-11	-3.514938e-11	-3.5121659e-11	-3.4840145e-11	-3.4774877e-11	-3.4655907e-11	-3.4944089e-11	-3.530375e-11	-3.4996662e-11	-3.4732661e-11	-3.4817361e-11	-3.4795403e-11	-3.4972785e-11	-3.5460346e-11	-3.5307819e-11	-3.4637113e-11	-3.4424481e-11	-3.4598435e-11	-3.5028938e-11	-3.5553029e-11	-3.5383443e-11	-3.508626e-11	-3.605569e-11	-3.6775354e-11	-3.671792e-11	-3.7700159e-11	-3.8577395e-11	-3.9839489e-11	-4.1942064e-11	-4.3982991e-11	-4.9444775e-11	-5.3805467e-11	-5.7418847e-11	-6.1433324e-11	-6.3399223e-11	-6.4294355e-11	-6.5320235e-11	-6.5358843e-11	-6.7388241e-11	-7.3316117e-11	-7.6659019e-11	-7.8105501e-11	-7.9855685e-11	-8.7902637e-11	-9.5929549e-11
	115	-5.2917948e-11	-3.5545084e-11	-3.5335273e-11	-3.5193893e-11	-3.4982541e-11	-3.4612559e-11	-3.5034399e-11	-3.5362012e-11	-3.5128251e-11	-3.4876713e-11	-3.4370586e-11	-3.4684942e-11	-3.4580998e-11	-3.489415e-11	-3.5139211e-11	-3.4615949e-11	-3.4523981e-11	-3.4788249e-11	-3.4970676e-11	-3.4813669e-11	-3.4750661e-11	-3.4646078e-11	-3.4787832e-11	-3.4487035e-11	-3.4560813e-11	-3.4964538e-11	-3.4317372e-11	-3.4570981e-11	-3.5070329e-11	-3.5941389e-11	-3.6687792e-11	-3.7181376e-11	-3.7457131e-11	-3.8904217e-11	-4.1146968e-11	-4.4854391e-11	-4.9180885e-11	-5.2770992e-11	-5.7177593e-11	-6.1218655e-11	-6.3846449e-11	-6.4835241e-11	-6.4680906e-11	-6.4858965e-11	-6.7558806e-11	-7.3442245e-11	-7.7726894e-11	-7.8687251e-11	-7.9390043e-11	-8.7785397e-11	-9.6183457e-11
	116.666666666667	-4.9886689e-11	-3.4258846e-11	-3.4103796e-11	-3.3896285e-11	-3.4090352e-11	-3.4146956e-11	-3.3900428e-11	-3.4754692e-11	-3.4348857e-11	-3.4175992e-11	-3.4350287e-11	-3.4243105e-11	-3.409182e-11	-3.418326e-11	-3.3989644e-11	-3.3835764e-11	-3.4396198e-11	-3.4046287e-11	-3.4406741e-11	-3.4366406e-11	-3.3988517e-11	-3.437586e-11	-3.3948407e-11	-3.452074e-11	-3.4717521e-11	-3.4379964e-11	-3.4629619e-11	-3.4359553e-11	-3.469082e-11	-3.4603747e-11	-3.5284015e-11	-3.6709486e-11	-3.6966031e-11	-3.843869e-11	-4.0840557e-11	-4.3994211e-11	-4.7792249e-11	-5.1979813e-11	-5.5916476e-11	-5.9822904e-11	-6.259411e-11	-6.4117607e-11	-6.4272733e-11	-6.3982292e-11	-6.6622853e-11	-7.2257055e-11	-7.5824e-11	-7.7221264e-11	-7.8406941e-11	-8.7214416e-11	-9.5739361e-11
	118.333333333333	-4.8619699e-11	-3.507044e-11	-3.4458752e-11	-3.4216855e-11	-3.3513987e-11	-3.37009e-11	-3.4542397e-11	-3.4669389e-11	-3.5111528e-11	-3.4818641e-11	-3.4177876e-11	-3.3945204e-11	-3.4438567e-11	-3.4251768e-11	-3.418631e-11	-3.4189401e-11	-3.436023e-11	-3.3954208e-11	-3.4465267e-11	-3.3997406e-11	-3.434121e-11	-3.4248715e-11	-3.412436e-11	-3.3549274e-11	-3.436957e-11	-3.4541266e-11	-3.4448808e-11	-3.3796521e-11	-3.3638457e-11	-3.4672855e-11	-3.5831345e-11	-3.6567162e-11	-3.7255345e-11	-3.8168999e-11	-4.0614252e-11	-4.3564388e-11	-4.7993096e-11	-5.1415799e-11	-5.5274244e-11	-5.9088734e-11	-6.1870606e-11	-6.3374785e-11	-6.3811914e-11	-6.3964591e-11	-6.6438278e-11	-7.1128728e-11	-7.4873968e-11	-7.6679323e-11	-7.8412631e-11	-8.621847e-11	-9.5753822e-11
	120	-4.9329041e-11	-3.4830125e-11	-3.4013223e-11	-3.4375707e-11	-3.4115922e-11	-3.3870375e-11	-3.4300313e-11	-3.3840358e-11	-3.4030584e-11	-3.376285e-11	-3.3679694e-11	-3.3579781e-11	-3.3461112e-11	-3.303784e-11	-3.3268062e-11	-3.3760515e-11	-3.3826122e-11	-3.3691484e-11	-3.3653483e-11	-3.3548823e-11	-3.362844e-11	-3.4110499e-11	-3.3777914e-11	-3.3183737e-11	-3.3501448e-11	-3.4164015e-11	-3.4249732e-11	-3.3902423e-11	-3.3967426e-11	-3.4368931e-11	-3.5193706e-11	-3.6235032e-11	-3.6945658e-11	-3.8705629e-11	-4.0422294e-11	-4.3575536e-11	-4.7120679e-11	-5.1113381e-11	-5.6245369e-11	-5.8626e-11	-6.0728839e-11	-6.2031338e-11	-6.3200674e-11	-6.3854394e-11	-6.6384238e-11	-7.0497233e-11	-7.4235049e-11	-7.5117822e-11	-7.6542758e-11	-8.5712194e-11	-9.4166036e-11
	121.666666666667	-5.083774e-11	-3.4287621e-11	-3.3582304e-11	-3.3714948e-11	-3.3649642e-11	-3.383727e-11	-3.3185357e-11	-3.3240719e-11	-3.3504421e-11	-3.3375205e-11	-3.3718563e-11	-3.3319354e-11	-3.2797938e-11	-3.3634467e-11	-3.3833467e-11	-3.3650999e-11	-3.3400629e-11	-3.311482e-11	-3.399277e-11	-3.3885211e-11	-3.4059092e-11	-3.4593276e-11	-3.4685546e-11	-3.4385876e-11	-3.4015631e-11	-3.4130875e-11	-3.4295115e-11	-3.4706297e-11	-3.4796117e-11	-3.4529251e-11	-3.5191784e-11	-3.6459641e-11	-3.7487485e-11	-3.944273e-11	-4.0938211e-11	-4.3204499e-11	-4.7423548e-11	-5.1668995e-11	-5.5371749e-11	-5.9020872e-11	-5.9995127e-11	-6.1186001e-11	-6.2548501e-11	-6.2800529e-11	-6.5729422e-11	-7.1223333e-11	-7.4209659e-11	-7.54675e-11	-7.6346734e-11	-8.4517775e-11	-9.4636868e-11
	123.333333333333	-4.7422604e-11	-3.4409642e-11	-3.3381121e-11	-3.3457986e-11	-3.3762926e-11	-3.3978084e-11	-3.3776298e-11	-3.3038329e-11	-3.3369897e-11	-3.3926788e-11	-3.4178854e-11	-3.4090314e-11	-3.3005904e-11	-3.3399158e-11	-3.3522875e-11	-3.3754152e-11	-3.361247e-11	-3.3790758e-11	-3.3740857e-11	-3.3512706e-11	-3.3690165e-11	-3.3678678e-11	-3.3824464e-11	-3.3965806e-11	-3.3449774e-11	-3.3195377e-11	-3.3559596e-11	-3.4349232e-11	-3.3919936e-11	-3.4022826e-11	-3.4542771e-11	-3.5588092e-11	-3.7073216e-11	-3.8339755e-11	-4.1077069e-11	-4.3187814e-11	-4.6773894e-11	-5.1400436e-11	-5.5402103e-11	-5.9363396e-11	-6.0645794e-11	-6.0827884e-11	-6.1983099e-11	-6.3168443e-11	-6.5822708e-11	-7.0803904e-11	-7.468845e-11	-7.5839404e-11	-7.6851053e-11	-8.5209832e-11	-9.472978e-11
	125	-5.1126527e-11	-3.4924393e-11	-3.395963e-11	-3.4029529e-11	-3.4107526e-11	-3.445845e-11	-3.4429678e-11	-3.4118486e-11	-3.3985127e-11	-3.4442633e-11	-3.4859164e-11	-3.4770284e-11	-3.4126618e-11	-3.4161493e-11	-3.4383503e-11	-3.4762224e-11	-3.4628415e-11	-3.462412e-11	-3.4539836e-11	-3.4763203e-11	-3.4403088e-11	-3.493358e-11	-3.5069499e-11	-3.4610675e-11	-3.3960949e-11	-3.4717406e-11	-3.4963935e-11	-3.5274488e-11	-3.5057825e-11	-3.4597495e-11	-3.5851492e-11	-3.6494894e-11	-3.7852683e-11	-3.9117379e-11	-4.1258594e-11	-4.411228e-11	-4.8261881e-11	-5.2654318e-11	-5.7441257e-11	-6.035742e-11	-6.1717964e-11	-6.2355787e-11	-6.3567304e-11	-6.444225e-11	-6.6848825e-11	-7.2379415e-11	-7.5350941e-11	-7.6716758e-11	-7.7593612e-11	-8.5964187e-11	-9.5817056e-11
	126.666666666667	-4.7610835e-11	-3.506901e-11	-3.404222e-11	-3.437936e-11	-3.4534448e-11	-3.4267922e-11	-3.3812377e-11	-3.3873838e-11	-3.3626556e-11	-3.388427e-11	-3.4236891e-11	-3.4000566e-11	-3.3685683e-11	-3.3844424e-11	-3.3718639e-11	-3.3991868e-11	-3.4083309e-11	-3.3931535e-11	-3.3356453e-11	-3.4145978e-11	-3.4233841e-11	-3.3745867e-11	-3.4148687e-11	-3.3632919e-11	-3.3747033e-11	-3.3893763e-11	-3.3770084e-11	-3.3770948e-11	-3.4106169e-11	-3.4316168e-11	-3.5198979e-11	-3.5437823e-11	-3.6763415e-11	-3.8555738e-11	-4.0918328e-11	-4.3968718e-11	-4.7868851e-11	-5.2140736e-11	-5.6274405e-11	-5.989461e-11	-6.1811362e-11	-6.2913778e-11	-6.3626847e-11	-6.4470339e-11	-6.6800392e-11	-7.2699985e-11	-7.5923878e-11	-7.6487622e-11	-7.7261746e-11	-8.5266211e-11	-9.3895891e-11
	128.333333333333	-4.8152891e-11	-3.4212147e-11	-3.35315e-11	-3.3976651e-11	-3.4064931e-11	-3.3983281e-11	-3.3693895e-11	-3.347192e-11	-3.3248817e-11	-3.3429478e-11	-3.3542308e-11	-3.3384056e-11	-3.3168523e-11	-3.3303953e-11	-3.3890973e-11	-3.3662031e-11	-3.3520541e-11	-3.3572249e-11	-3.3629533e-11	-3.3490224e-11	-3.328211e-11	-3.3878959e-11	-3.3679809e-11	-3.3666629e-11	-3.3313595e-11	-3.3664405e-11	-3.3634238e-11	-3.3901559e-11	-3.4028134e-11	-3.4488464e-11	-3.4956364e-11	-3.6210739e-11	-3.6875194e-11	-3.8593965e-11	-4.0834454e-11	-4.4780197e-11	-4.8803409e-11	-5.4152849e-11	-5.7119406e-11	-6.1002516e-11	-6.2323098e-11	-6.268585e-11	-6.3797342e-11	-6.4359469e-11	-6.7799086e-11	-7.1507036e-11	-7.5681114e-11	-7.6371139e-11	-7.8285337e-11	-8.8005561e-11	-9.6231773e-11
	130	-5.1563732e-11	-3.5009995e-11	-3.4135583e-11	-3.4170607e-11	-3.4138484e-11	-3.4321664e-11	-3.3913043e-11	-3.3733853e-11	-3.4056081e-11	-3.3720183e-11	-3.4255945e-11	-3.4548347e-11	-3.4304982e-11	-3.4034161e-11	-3.4070542e-11	-3.4179534e-11	-3.4393259e-11	-3.3715173e-11	-3.4099615e-11	-3.3713327e-11	-3.4041166e-11	-3.4204275e-11	-3.3719465e-11	-3.3581214e-11	-3.3450829e-11	-3.3951984e-11	-3.3746055e-11	-3.4057208e-11	-3.348789e-11	-3.3930404e-11	-3.5202782e-11	-3.6114629e-11	-3.7141869e-11	-3.8593628e-11	-4.0332623e-11	-4.4169526e-11	-4.8373434e-11	-5.2849367e-11	-5.7262028e-11	-6.0582143e-11	-6.2047457e-11	-6.3295279e-11	-6.3435944e-11	-6.4338451e-11	-6.7783452e-11	-7.3014754e-11	-7.5131339e-11	-7.5821023e-11	-7.7508465e-11	-8.5891197e-11	-9.5128155e-11
	131.666666666667	-4.7324384e-11	-3.3482765e-11	-3.3027067e-11	-3.3341614e-11	-3.3412113e-11	-3.3214282e-11	-3.3006053e-11	-3.2397113e-11	-3.2745327e-11	-3.2782312e-11	-3.3016111e-11	-3.3242978e-11	-3.3030082e-11	-3.257378e-11	-3.3057723e-11	-3.3383494e-11	-3.3202229e-11	-3.3560123e-11	-3.3115156e-11	-3.3770535e-11	-3.313877e-11	-3.3491654e-11	-3.4197083e-11	-3.3975371e-11	-3.3375094e-11	-3.2997993e-11	-3.3579254e-11	-3.4221036e-11	-3.4253989e-11	-3.4184693e-11	-3.4669614e-11	-3.580675e-11	-3.6565206e-11	-3.7881004e-11	-4.1063621e-11	-4.4078158e-11	-4.8031846e-11	-5.1534093e-11	-5.6092655e-11	-6.0315995e-11	-6.2014428e-11	-6.2664839e-11	-6.2938293e-11	-6.4367525e-11	-6.6541696e-11	-7.2507271e-11	-7.5121513e-11	-7.6327306e-11	-7.699541e-11	-8.5114964e-11	-9.5413101e-11
	133.333333333333	-4.9281929e-11	-3.3872519e-11	-3.3349861e-11	-3.3344324e-11	-3.3409327e-11	-3.3919974e-11	-3.3527809e-11	-3.3548296e-11	-3.323929e-11	-3.335103e-11	-3.4305659e-11	-3.3970174e-11	-3.3763266e-11	-3.3339241e-11	-3.3368353e-11	-3.3459416e-11	-3.3674574e-11	-3.3461827e-11	-3.3404394e-11	-3.302221e-11	-3.3369182e-11	-3.3375434e-11	-3.4061389e-11	-3.3949989e-11	-3.3369859e-11	-3.3114594e-11	-3.3209123e-11	-3.4218888e-11	-3.3893988e-11	-3.3590138e-11	-3.4165521e-11	-3.5178228e-11	-3.7182282e-11	-3.8804078e-11	-4.1523236e-11	-4.4282546e-11	-4.8289862e-11	-5.1971188e-11	-5.6530575e-11	-5.9464933e-11	-6.078156e-11	-6.1922086e-11	-6.2356391e-11	-6.3226625e-11	-6.6033873e-11	-7.1477317e-11	-7.4806064e-11	-7.5884368e-11	-7.6460886e-11	-8.7023548e-11	-9.5032614e-11
	135	-4.7160446e-11	-3.4504736e-11	-3.4646605e-11	-3.4833667e-11	-3.4448583e-11	-3.4491781e-11	-3.4556972e-11	-3.463109e-11	-3.4244121e-11	-3.4873476e-11	-3.4758155e-11	-3.4405423e-11	-3.4310669e-11	-3.3992545e-11	-3.4661555e-11	-3.479849e-11	-3.4688821e-11	-3.3992094e-11	-3.3856591e-11	-3.432031e-11	-3.4386102e-11	-3.4433519e-11	-3.4873399e-11	-3.4630899e-11	-3.3816745e-11	-3.4308709e-11	-3.4609697e-11	-3.4874641e-11	-3.4507522e-11	-3.4054082e-11	-3.4927745e-11	-3.6239928e-11	-3.7931734e-11	-3.9736336e-11	-4.298226e-11	-4.5376071e-11	-4.9118556e-11	-5.266057e-11	-5.6392738e-11	-5.9857473e-11	-6.1553387e-11	-6.2167146e-11	-6.2479133e-11	-6.4175644e-11	-6.7121336e-11	-7.2007775e-11	-7.471937e-11	-7.5105804e-11	-7.7159425e-11	-8.5397196e-11	-9.4989454e-11
	136.666666666667	-4.7914044e-11	-3.5280702e-11	-3.4780262e-11	-3.5437559e-11	-3.4759511e-11	-3.4943524e-11	-3.5082492e-11	-3.4618058e-11	-3.4228568e-11	-3.5068219e-11	-3.5151826e-11	-3.5798618e-11	-3.5189449e-11	-3.485227e-11	-3.5372032e-11	-3.4603181e-11	-3.4906165e-11	-3.5119099e-11	-3.4893359e-11	-3.4310707e-11	-3.3940951e-11	-3.4514114e-11	-3.5139964e-11	-3.5056621e-11	-3.4734958e-11	-3.4291008e-11	-3.4799698e-11	-3.4929778e-11	-3.5149116e-11	-3.5318252e-11	-3.5448443e-11	-3.5765099e-11	-3.6481939e-11	-3.8931899e-11	-4.1760199e-11	-4.4638855e-11	-4.8812409e-11	-5.2735479e-11	-5.6505006e-11	-5.9389084e-11	-6.1146914e-11	-6.2212756e-11	-6.2503759e-11	-6.3720515e-11	-6.7143631e-11	-7.1812653e-11	-7.5143315e-11	-7.5373277e-11	-7.6381984e-11	-8.6289163e-11	-9.5476183e-11
	138.333333333333	-4.7885043e-11	-3.5134992e-11	-3.4292139e-11	-3.46605e-11	-3.4435212e-11	-3.4454082e-11	-3.4976515e-11	-3.4570454e-11	-3.4284946e-11	-3.4111741e-11	-3.4449561e-11	-3.4638129e-11	-3.5085806e-11	-3.4603709e-11	-3.4599792e-11	-3.4064931e-11	-3.4835964e-11	-3.5138756e-11	-3.5142712e-11	-3.4980355e-11	-3.4640957e-11	-3.5213252e-11	-3.514004e-11	-3.5033268e-11	-3.4980432e-11	-3.46486e-11	-3.442286e-11	-3.4728404e-11	-3.482779e-11	-3.5204891e-11	-3.5659385e-11	-3.6090828e-11	-3.7244159e-11	-3.8778317e-11	-4.1665671e-11	-4.5375353e-11	-5.0231777e-11	-5.3569219e-11	-5.6776993e-11	-5.9583678e-11	-6.1559861e-11	-6.2594749e-11	-6.321009e-11	-6.3855449e-11	-6.6547157e-11	-7.1096719e-11	-7.4825195e-11	-7.5395044e-11	-7.5407243e-11	-8.4983263e-11	-9.5199112e-11
	140	-5.1854212e-11	-3.4346748e-11	-3.3903703e-11	-3.3607613e-11	-3.3585357e-11	-3.3745829e-11	-3.4358235e-11	-3.4837095e-11	-3.4610037e-11	-3.4240128e-11	-3.4604538e-11	-3.4365503e-11	-3.4119273e-11	-3.4306752e-11	-3.3958048e-11	-3.4514416e-11	-3.4144357e-11	-3.4067228e-11	-3.4869593e-11	-3.4360192e-11	-3.4305885e-11	-3.4823724e-11	-3.408572e-11	-3.4792953e-11	-3.5104523e-11	-3.5049689e-11	-3.4864472e-11	-3.4675037e-11	-3.5067841e-11	-3.5171938e-11	-3.5820045e-11	-3.5928698e-11	-3.7547968e-11	-3.9494026e-11	-4.2339202e-11	-4.6411482e-11	-4.9929623e-11	-5.3980476e-11	-5.7841443e-11	-6.0619468e-11	-6.2163982e-11	-6.320252e-11	-6.3362093e-11	-6.4305762e-11	-6.7110414e-11	-7.1645703e-11	-7.4603899e-11	-7.5179092e-11	-7.6703574e-11	-8.483176e-11	-9.4805781e-11
	141.666666666667	-4.6302153e-11	-3.4487937e-11	-3.3945468e-11	-3.3732121e-11	-3.3888413e-11	-3.3855235e-11	-3.4153659e-11	-3.4527294e-11	-3.4020266e-11	-3.3881935e-11	-3.4186085e-11	-3.435556e-11	-3.4472272e-11	-3.4579416e-11	-3.3963624e-11	-3.4264081e-11	-3.3777314e-11	-3.3826761e-11	-3.413065e-11	-3.3769969e-11	-3.3377467e-11	-3.4434157e-11	-3.4988602e-11	-3.503229e-11	-3.4041808e-11	-3.3851241e-11	-3.4787305e-11	-3.4852121e-11	-3.4395858e-11	-3.4664868e-11	-3.5388827e-11	-3.6089472e-11	-3.6671523e-11	-3.8398167e-11	-4.142596e-11	-4.4520863e-11	-4.8327786e-11	-5.3769197e-11	-5.7880763e-11	-6.0566066e-11	-6.2222734e-11	-6.2742873e-11	-6.3574576e-11	-6.42034e-11	-6.6869912e-11	-7.1919082e-11	-7.4702834e-11	-7.460936e-11	-7.5965151e-11	-8.4200411e-11	-9.5542539e-11
	143.333333333333	-5.0047765e-11	-3.3609043e-11	-3.3231418e-11	-3.3364249e-11	-3.3554926e-11	-3.3548147e-11	-3.3359464e-11	-3.3375584e-11	-3.3330391e-11	-3.4053708e-11	-3.414722e-11	-3.4427416e-11	-3.399277e-11	-3.361424e-11	-3.3796708e-11	-3.37891e-11	-3.4331118e-11	-3.4368102e-11	-3.4269844e-11	-3.4076266e-11	-3.38004e-11	-3.417347e-11	-3.4057888e-11	-3.3964415e-11	-3.3918805e-11	-3.363021e-11	-3.3905059e-11	-3.461301e-11	-3.5164444e-11	-3.5002352e-11	-3.4866846e-11	-3.550505e-11	-3.7017438e-11	-3.8792893e-11	-4.1468027e-11	-4.4757451e-11	-4.8552246e-11	-5.2276617e-11	-5.7911117e-11	-6.1073431e-11	-6.2240019e-11	-6.3262444e-11	-6.3451459e-11	-6.4413697e-11	-6.7386208e-11	-7.1711685e-11	-7.4595496e-11	-7.5593892e-11	-7.5957358e-11	-8.4653957e-11	-9.4508672e-11
	145	-4.9594027e-11	-3.4799132e-11	-3.4431711e-11	-3.422514e-11	-3.4653082e-11	-3.4709083e-11	-3.4550907e-11	-3.412319e-11	-3.4495733e-11	-3.4729195e-11	-3.4428398e-11	-3.3750537e-11	-3.418164e-11	-3.4906165e-11	-3.5086788e-11	-3.3888864e-11	-3.4331794e-11	-3.4298127e-11	-3.4756687e-11	-3.4289314e-11	-3.3767183e-11	-3.3871277e-11	-3.4013032e-11	-3.4303928e-11	-3.4432804e-11	-3.440433e-11	-3.4522475e-11	-3.4167707e-11	-3.3970854e-11	-3.4475964e-11	-3.4791073e-11	-3.4595687e-11	-3.4651275e-11	-3.572322e-11	-3.7934145e-11	-4.3978356e-11	-4.8533077e-11	-5.2318497e-11	-5.645032e-11	-5.9982623e-11	-6.232781e-11	-6.3403408e-11	-6.3829844e-11	-6.5110806e-11	-6.6775308e-11	-7.1384489e-11	-7.4637005e-11	-7.5805397e-11	-7.6736076e-11	-8.5118995e-11	-9.4113155e-11
	146.666666666667	-4.3486655e-11	-3.4635118e-11	-3.3944528e-11	-3.3491088e-11	-3.3180875e-11	-3.3250701e-11	-3.3446575e-11	-3.3817421e-11	-3.3566112e-11	-3.4207626e-11	-3.3603582e-11	-3.36252e-11	-3.3597142e-11	-3.4252483e-11	-3.3998648e-11	-3.4107939e-11	-3.3792944e-11	-3.3556619e-11	-3.3548785e-11	-3.3322255e-11	-3.3548071e-11	-3.3547921e-11	-3.3838665e-11	-3.3466084e-11	-3.3903855e-11	-3.4124585e-11	-3.4015294e-11	-3.393839e-11	-3.4111367e-11	-3.410873e-11	-3.4713791e-11	-3.5880791e-11	-3.6272166e-11	-3.8445129e-11	-4.0957005e-11	-4.461204e-11	-4.8382246e-11	-5.2768168e-11	-5.57847e-11	-5.9273274e-11	-6.167853e-11	-6.2895661e-11	-6.3988807e-11	-6.4220046e-11	-6.6512282e-11	-7.1672779e-11	-7.5308274e-11	-7.5821668e-11	-7.6961139e-11	-8.4816237e-11	-9.5909135e-11
	148.333333333333	-4.6592067e-11	-3.469677e-11	-3.4017966e-11	-3.3653674e-11	-3.3445934e-11	-3.3800022e-11	-3.3727226e-11	-3.3273898e-11	-3.3880693e-11	-3.4253839e-11	-3.3652768e-11	-3.3495384e-11	-3.3264634e-11	-3.3981738e-11	-3.397959e-11	-3.3908411e-11	-3.3288889e-11	-3.3213904e-11	-3.3755245e-11	-3.3662524e-11	-3.4427152e-11	-3.4203484e-11	-3.3983396e-11	-3.3438138e-11	-3.3819194e-11	-3.4484287e-11	-3.4520404e-11	-3.4088506e-11	-3.3923926e-11	-3.3571534e-11	-3.4513246e-11	-3.5347249e-11	-3.6599137e-11	-3.8188393e-11	-4.0158366e-11	-4.3488765e-11	-4.7375794e-11	-5.2175271e-11	-5.6144249e-11	-5.8348132e-11	-6.0662517e-11	-6.2267816e-11	-6.2457699e-11	-6.4072456e-11	-6.5997041e-11	-7.0859679e-11	-7.3241926e-11	-7.521167e-11	-7.6078852e-11	-8.4674032e-11	-9.4333021e-11
	150	-4.8658751e-11	-3.4885449e-11	-3.4083007e-11	-3.3904494e-11	-3.4574898e-11	-3.3748504e-11	-3.3550971e-11	-3.3295554e-11	-3.3720745e-11	-3.4175992e-11	-3.3511124e-11	-3.3764998e-11	-3.3421418e-11	-3.3580912e-11	-3.3634956e-11	-3.3784166e-11	-3.3710954e-11	-3.3999928e-11	-3.3305723e-11	-3.3176507e-11	-3.3172666e-11	-3.3896511e-11	-3.4045912e-11	-3.4065986e-11	-3.3752796e-11	-3.3222154e-11	-3.3742401e-11	-3.3544494e-11	-3.3285763e-11	-3.3707037e-11	-3.4255418e-11	-3.4398907e-11	-3.5578374e-11	-3.773842e-11	-4.095049e-11	-4.4435563e-11	-4.8591714e-11	-5.2695032e-11	-5.6089154e-11	-5.8824695e-11	-6.0805326e-11	-6.2209175e-11	-6.2543457e-11	-6.3603574e-11	-6.5489295e-11	-7.0460776e-11	-7.3490262e-11	-7.5095714e-11	-7.5482037e-11	-8.4201424e-11	-9.4663458e-11
