I1_2515
																																																				
		-50	-49	-48	-47	-46	-45	-44	-43	-42	-41	-40	-39	-38	-37	-36	-35	-34	-33	-32	-31	-30	-29	-28	-27	-26	-25	-24	-23	-22	-21	-20	-19	-18	-17	-16	-15	-14	-13	-12	-11	-10	-9	-8	-7	-6	-5	-4	-3	-2	-1	0
	150	-3.3159937e-11	-3.3175716e-11	-3.3169426e-11	-3.2788824e-11	-3.3246218e-11	-3.2993285e-11	-3.3322709e-11	-3.3225016e-11	-3.2650722e-11	-3.2757869e-11	-3.3178994e-11	-3.3362403e-11	-3.3139071e-11	-3.3180462e-11	-3.2923237e-11	-3.3223733e-11	-3.2512847e-11	-3.374696e-11	-3.3305497e-11	-3.2965568e-11	-3.2893296e-11	-3.3074144e-11	-3.3400289e-11	-3.3118321e-11	-3.2653887e-11	-3.2753612e-11	-3.2883016e-11	-3.7286001e-11	-4.0213576e-11	-4.2316792e-11	-4.4091942e-11	-4.6280688e-11	-4.8834856e-11	-5.1052749e-11	-5.4045327e-11	-5.5511998e-11	-5.6571362e-11	-5.7990994e-11	-5.9398049e-11	-5.9943002e-11	-5.9792095e-11	-5.9779293e-11	-6.1280793e-11	-6.4556173e-11	-6.9186552e-11	-7.1446252e-11	-7.11717e-11	-7.2294302e-11	-8.0353335e-11	-9.2658423e-11	-9.7124114e-11
	148.333333333333	-4.9639973e-11	-3.4459317e-11	-3.356581e-11	-3.2920638e-11	-3.3894099e-11	-3.3602829e-11	-3.3014376e-11	-3.2954195e-11	-3.3273221e-11	-3.3409667e-11	-3.3578765e-11	-3.3370764e-11	-3.3102163e-11	-3.2684504e-11	-3.2821516e-11	-3.310352e-11	-3.3498884e-11	-3.3100356e-11	-3.3287345e-11	-3.2614755e-11	-3.3371365e-11	-3.3004585e-11	-3.2964402e-11	-3.2825093e-11	-3.2841098e-11	-3.2954871e-11	-3.3195377e-11	-3.7441161e-11	-4.031997e-11	-4.2180835e-11	-4.409104e-11	-4.5972771e-11	-4.8429209e-11	-5.0885723e-11	-5.3504253e-11	-5.4443592e-11	-5.5899417e-11	-5.7725973e-11	-5.891173e-11	-5.9203566e-11	-5.9382534e-11	-5.9029268e-11	-6.0685373e-11	-6.4950975e-11	-6.9172577e-11	-7.1444552e-11	-7.1283895e-11	-7.2227641e-11	-7.8559846e-11	-9.109094e-11	-9.7395841e-11
	146.666666666667	-5.0272866e-11	-3.3356602e-11	-3.2290608e-11	-3.3149129e-11	-3.3116211e-11	-3.3029742e-11	-3.2631252e-11	-3.2413648e-11	-3.2640141e-11	-3.3541631e-11	-3.3309376e-11	-3.321609e-11	-3.2904672e-11	-3.2415945e-11	-3.2551035e-11	-3.331024e-11	-3.3147884e-11	-3.2896273e-11	-3.2903579e-11	-3.3501483e-11	-3.3252772e-11	-3.3656872e-11	-3.3385301e-11	-3.311787e-11	-3.2830367e-11	-3.3412641e-11	-3.3937637e-11	-3.8585832e-11	-3.978428e-11	-4.1266202e-11	-4.344082e-11	-4.5830034e-11	-4.8409814e-11	-5.0476762e-11	-5.267202e-11	-5.4063858e-11	-5.6314214e-11	-5.7825775e-11	-5.7680406e-11	-5.7658673e-11	-5.8023534e-11	-5.834655e-11	-5.9505116e-11	-6.2966347e-11	-6.754864e-11	-6.9660368e-11	-7.0392796e-11	-7.1664272e-11	-7.9626784e-11	-9.0953176e-11	-9.7052297e-11
	145	-4.8778325e-11	-3.20283e-11	-3.0935414e-11	-3.1188836e-11	-3.1101385e-11	-3.054099e-11	-3.0423601e-11	-3.0694534e-11	-3.1070202e-11	-3.1606797e-11	-3.1154752e-11	-3.0517189e-11	-3.0901785e-11	-3.078978e-11	-3.1181342e-11	-3.1185672e-11	-3.0562382e-11	-3.0295592e-11	-3.0720145e-11	-3.0971004e-11	-3.0867739e-11	-3.1391754e-11	-3.1262763e-11	-3.040319e-11	-3.0062734e-11	-3.0962455e-11	-3.0817196e-11	-3.4869631e-11	-3.7754203e-11	-3.9752153e-11	-4.1401365e-11	-4.423837e-11	-4.6883865e-11	-4.7822642e-11	-5.1359309e-11	-5.3221268e-11	-5.5602384e-11	-5.6934454e-11	-5.8301773e-11	-5.836881e-11	-5.9120563e-11	-5.9628719e-11	-6.0526896e-11	-6.4685084e-11	-6.8561115e-11	-7.0283127e-11	-7.1381547e-11	-7.2658969e-11	-7.9212588e-11	-9.1375844e-11	-9.7432826e-11
	143.333333333333	-5.1155677e-11	-3.1150308e-11	-3.0929464e-11	-3.1025349e-11	-3.0237972e-11	-3.0195527e-11	-3.067141e-11	-3.0836594e-11	-3.0891692e-11	-3.0600796e-11	-3.0554285e-11	-3.0371365e-11	-3.0711409e-11	-3.0984486e-11	-3.0672843e-11	-3.0539411e-11	-3.0511579e-11	-3.0539522e-11	-3.0898357e-11	-3.1126844e-11	-3.1019284e-11	-3.0666969e-11	-3.0289566e-11	-3.0851807e-11	-3.1051901e-11	-3.1033485e-11	-3.1227815e-11	-3.5323185e-11	-3.7203147e-11	-3.9614804e-11	-4.156572e-11	-4.3789299e-11	-4.5699503e-11	-4.8291371e-11	-5.069704e-11	-5.2637335e-11	-5.4891758e-11	-5.658669e-11	-5.8248975e-11	-5.8913235e-11	-5.943164e-11	-5.9238926e-11	-6.0928741e-11	-6.3294113e-11	-6.8560962e-11	-7.080684e-11	-7.1283743e-11	-7.2190996e-11	-7.919225e-11	-9.1212128e-11	-9.7235137e-11
	141.666666666667	-4.8297696e-11	-3.1761808e-11	-2.9987374e-11	-3.1072048e-11	-3.0836441e-11	-3.0568936e-11	-3.1102516e-11	-3.1125904e-11	-3.1153472e-11	-3.0904307e-11	-3.0925925e-11	-3.0646517e-11	-3.094807e-11	-3.0415618e-11	-3.0639324e-11	-3.1094308e-11	-3.033495e-11	-3.0223282e-11	-3.0358938e-11	-3.064049e-11	-3.1312553e-11	-3.0573568e-11	-3.0596053e-11	-3.0477117e-11	-3.0726057e-11	-3.0828309e-11	-3.122597e-11	-3.585059e-11	-3.6967877e-11	-3.8430592e-11	-4.0936744e-11	-4.3658504e-11	-4.5903548e-11	-4.8160496e-11	-5.0949293e-11	-5.2550676e-11	-5.501815e-11	-5.6820153e-11	-5.7664061e-11	-5.8487139e-11	-5.90063e-11	-6.0362881e-11	-6.0911269e-11	-6.4196246e-11	-6.8500254e-11	-7.1531892e-11	-7.1443615e-11	-7.1957725e-11	-7.9714228e-11	-9.1093084e-11	-9.6960141e-11
	140	-4.9431369e-11	-3.1124436e-11	-3.1136451e-11	-3.0309678e-11	-3.0001761e-11	-3.0061641e-11	-3.004684e-11	-3.0253487e-11	-2.976205e-11	-2.9795305e-11	-2.9798618e-11	-3.0457872e-11	-3.0186867e-11	-3.0204981e-11	-3.0370952e-11	-3.0796862e-11	-3.0468909e-11	-3.0377732e-11	-3.0370612e-11	-3.1049753e-11	-3.0461828e-11	-2.9732484e-11	-2.9457749e-11	-2.9945497e-11	-3.02562e-11	-3.0383269e-11	-3.2465468e-11	-3.4428245e-11	-3.6193302e-11	-3.7965818e-11	-3.9748125e-11	-4.2143213e-11	-4.4490096e-11	-4.746151e-11	-4.9608036e-11	-5.1994801e-11	-5.3761363e-11	-5.5543105e-11	-5.7542492e-11	-5.8611761e-11	-5.9748671e-11	-6.0376364e-11	-6.2906923e-11	-6.5916488e-11	-7.0345382e-11	-7.3965993e-11	-7.4588981e-11	-7.644213e-11	-8.2759195e-11	-9.3844862e-11	-9.8317854e-11
	138.333333333333	-5.4119181e-11	-3.5275807e-11	-3.4465115e-11	-3.3972245e-11	-3.4145336e-11	-3.3925321e-11	-3.444248e-11	-3.4314548e-11	-3.4151813e-11	-3.3860734e-11	-3.40638e-11	-3.4240919e-11	-3.40925e-11	-3.4157163e-11	-3.3737846e-11	-3.4282122e-11	-3.3918767e-11	-3.4265812e-11	-3.4556066e-11	-3.4382188e-11	-3.4070729e-11	-3.3975336e-11	-3.388009e-11	-3.4165223e-11	-3.4663324e-11	-3.3836101e-11	-3.4098259e-11	-3.4160438e-11	-3.4793408e-11	-3.4857582e-11	-4.3802142e-11	-4.6356235e-11	-4.9106125e-11	-5.1434516e-11	-5.3947749e-11	-5.6653727e-11	-5.8375554e-11	-5.8978919e-11	-6.0438279e-11	-6.1714536e-11	-6.2033226e-11	-6.1656277e-11	-6.3597135e-11	-6.7288737e-11	-7.1730288e-11	-7.4159422e-11	-7.4804558e-11	-7.5035193e-11	-8.2661163e-11	-9.304596e-11	-9.821538e-11
	136.666666666667	-4.7724685e-11	-3.4373261e-11	-3.4283101e-11	-3.3703273e-11	-3.3796257e-11	-3.4338764e-11	-3.3992621e-11	-3.3677134e-11	-3.3316117e-11	-3.3361459e-11	-3.384823e-11	-3.3578765e-11	-3.371374e-11	-3.3653257e-11	-3.341671e-11	-3.3629797e-11	-3.4115658e-11	-3.4428321e-11	-3.4715109e-11	-3.3891313e-11	-3.3888978e-11	-3.4441391e-11	-3.3952098e-11	-3.438019e-11	-3.3975035e-11	-3.4692926e-11	-3.387203e-11	-3.7472195e-11	-3.9893231e-11	-4.143752e-11	-4.2767557e-11	-4.485036e-11	-4.8681989e-11	-5.1125697e-11	-5.4121138e-11	-5.5813437e-11	-5.7107281e-11	-5.8932331e-11	-6.0800844e-11	-6.1755323e-11	-6.1615449e-11	-6.1876781e-11	-6.3395386e-11	-6.731548e-11	-7.1579943e-11	-7.3965729e-11	-7.4079055e-11	-7.568763e-11	-8.2950966e-11	-9.3798837e-11	-9.8121074e-11
	135	-5.3612e-11	-3.5409502e-11	-3.4962318e-11	-3.5095749e-11	-3.5823133e-11	-3.5127345e-11	-3.4412053e-11	-3.4671422e-11	-3.4800714e-11	-3.5073566e-11	-3.4900364e-11	-3.4289727e-11	-3.4311345e-11	-3.5293282e-11	-3.5276559e-11	-3.5351128e-11	-3.5207375e-11	-3.4960659e-11	-3.4460598e-11	-3.4895808e-11	-3.5000506e-11	-3.4434421e-11	-3.3328357e-11	-3.2789466e-11	-3.2749619e-11	-3.3599856e-11	-3.3314837e-11	-3.7519647e-11	-3.8436129e-11	-4.0836529e-11	-4.3088842e-11	-4.5312497e-11	-4.7543046e-11	-4.9875392e-11	-5.2331941e-11	-5.4911794e-11	-5.6511181e-11	-5.8458141e-11	-5.9259528e-11	-5.9151628e-11	-5.9363098e-11	-5.9387349e-11	-6.0659047e-11	-6.5166879e-11	-6.992832e-11	-7.1969326e-11	-7.2557925e-11	-7.3596802e-11	-8.1164332e-11	-9.1945312e-11	-9.7476097e-11
	133.333333333333	-5.080961e-11	-3.4201714e-11	-3.354178e-11	-3.4271426e-11	-3.3422997e-11	-3.2973891e-11	-3.350608e-11	-3.3487362e-11	-3.3345642e-11	-3.3776596e-11	-3.3293934e-11	-3.3246031e-11	-3.3107888e-11	-3.332945e-11	-3.3513574e-11	-3.341204e-11	-3.269942e-11	-3.2612722e-11	-3.3071962e-11	-3.3269831e-11	-3.2996075e-11	-3.2622287e-11	-3.2726648e-11	-3.2999915e-11	-3.3529655e-11	-3.371943e-11	-3.33212e-11	-3.5902298e-11	-3.9220193e-11	-4.0823608e-11	-4.2602904e-11	-4.4478723e-11	-4.7050138e-11	-4.9167101e-11	-5.1405141e-11	-5.4196991e-11	-5.623637e-11	-5.7382658e-11	-5.7981956e-11	-5.8451063e-11	-5.9053186e-11	-5.9369197e-11	-6.0944749e-11	-6.3417528e-11	-6.8564356e-11	-7.1840825e-11	-7.2100909e-11	-7.3469737e-11	-8.0506393e-11	-9.2639674e-11	-9.7363111e-11
	131.666666666667	-5.1385635e-11	-3.3745676e-11	-3.3365904e-11	-3.2836879e-11	-3.276894e-11	-3.3304404e-11	-3.3791813e-11	-3.3257744e-11	-3.3296532e-11	-3.2846521e-11	-3.3327379e-11	-3.3433391e-11	-3.3551911e-11	-3.3358899e-11	-3.3123407e-11	-3.2670307e-11	-3.3033319e-11	-3.3104464e-11	-3.3006695e-11	-3.2796883e-11	-3.2396811e-11	-3.281387e-11	-3.2996939e-11	-3.3031137e-11	-3.3449438e-11	-3.3202531e-11	-3.2710903e-11	-3.2509908e-11	-3.7303098e-11	-4.0561225e-11	-4.2347525e-11	-4.3763538e-11	-4.5681538e-11	-4.8311858e-11	-5.1966629e-11	-5.3951402e-11	-5.5605433e-11	-5.6927824e-11	-5.8121341e-11	-5.8703389e-11	-5.9203718e-11	-5.9720805e-11	-6.1002405e-11	-6.4444998e-11	-6.8937876e-11	-7.1992676e-11	-7.2606733e-11	-7.3350048e-11	-8.0497845e-11	-9.2240618e-11	-9.729792e-11
	130	-5.3349956e-11	-3.3651412e-11	-3.3461827e-11	-3.3202267e-11	-3.3032341e-11	-3.3099717e-11	-3.348043e-11	-3.3272392e-11	-3.3034527e-11	-3.296248e-11	-3.2801817e-11	-3.357805e-11	-3.3411662e-11	-3.3561893e-11	-3.3279886e-11	-3.2873523e-11	-3.3401306e-11	-3.3644823e-11	-3.3311409e-11	-3.3422508e-11	-3.3079192e-11	-3.2943988e-11	-3.2994982e-11	-3.3256498e-11	-3.3055503e-11	-3.282984e-11	-3.2546403e-11	-3.6433391e-11	-3.913455e-11	-4.0233084e-11	-4.1875746e-11	-4.3341924e-11	-4.6322453e-11	-4.8946333e-11	-5.1451541e-11	-5.3631849e-11	-5.5680831e-11	-5.7047249e-11	-5.8384964e-11	-5.9475626e-11	-6.0352376e-11	-6.0136653e-11	-6.1032873e-11	-6.4799048e-11	-6.9208625e-11	-7.2061856e-11	-7.3282408e-11	-7.3304633e-11	-8.0022822e-11	-9.1269485e-11	-9.7498128e-11
	128.333333333333	-5.2924387e-11	-3.4361021e-11	-3.2602893e-11	-3.269791e-11	-3.2759261e-11	-3.3380479e-11	-3.3548598e-11	-3.2823362e-11	-3.3078214e-11	-3.2840949e-11	-3.3332989e-11	-3.2954233e-11	-3.3223847e-11	-3.3105064e-11	-3.2209638e-11	-3.2945532e-11	-3.3288962e-11	-3.326486e-11	-3.2783967e-11	-3.2578901e-11	-3.2995509e-11	-3.3206788e-11	-3.2942708e-11	-3.3151312e-11	-3.2517742e-11	-3.2638069e-11	-3.2617655e-11	-3.6055051e-11	-3.8066335e-11	-4.0322228e-11	-4.2164716e-11	-4.3911735e-11	-4.7071114e-11	-4.9350812e-11	-5.202026e-11	-5.4073274e-11	-5.5239972e-11	-5.7594499e-11	-5.941473e-11	-6.0713962e-11	-6.0888176e-11	-6.0195064e-11	-6.1085408e-11	-6.4483148e-11	-6.9072706e-11	-7.2430818e-11	-7.2685184e-11	-7.2601654e-11	-7.907211e-11	-9.0408334e-11	-9.6807347e-11
	126.666666666667	-4.8208215e-11	-3.3974656e-11	-3.2819709e-11	-3.2983082e-11	-3.4054346e-11	-3.4234629e-11	-3.4245815e-11	-3.3898658e-11	-3.3569238e-11	-3.3985089e-11	-3.4010135e-11	-3.4225327e-11	-3.3863443e-11	-3.3997704e-11	-3.4300122e-11	-3.3703498e-11	-3.441623e-11	-3.4478299e-11	-3.3996125e-11	-3.3455388e-11	-3.4037963e-11	-3.4343209e-11	-3.4230827e-11	-3.4295681e-11	-3.3686588e-11	-3.414289e-11	-3.4631239e-11	-3.8591481e-11	-4.029304e-11	-4.207806e-11	-4.340316e-11	-4.6078863e-11	-4.8564375e-11	-5.1670238e-11	-5.4140459e-11	-5.5840704e-11	-5.6431415e-11	-5.8656878e-11	-6.1292242e-11	-6.2806024e-11	-6.2967256e-11	-6.2687883e-11	-6.3191792e-11	-6.6849234e-11	-7.1528616e-11	-7.4021511e-11	-7.2998711e-11	-7.3882463e-11	-8.1599803e-11	-9.1875306e-11	-9.6743849e-11
	125	-5.2804587e-11	-3.3999362e-11	-3.3545961e-11	-3.429549e-11	-3.474343e-11	-3.4384558e-11	-3.4467602e-11	-3.4052466e-11	-3.4121084e-11	-3.400746e-11	-3.4155768e-11	-3.4172564e-11	-3.416703e-11	-3.4220283e-11	-3.4310554e-11	-3.4462516e-11	-3.3823486e-11	-3.3980496e-11	-3.3784885e-11	-3.4154866e-11	-3.4035857e-11	-3.4350477e-11	-3.4423575e-11	-3.4474909e-11	-3.3887209e-11	-3.3885703e-11	-3.4126695e-11	-3.3920727e-11	-3.8114352e-11	-4.1937207e-11	-4.348304e-11	-4.5354377e-11	-4.7624054e-11	-5.0908847e-11	-5.2872189e-11	-5.557026e-11	-5.7812255e-11	-6.006811e-11	-6.1647916e-11	-6.3191792e-11	-6.3110364e-11	-6.3263908e-11	-6.449738e-11	-6.7855388e-11	-7.2446826e-11	-7.4373299e-11	-7.4227888e-11	-7.4747951e-11	-8.1823284e-11	-9.1785107e-11	-9.6890544e-11
	123.333333333333	-5.2693336e-11	-3.4649277e-11	-3.4615383e-11	-3.4620543e-11	-3.4446435e-11	-3.456356e-11	-3.4314999e-11	-3.3746055e-11	-3.4526541e-11	-3.4456868e-11	-3.5083169e-11	-3.4544843e-11	-3.3998873e-11	-3.4011641e-11	-3.4510873e-11	-3.4577535e-11	-3.4517767e-11	-3.4623329e-11	-3.4353676e-11	-3.4511401e-11	-3.4484249e-11	-3.4855095e-11	-3.4795365e-11	-3.5181653e-11	-3.4539874e-11	-3.4387122e-11	-3.4502137e-11	-3.8214494e-11	-4.0465641e-11	-4.1154725e-11	-4.3281403e-11	-4.5576726e-11	-4.8352454e-11	-5.0571741e-11	-5.3872087e-11	-5.5651154e-11	-5.7904487e-11	-6.0157559e-11	-6.176018e-11	-6.3468633e-11	-6.3839295e-11	-6.3660445e-11	-6.4593005e-11	-6.8282428e-11	-7.2420951e-11	-7.521412e-11	-7.5114658e-11	-7.5353425e-11	-8.1861885e-11	-9.3159432e-11	-9.7327445e-11
	121.666666666667	-4.7565528e-11	-3.4352396e-11	-3.4353714e-11	-3.4346335e-11	-3.4202131e-11	-3.4416685e-11	-3.3992999e-11	-3.3996649e-11	-3.4604538e-11	-3.4523037e-11	-3.417765e-11	-3.4654401e-11	-3.3682633e-11	-3.4011752e-11	-3.466423e-11	-3.4284419e-11	-3.4474156e-11	-3.3905361e-11	-3.4362416e-11	-3.4168009e-11	-3.4080596e-11	-3.4540891e-11	-3.4420789e-11	-3.4740041e-11	-3.4819241e-11	-3.5823434e-11	-3.8161956e-11	-3.9007596e-11	-3.9871276e-11	-4.2131878e-11	-4.3740112e-11	-4.5987984e-11	-4.8467019e-11	-5.0952079e-11	-5.3376543e-11	-5.5311828e-11	-5.8086879e-11	-6.0176197e-11	-6.1592099e-11	-6.2701441e-11	-6.3323603e-11	-6.3806266e-11	-6.5064031e-11	-6.8432281e-11	-7.344484e-11	-7.5618373e-11	-7.5287561e-11	-7.6141975e-11	-8.3529211e-11	-9.3569971e-11	-9.7895976e-11
	120	-5.1986703e-11	-3.594779e-11	-3.4995007e-11	-3.5554837e-11	-3.4959792e-11	-3.4675377e-11	-3.4328217e-11	-3.4439056e-11	-3.4407269e-11	-3.4355147e-11	-3.4603785e-11	-3.4388853e-11	-3.4569701e-11	-3.4400868e-11	-3.4296885e-11	-3.4434008e-11	-3.4260692e-11	-3.4065157e-11	-3.4346484e-11	-3.4632668e-11	-3.4787419e-11	-3.4595462e-11	-3.4594029e-11	-3.4045385e-11	-3.3986858e-11	-3.4215915e-11	-3.4291271e-11	-3.8046941e-11	-3.9550103e-11	-4.1269477e-11	-4.2909801e-11	-4.5443899e-11	-4.8705717e-11	-5.0993168e-11	-5.3135139e-11	-5.4890252e-11	-5.7684132e-11	-5.9738957e-11	-6.0740961e-11	-6.1614096e-11	-6.1812604e-11	-6.1993528e-11	-6.3935031e-11	-6.8566805e-11	-7.2936573e-11	-7.5405286e-11	-7.5169676e-11	-7.6217255e-11	-8.4552462e-11	-9.3293387e-11	-9.762241e-11
	118.333333333333	-5.0292184e-11	-3.4409565e-11	-3.3441753e-11	-3.3940989e-11	-3.4296697e-11	-3.3640341e-11	-3.2991592e-11	-3.3410157e-11	-3.3896472e-11	-3.3896021e-11	-3.4143265e-11	-3.3628968e-11	-3.3788874e-11	-3.3625502e-11	-3.3848455e-11	-3.4894716e-11	-3.4319519e-11	-3.3467173e-11	-3.3777463e-11	-3.4172828e-11	-3.3930369e-11	-3.38886e-11	-3.3511766e-11	-3.3500955e-11	-3.3636011e-11	-3.3870299e-11	-3.4540853e-11	-3.7293908e-11	-3.8727174e-11	-4.1178564e-11	-4.3069295e-11	-4.5415765e-11	-4.764315e-11	-4.9386738e-11	-5.1917293e-11	-5.4865997e-11	-5.6806369e-11	-5.8675481e-11	-6.0174164e-11	-6.0623125e-11	-6.049368e-11	-6.1290063e-11	-6.3634271e-11	-6.7831435e-11	-7.2075977e-11	-7.5494465e-11	-7.5811121e-11	-7.6363797e-11	-8.2882874e-11	-9.3032096e-11	-9.750728e-11
	116.666666666667	-5.3038764e-11	-3.4910495e-11	-3.435183e-11	-3.4481348e-11	-3.4145752e-11	-3.4511477e-11	-3.4584349e-11	-3.5141168e-11	-3.4903639e-11	-3.4290445e-11	-3.4289238e-11	-3.4339365e-11	-3.4707692e-11	-3.5210765e-11	-3.4899385e-11	-3.4719703e-11	-3.4287431e-11	-3.4610526e-11	-3.4954709e-11	-3.5204929e-11	-3.5285223e-11	-3.4873701e-11	-3.4595271e-11	-3.5390448e-11	-3.7445495e-11	-3.8259007e-11	-3.8815715e-11	-3.8769203e-11	-4.0329573e-11	-4.2111127e-11	-4.4350374e-11	-4.6371261e-11	-4.8370381e-11	-4.9810163e-11	-5.2164575e-11	-5.5697478e-11	-5.8137984e-11	-5.9630079e-11	-5.9987779e-11	-6.0867318e-11	-6.2254861e-11	-6.1996921e-11	-6.2745961e-11	-6.6943014e-11	-7.1768216e-11	-7.4992144e-11	-7.5483696e-11	-7.6184906e-11	-8.4179656e-11	-9.3294594e-11	-9.7395918e-11
	115	-5.2219371e-11	-3.5362352e-11	-3.4975987e-11	-3.4460296e-11	-3.4181227e-11	-3.4457846e-11	-3.4165899e-11	-3.4506731e-11	-3.4345617e-11	-3.4279298e-11	-3.3671371e-11	-3.3730123e-11	-3.406497e-11	-3.4471405e-11	-3.4064251e-11	-3.4047192e-11	-3.4133887e-11	-3.4087601e-11	-3.44757e-11	-3.4705395e-11	-3.424171e-11	-3.3986106e-11	-3.4836113e-11	-3.5054962e-11	-3.5697272e-11	-3.6129919e-11	-3.6191685e-11	-3.7874114e-11	-3.9293555e-11	-4.1796053e-11	-4.3537462e-11	-4.5721496e-11	-4.8396519e-11	-4.9926008e-11	-5.2674996e-11	-5.4839071e-11	-5.728534e-11	-5.864343e-11	-6.0015951e-11	-6.0928401e-11	-6.1209204e-11	-6.0705226e-11	-6.2300429e-11	-6.6509985e-11	-7.1218739e-11	-7.4437775e-11	-7.5176608e-11	-7.6509923e-11	-8.3112232e-11	-9.2745873e-11	-9.746412e-11
	113.333333333333	-5.3683294e-11	-3.5636223e-11	-3.4833476e-11	-3.4327163e-11	-3.4677036e-11	-3.4262197e-11	-3.4912791e-11	-3.4030622e-11	-3.3959856e-11	-3.393244e-11	-3.4404594e-11	-3.4213955e-11	-3.4132194e-11	-3.4279562e-11	-3.4180287e-11	-3.356385e-11	-3.3843785e-11	-3.3872859e-11	-3.4497957e-11	-3.432302e-11	-3.4029717e-11	-3.4168196e-11	-3.3945808e-11	-3.4413295e-11	-3.443465e-11	-3.4210339e-11	-3.4031864e-11	-3.4356389e-11	-3.7877052e-11	-4.0396946e-11	-4.2604448e-11	-4.4883427e-11	-4.7438688e-11	-4.9719322e-11	-5.2627618e-11	-5.5631309e-11	-5.7814403e-11	-5.9234222e-11	-6.0919061e-11	-6.155218e-11	-6.1892109e-11	-6.2177652e-11	-6.3030525e-11	-6.6639916e-11	-7.1100598e-11	-7.432336e-11	-7.5406792e-11	-7.5820648e-11	-8.2838965e-11	-9.3067276e-11	-9.77117e-11
	111.666666666667	-5.3064522e-11	-3.5259688e-11	-3.4204351e-11	-3.387203e-11	-3.3683726e-11	-3.418827e-11	-3.4828092e-11	-3.4682607e-11	-3.4317146e-11	-3.3901066e-11	-3.3826122e-11	-3.4216064e-11	-3.3890373e-11	-3.4013185e-11	-3.3871503e-11	-3.4018757e-11	-3.4218021e-11	-3.447103e-11	-3.4257566e-11	-3.4363241e-11	-3.3759613e-11	-3.4078525e-11	-3.4594935e-11	-3.4641671e-11	-3.4889067e-11	-3.4857808e-11	-3.424894e-11	-3.8052703e-11	-4.0271196e-11	-4.1972609e-11	-4.4457705e-11	-4.6124056e-11	-4.7967335e-11	-4.982274e-11	-5.279905e-11	-5.5428578e-11	-5.7716897e-11	-5.9354209e-11	-6.1055203e-11	-6.2431338e-11	-6.3155446e-11	-6.3186366e-11	-6.3051425e-11	-6.6476616e-11	-7.0482092e-11	-7.3518545e-11	-7.4460972e-11	-7.566138e-11	-8.265303e-11	-9.2063836e-11	-9.6781215e-11
	110	-5.2568113e-11	-3.4942996e-11	-3.5224889e-11	-3.4457021e-11	-3.3543401e-11	-3.4158253e-11	-3.4527707e-11	-3.4263932e-11	-3.3891952e-11	-3.4057472e-11	-3.4150082e-11	-3.3928107e-11	-3.3993676e-11	-3.4638129e-11	-3.4311269e-11	-3.3892708e-11	-3.3768387e-11	-3.4420224e-11	-3.4675152e-11	-3.4632332e-11	-3.4218437e-11	-3.4293682e-11	-3.4947552e-11	-3.5009731e-11	-3.4817548e-11	-3.4967477e-11	-3.767436e-11	-3.8441927e-11	-3.9187351e-11	-4.0895128e-11	-4.3470085e-11	-4.5266062e-11	-4.7713611e-11	-5.0043962e-11	-5.2999858e-11	-5.5668366e-11	-5.8580349e-11	-5.9796577e-11	-6.1172518e-11	-6.2656554e-11	-6.2922965e-11	-6.3303231e-11	-6.3900267e-11	-6.684784e-11	-7.1211585e-11	-7.4071256e-11	-7.453347e-11	-7.5741184e-11	-8.2128901e-11	-9.1274571e-11	-9.665866e-11
	108.333333333333	-5.358048e-11	-3.5592876e-11	-3.4908011e-11	-3.4481386e-11	-3.4671762e-11	-3.4884658e-11	-3.5163802e-11	-3.5136949e-11	-3.5019751e-11	-3.4505374e-11	-3.4479804e-11	-3.4948194e-11	-3.5167307e-11	-3.4940547e-11	-3.4450429e-11	-3.4437096e-11	-3.4739139e-11	-3.5039371e-11	-3.5281906e-11	-3.4923751e-11	-3.4401055e-11	-3.4948079e-11	-3.4857093e-11	-3.4741321e-11	-3.4880366e-11	-3.4771713e-11	-3.4904996e-11	-3.4904583e-11	-3.8780198e-11	-4.1813907e-11	-4.3967174e-11	-4.5694944e-11	-4.8337466e-11	-5.0464934e-11	-5.3176564e-11	-5.5380901e-11	-5.7916501e-11	-5.9755298e-11	-6.148021e-11	-6.3233592e-11	-6.4213947e-11	-6.4378489e-11	-6.453689e-11	-6.786028e-11	-7.2489119e-11	-7.4616216e-11	-7.4503459e-11	-7.5605529e-11	-8.3446736e-11	-9.2827752e-11	-9.6917391e-11
	106.666666666667	-5.2711224e-11	-3.4621635e-11	-3.3773699e-11	-3.359428e-11	-3.3733703e-11	-3.4071482e-11	-3.3875344e-11	-3.3544154e-11	-3.3831243e-11	-3.3904268e-11	-3.3764547e-11	-3.4251994e-11	-3.4239452e-11	-3.3925435e-11	-3.3269946e-11	-3.4301968e-11	-3.5302886e-11	-3.4548121e-11	-3.3930029e-11	-3.3641208e-11	-3.4045686e-11	-3.415818e-11	-3.4244874e-11	-3.4185332e-11	-3.3677776e-11	-3.3642335e-11	-3.4205784e-11	-3.7636699e-11	-3.9024544e-11	-4.0000604e-11	-4.1375531e-11	-4.3716124e-11	-4.6500664e-11	-4.8553113e-11	-5.0680279e-11	-5.3362686e-11	-5.6054994e-11	-5.9781999e-11	-6.1586826e-11	-6.2117207e-11	-6.2917206e-11	-6.3905124e-11	-6.4356943e-11	-6.8135733e-11	-7.2530017e-11	-7.4754203e-11	-7.5390978e-11	-7.7040603e-11	-8.2821111e-11	-9.2530643e-11	-9.6675161e-11
	105	-5.0449308e-11	-3.5529076e-11	-3.4798414e-11	-3.4881306e-11	-3.4675152e-11	-3.4897842e-11	-3.4236364e-11	-3.3961174e-11	-3.4200774e-11	-3.4034237e-11	-3.4060598e-11	-3.4398907e-11	-3.411724e-11	-3.4153846e-11	-3.4258169e-11	-3.4872872e-11	-3.4897425e-11	-3.4701891e-11	-3.3979968e-11	-3.3963509e-11	-3.4638244e-11	-3.4943937e-11	-3.4751001e-11	-3.4919231e-11	-3.5804491e-11	-3.6907168e-11	-3.7731717e-11	-3.8823358e-11	-3.97807e-11	-4.0694205e-11	-4.1920183e-11	-4.4428444e-11	-4.7082453e-11	-4.7728037e-11	-4.9337253e-11	-5.2062177e-11	-5.6567334e-11	-5.9089907e-11	-6.1295746e-11	-6.2951359e-11	-6.3198419e-11	-6.3623461e-11	-6.4969502e-11	-6.9015987e-11	-7.3412339e-11	-7.5422987e-11	-7.5228164e-11	-7.6563283e-11	-8.3656242e-11	-9.2999219e-11	-9.7008762e-11
	103.333333333333	-4.9003839e-11	-3.5603534e-11	-3.4367197e-11	-3.4710554e-11	-3.4943635e-11	-3.4200622e-11	-3.3499262e-11	-3.3945319e-11	-3.4351719e-11	-3.4741435e-11	-3.4734392e-11	-3.3860807e-11	-3.4068848e-11	-3.4618811e-11	-3.4200698e-11	-3.4503303e-11	-3.4338612e-11	-3.462992e-11	-3.4407945e-11	-3.3849396e-11	-3.4370964e-11	-3.4145978e-11	-3.3857493e-11	-3.3812789e-11	-3.3938841e-11	-3.4465833e-11	-3.4593127e-11	-3.4776609e-11	-3.851695e-11	-3.9937897e-11	-4.1626241e-11	-4.3247961e-11	-4.5734187e-11	-4.7764417e-11	-4.9724256e-11	-5.2707647e-11	-5.5337852e-11	-5.7666958e-11	-5.9014883e-11	-6.0785099e-11	-6.1918581e-11	-6.2634786e-11	-6.4054186e-11	-6.8474157e-11	-7.2322356e-11	-7.5139964e-11	-7.5559392e-11	-7.6886608e-11	-8.3688632e-11	-9.3035371e-11	-9.7008158e-11
	101.666666666667	-5.3286722e-11	-3.530503e-11	-3.4741474e-11	-3.4422184e-11	-3.4029227e-11	-3.4209434e-11	-3.4238435e-11	-3.4621257e-11	-3.4427492e-11	-3.3759575e-11	-3.4050807e-11	-3.4595497e-11	-3.4449561e-11	-3.4137766e-11	-3.3811547e-11	-3.3907658e-11	-3.4140666e-11	-3.4187441e-11	-3.4599303e-11	-3.4441238e-11	-3.3995071e-11	-3.4587853e-11	-3.441834e-11	-3.4233765e-11	-3.4459543e-11	-3.4103005e-11	-3.4418829e-11	-3.7233952e-11	-3.9432527e-11	-4.0535728e-11	-4.2360743e-11	-4.3417058e-11	-4.5362096e-11	-4.806755e-11	-5.0219988e-11	-5.2778903e-11	-5.5284527e-11	-5.7266698e-11	-5.9330561e-11	-6.040194e-11	-6.1654772e-11	-6.2114425e-11	-6.3521848e-11	-6.8131251e-11	-7.3665421e-11	-7.6479226e-11	-7.6299016e-11	-7.7010169e-11	-8.4384305e-11	-9.3581233e-11	-9.745086e-11
	100	-5.3161801e-11	-3.4851292e-11	-3.3884683e-11	-3.4410093e-11	-3.4468279e-11	-3.4421656e-11	-3.4045797e-11	-3.4199567e-11	-3.4245478e-11	-3.4192187e-11	-3.4198439e-11	-3.482685e-11	-3.4735975e-11	-3.3898506e-11	-3.3925057e-11	-3.4493814e-11	-3.4725955e-11	-3.469398e-11	-3.476177e-11	-3.4189814e-11	-3.5004423e-11	-3.4838112e-11	-3.5225038e-11	-3.5873939e-11	-3.6634692e-11	-3.73594e-11	-3.822357e-11	-3.8583043e-11	-4.0057773e-11	-4.1684125e-11	-4.2267644e-11	-4.4299002e-11	-4.6465262e-11	-4.8900575e-11	-5.0661073e-11	-5.2151092e-11	-5.4605459e-11	-5.7574352e-11	-5.8982194e-11	-6.0202336e-11	-6.0931489e-11	-6.1112677e-11	-6.2554226e-11	-6.646645e-11	-7.24193e-11	-7.5534766e-11	-7.6617671e-11	-7.7019627e-11	-8.4583271e-11	-9.45359e-11	-9.8143826e-11
	98.3333333333333	-4.7792135e-11	-3.4462971e-11	-3.4123041e-11	-3.3428951e-11	-3.3655027e-11	-3.3715475e-11	-3.363371e-11	-3.3533006e-11	-3.4132003e-11	-3.3830265e-11	-3.4038831e-11	-3.393048e-11	-3.3851429e-11	-3.3410042e-11	-3.3658454e-11	-3.4082931e-11	-3.3825331e-11	-3.3855873e-11	-3.3514101e-11	-3.3066425e-11	-3.3297625e-11	-3.3738446e-11	-3.4076981e-11	-3.3432038e-11	-3.5084151e-11	-3.5911111e-11	-3.6252279e-11	-3.6925848e-11	-3.7828317e-11	-4.0476976e-11	-4.2183621e-11	-4.4670719e-11	-4.6336539e-11	-4.8662217e-11	-5.0679828e-11	-5.2966305e-11	-5.5439126e-11	-5.7374182e-11	-5.8794226e-11	-5.9926654e-11	-6.0139366e-11	-6.0216006e-11	-6.1819196e-11	-6.6253968e-11	-7.1675339e-11	-7.4510197e-11	-7.5383859e-11	-7.747826e-11	-8.5374978e-11	-9.5092871e-11	-9.8329643e-11
	96.6666666666667	-5.3345023e-11	-3.5226318e-11	-3.4743847e-11	-3.4922884e-11	-3.4692513e-11	-3.4809527e-11	-3.4670444e-11	-3.4521268e-11	-3.4861499e-11	-3.5259688e-11	-3.5378735e-11	-3.4675717e-11	-3.4596815e-11	-3.4790129e-11	-3.5117367e-11	-3.4872119e-11	-3.4497315e-11	-3.3728843e-11	-3.3989946e-11	-3.4796419e-11	-3.4715071e-11	-3.4573129e-11	-3.4366558e-11	-3.4282195e-11	-3.4648714e-11	-3.469933e-11	-3.5212083e-11	-3.8750822e-11	-4.0288144e-11	-4.0476976e-11	-4.257281e-11	-4.4773532e-11	-4.6848352e-11	-4.9028434e-11	-5.0765735e-11	-5.3324008e-11	-5.589294e-11	-5.7739043e-11	-5.929994e-11	-6.0205313e-11	-6.048155e-11	-6.0525883e-11	-6.1247805e-11	-6.5333718e-11	-7.1503609e-11	-7.4914491e-11	-7.5065731e-11	-7.7176862e-11	-8.5196503e-11	-9.4725935e-11	-9.8830839e-11
	95	-5.0533289e-11	-3.4647733e-11	-3.3760893e-11	-3.4058829e-11	-3.421162e-11	-3.4241259e-11	-3.4499879e-11	-3.3759426e-11	-3.3908827e-11	-3.4378986e-11	-3.430355e-11	-3.4107109e-11	-3.4132568e-11	-3.3880204e-11	-3.3666101e-11	-3.4429716e-11	-3.4628262e-11	-3.4187628e-11	-3.4073931e-11	-3.3953115e-11	-3.4369459e-11	-3.4401017e-11	-3.4446061e-11	-3.4349985e-11	-3.4492156e-11	-3.477273e-11	-3.7008816e-11	-3.8324049e-11	-3.9962755e-11	-4.0889743e-11	-4.2645044e-11	-4.400148e-11	-4.6021655e-11	-4.8105096e-11	-4.9846655e-11	-5.3157659e-11	-5.442917e-11	-5.7730116e-11	-5.964277e-11	-6.1096593e-11	-6.1743652e-11	-6.1838853e-11	-6.1719053e-11	-6.6121025e-11	-7.1035823e-11	-7.4803802e-11	-7.5393081e-11	-7.6865965e-11	-8.4437179e-11	-9.4075456e-11	-9.8335028e-11
	93.3333333333333	-5.49948e-11	-3.6284708e-11	-3.4817246e-11	-3.4786177e-11	-3.4897162e-11	-3.5045019e-11	-3.5047808e-11	-3.4881344e-11	-3.5243079e-11	-3.5117215e-11	-3.5120531e-11	-3.5353803e-11	-3.5222741e-11	-3.4993199e-11	-3.4840634e-11	-3.4937421e-11	-3.4974256e-11	-3.5144821e-11	-3.475522e-11	-3.5097442e-11	-3.488447e-11	-3.5282246e-11	-3.5458348e-11	-3.6028385e-11	-3.6986293e-11	-3.7624834e-11	-3.8036092e-11	-3.92948e-11	-3.9696378e-11	-4.13477e-11	-4.2851615e-11	-4.4270494e-11	-4.6567136e-11	-4.844691e-11	-5.0440721e-11	-5.3233095e-11	-5.5864955e-11	-5.8755889e-11	-6.1052267e-11	-6.232001e-11	-6.2381628e-11	-6.2804296e-11	-6.3281311e-11	-6.6571602e-11	-7.1183712e-11	-7.3592361e-11	-7.4609624e-11	-7.6532669e-11	-8.447492e-11	-9.4220111e-11	-9.8173802e-11
	91.6666666666667	-5.320756e-11	-3.5323071e-11	-3.4879689e-11	-3.5012292e-11	-3.4513736e-11	-3.4606533e-11	-3.4659407e-11	-3.5055639e-11	-3.5171862e-11	-3.5195364e-11	-3.4930569e-11	-3.4335184e-11	-3.4515543e-11	-3.4700721e-11	-3.5010109e-11	-3.5240293e-11	-3.4604611e-11	-3.41456e-11	-3.5054775e-11	-3.5173368e-11	-3.4509142e-11	-3.498804e-11	-3.5513297e-11	-3.639385e-11	-3.6818101e-11	-3.7256472e-11	-3.8433604e-11	-3.9366017e-11	-4.0020827e-11	-4.053859e-11	-4.2612656e-11	-4.461494e-11	-4.6468086e-11	-4.7775752e-11	-4.9855692e-11	-5.2542203e-11	-5.5572408e-11	-5.8361427e-11	-6.0747254e-11	-6.1755101e-11	-6.2995498e-11	-6.4009902e-11	-6.4562876e-11	-6.7128608e-11	-7.1042339e-11	-7.371604e-11	-7.4368928e-11	-7.6187244e-11	-8.451239e-11	-9.3459927e-11	-9.7122456e-11
	90	-5.2523673e-11	-3.5432966e-11	-3.4388062e-11	-3.4373261e-11	-3.4196895e-11	-3.4545897e-11	-3.4481876e-11	-3.4408438e-11	-3.4798414e-11	-3.4337519e-11	-3.3870639e-11	-3.4261635e-11	-3.4252632e-11	-3.3914135e-11	-3.4834722e-11	-3.475522e-11	-3.4591129e-11	-3.4420036e-11	-3.4646227e-11	-3.5383103e-11	-3.5126631e-11	-3.4148386e-11	-3.4599188e-11	-3.4824966e-11	-3.4696544e-11	-3.5114241e-11	-3.4972938e-11	-3.5213402e-11	-3.9336489e-11	-4.113036e-11	-4.2614239e-11	-4.4230349e-11	-4.5604218e-11	-4.7823769e-11	-5.0206506e-11	-5.3080641e-11	-5.5362711e-11	-5.7968588e-11	-6.0648202e-11	-6.2273124e-11	-6.4165853e-11	-6.4778106e-11	-6.4663622e-11	-6.786318e-11	-7.2619542e-11	-7.5109537e-11	-7.4801922e-11	-7.620219e-11	-8.3181718e-11	-9.271401e-11	-9.7081745e-11
	88.3333333333333	-5.4072032e-11	-3.5650344e-11	-3.4201638e-11	-3.4050922e-11	-3.4066212e-11	-3.4537838e-11	-3.4424519e-11	-3.4462933e-11	-3.4111932e-11	-3.4146807e-11	-3.4664834e-11	-3.4925333e-11	-3.5004496e-11	-3.4786778e-11	-3.40049e-11	-3.4215613e-11	-3.4075135e-11	-3.4098824e-11	-3.4640579e-11	-3.4529178e-11	-3.3745e-11	-3.3789891e-11	-3.4354429e-11	-3.4104285e-11	-3.4395292e-11	-3.4316241e-11	-3.4537651e-11	-3.4534185e-11	-3.8687629e-11	-4.060495e-11	-4.1689662e-11	-4.3529666e-11	-4.6313717e-11	-4.8343905e-11	-4.9882661e-11	-5.1857789e-11	-5.4800921e-11	-5.7930022e-11	-6.0087359e-11	-6.1983474e-11	-6.3346765e-11	-6.43052e-11	-6.5284798e-11	-6.874671e-11	-7.3636798e-11	-7.5923767e-11	-7.5872433e-11	-7.6351779e-11	-8.4183424e-11	-9.4193146e-11	-9.7258604e-11
	86.6666666666667	-5.4258792e-11	-3.6331067e-11	-3.5000128e-11	-3.4709347e-11	-3.5025472e-11	-3.5476275e-11	-3.5028751e-11	-3.4422635e-11	-3.4653194e-11	-3.4751341e-11	-3.4776272e-11	-3.4832724e-11	-3.4544617e-11	-3.4576893e-11	-3.4697523e-11	-3.5065208e-11	-3.4620844e-11	-3.4296697e-11	-3.425233e-11	-3.5029125e-11	-3.4625816e-11	-3.4650297e-11	-3.515823e-11	-3.4297259e-11	-3.3712273e-11	-3.4442445e-11	-3.5208846e-11	-3.8119966e-11	-3.9952246e-11	-4.1343443e-11	-4.2442279e-11	-4.460048e-11	-4.602832e-11	-4.853289e-11	-4.9661063e-11	-5.2902429e-11	-5.5343428e-11	-5.7857448e-11	-5.9649737e-11	-6.1479759e-11	-6.3076169e-11	-6.482432e-11	-6.5903227e-11	-6.9174388e-11	-7.400501e-11	-7.611075e-11	-7.6070268e-11	-7.7957009e-11	-8.5463706e-11	-9.4674192e-11	-9.7828148e-11
	85	-5.3470169e-11	-3.5195589e-11	-3.5024948e-11	-3.5017753e-11	-3.4277865e-11	-3.4979113e-11	-3.4748024e-11	-3.4592034e-11	-3.4514301e-11	-3.4284721e-11	-3.3768047e-11	-3.3639588e-11	-3.4276436e-11	-3.4754429e-11	-3.4541755e-11	-3.4028249e-11	-3.4207779e-11	-3.4502439e-11	-3.49526e-11	-3.4898969e-11	-3.4750171e-11	-3.433831e-11	-3.4379097e-11	-3.4550494e-11	-3.453543e-11	-3.5119251e-11	-3.4362339e-11	-3.7520213e-11	-3.9081526e-11	-4.0859951e-11	-4.1851304e-11	-4.343988e-11	-4.4757188e-11	-4.680056e-11	-4.899273e-11	-5.1661574e-11	-5.4136959e-11	-5.6520559e-11	-5.8438483e-11	-6.0333509e-11	-6.2590232e-11	-6.3522868e-11	-6.5608456e-11	-6.9145349e-11	-7.3930709e-11	-7.6187015e-11	-7.6476631e-11	-7.7582808e-11	-8.5059418e-11	-9.4258719e-11	-9.767389e-11
	83.3333333333333	-5.2868498e-11	-3.4647094e-11	-3.4463384e-11	-3.4180023e-11	-3.4028325e-11	-3.3866795e-11	-3.4418867e-11	-3.4491555e-11	-3.4142925e-11	-3.3916585e-11	-3.4393748e-11	-3.40722e-11	-3.3923777e-11	-3.3847702e-11	-3.380507e-11	-3.3864651e-11	-3.3965695e-11	-3.3982039e-11	-3.4503529e-11	-3.4117466e-11	-3.3621585e-11	-3.3595297e-11	-3.4319329e-11	-3.3928371e-11	-3.4429452e-11	-3.3867811e-11	-3.3688583e-11	-3.7242841e-11	-3.8681301e-11	-4.061719e-11	-4.1751502e-11	-4.3187665e-11	-4.5262259e-11	-4.7611737e-11	-4.9409372e-11	-5.1674269e-11	-5.3422943e-11	-5.587554e-11	-5.7491196e-11	-5.9681864e-11	-6.1942389e-11	-6.3045513e-11	-6.3947611e-11	-6.8243633e-11	-7.3756376e-11	-7.6451054e-11	-7.630975e-11	-7.7140176e-11	-8.4948958e-11	-9.428542e-11	-9.7533752e-11
	81.6666666666667	-5.0160522e-11	-3.4718537e-11	-3.3799949e-11	-3.3905323e-11	-3.4232821e-11	-3.3956542e-11	-3.4143716e-11	-3.4543451e-11	-3.4041204e-11	-3.3993638e-11	-3.4268113e-11	-3.4714807e-11	-3.4306148e-11	-3.3990699e-11	-3.3852785e-11	-3.3936846e-11	-3.4133248e-11	-3.4034161e-11	-3.4280013e-11	-3.3629342e-11	-3.3695779e-11	-3.3818063e-11	-3.4010586e-11	-3.4317597e-11	-3.4160213e-11	-3.3638346e-11	-3.5759035e-11	-3.8001331e-11	-3.9424429e-11	-4.0212448e-11	-4.1224548e-11	-4.2631638e-11	-4.4789124e-11	-4.6801125e-11	-4.8605613e-11	-5.1047552e-11	-5.3034056e-11	-5.5211915e-11	-5.7404876e-11	-5.9153474e-11	-6.0925841e-11	-6.1896856e-11	-6.3456997e-11	-6.9045283e-11	-7.4050585e-11	-7.6629834e-11	-7.7446473e-11	-7.8312301e-11	-8.5840057e-11	-9.5714915e-11	-9.8466388e-11
	80	-5.3640925e-11	-3.5581274e-11	-3.3950703e-11	-3.4342529e-11	-3.4481688e-11	-3.4513586e-11	-3.4608417e-11	-3.4245703e-11	-3.4231881e-11	-3.4128915e-11	-3.3707301e-11	-3.4204202e-11	-3.3954697e-11	-3.4486244e-11	-3.4196819e-11	-3.403066e-11	-3.3942533e-11	-3.4637074e-11	-3.4204313e-11	-3.3764394e-11	-3.3749295e-11	-3.4325282e-11	-3.455923e-11	-3.4315113e-11	-3.3960647e-11	-3.3909767e-11	-3.434298e-11	-3.599886e-11	-3.9075122e-11	-4.0734954e-11	-4.1135519e-11	-4.3153769e-11	-4.5696752e-11	-4.7919956e-11	-4.8925919e-11	-5.1402507e-11	-5.2089215e-11	-5.425721e-11	-5.6572119e-11	-5.8055959e-11	-5.9714511e-11	-6.0800615e-11	-6.2612221e-11	-6.7238388e-11	-7.343328e-11	-7.6189839e-11	-7.7214818e-11	-7.8924138e-11	-8.6425457e-11	-9.5898137e-11	-9.9425274e-11
	78.3333333333333	-4.8781149e-11	-3.4461725e-11	-3.3684479e-11	-3.3900879e-11	-3.44937e-11	-3.4305433e-11	-3.4317785e-11	-3.3868904e-11	-3.4207966e-11	-3.4118371e-11	-3.4641293e-11	-3.4867522e-11	-3.4502776e-11	-3.411129e-11	-3.4432124e-11	-3.4896409e-11	-3.414417e-11	-3.4286941e-11	-3.4124134e-11	-3.4374014e-11	-3.4594029e-11	-3.3913157e-11	-3.4608077e-11	-3.4509218e-11	-3.4325019e-11	-3.4283177e-11	-3.4701325e-11	-3.4748853e-11	-3.9046651e-11	-4.0375859e-11	-4.1405622e-11	-4.3504846e-11	-4.543629e-11	-4.766134e-11	-4.8922116e-11	-5.1509803e-11	-5.376935e-11	-5.575879e-11	-5.7241618e-11	-5.8427978e-11	-5.8971834e-11	-6.0402808e-11	-6.1422818e-11	-6.6599767e-11	-7.1926992e-11	-7.5036775e-11	-7.5848779e-11	-7.7615123e-11	-8.6534675e-11	-9.5956132e-11	-9.8924986e-11
	76.6666666666667	-4.7403022e-11	-3.4684717e-11	-3.4167443e-11	-3.4353867e-11	-3.458258e-11	-3.4404556e-11	-3.402497e-11	-3.420484e-11	-3.3978535e-11	-3.4340118e-11	-3.4632634e-11	-3.4243105e-11	-3.4171624e-11	-3.4297676e-11	-3.4350287e-11	-3.4417778e-11	-3.4311987e-11	-3.4123419e-11	-3.4299522e-11	-3.3889506e-11	-3.3861712e-11	-3.40197e-11	-3.4355824e-11	-3.3773699e-11	-3.3851356e-11	-3.4324526e-11	-3.4589699e-11	-3.532985e-11	-3.8194271e-11	-3.9413167e-11	-4.1553819e-11	-4.3106994e-11	-4.474536e-11	-4.6920998e-11	-4.8666283e-11	-5.1053387e-11	-5.3848325e-11	-5.6349314e-11	-5.7598717e-11	-5.8953536e-11	-5.9673384e-11	-6.0216568e-11	-6.2046632e-11	-6.6633664e-11	-7.1595126e-11	-7.4169518e-11	-7.5791463e-11	-7.8175029e-11	-8.6949434e-11	-9.6048253e-11	-9.8893504e-11
	75	-5.3753908e-11	-3.4997831e-11	-3.4547743e-11	-3.4946761e-11	-3.4660351e-11	-3.4787343e-11	-3.4487711e-11	-3.4616778e-11	-3.5295392e-11	-3.5064115e-11	-3.4394841e-11	-3.4055401e-11	-3.4899875e-11	-3.4430882e-11	-3.4857846e-11	-3.4657111e-11	-3.4799507e-11	-3.453976e-11	-3.5041029e-11	-3.5387811e-11	-3.4637376e-11	-3.4383957e-11	-3.4854869e-11	-3.4880744e-11	-3.4709988e-11	-3.5131151e-11	-3.4568834e-11	-3.7412389e-11	-4.0027232e-11	-4.1578675e-11	-4.3003653e-11	-4.4612456e-11	-4.5974953e-11	-4.81408e-11	-4.9902357e-11	-5.2652851e-11	-5.552115e-11	-5.7185801e-11	-5.8474822e-11	-5.9603114e-11	-6.1465673e-11	-6.2237909e-11	-6.3531645e-11	-6.6538872e-11	-7.1078941e-11	-7.4295077e-11	-7.5617429e-11	-7.8406379e-11	-8.7038238e-11	-9.5810311e-11	-9.9303635e-11
	73.3333333333333	-5.3602549e-11	-3.5153786e-11	-3.4156181e-11	-3.4227062e-11	-3.4129897e-11	-3.4519349e-11	-3.4647358e-11	-3.4463044e-11	-3.3813091e-11	-3.4453666e-11	-3.4555466e-11	-3.4697859e-11	-3.5425093e-11	-3.514599e-11	-3.4438792e-11	-3.4885678e-11	-3.4871141e-11	-3.4902848e-11	-3.4819432e-11	-3.4206648e-11	-3.4287809e-11	-3.5044266e-11	-3.4674399e-11	-3.4486129e-11	-3.4223784e-11	-3.6857004e-11	-3.7777888e-11	-3.8798201e-11	-3.9451432e-11	-4.0885711e-11	-4.18394e-11	-4.3218019e-11	-4.5226631e-11	-4.7558034e-11	-4.9560279e-11	-5.2108498e-11	-5.4358254e-11	-5.7566441e-11	-5.9389348e-11	-6.108624e-11	-6.2176597e-11	-6.2650489e-11	-6.367739e-11	-6.6898986e-11	-7.0727563e-11	-7.3874747e-11	-7.5052138e-11	-7.7911587e-11	-8.6569432e-11	-9.6433979e-11	-9.9540862e-11
	71.6666666666667	-5.4336861e-11	-3.4299633e-11	-3.4677185e-11	-3.5200485e-11	-3.4547896e-11	-3.426634e-11	-3.4387496e-11	-3.467937e-11	-3.4937459e-11	-3.4844135e-11	-3.4571245e-11	-3.4632141e-11	-3.457663e-11	-3.4480859e-11	-3.4794726e-11	-3.4698841e-11	-3.4278733e-11	-3.402904e-11	-3.4611994e-11	-3.4719175e-11	-3.4925333e-11	-3.4582278e-11	-3.4253538e-11	-3.4414725e-11	-3.4923977e-11	-3.6557635e-11	-3.7459993e-11	-3.8376174e-11	-3.9315325e-11	-4.0606116e-11	-4.2374829e-11	-4.400039e-11	-4.5287076e-11	-4.7629213e-11	-4.9426997e-11	-5.1613935e-11	-5.4792032e-11	-5.7149046e-11	-5.9002268e-11	-6.1331898e-11	-6.3585949e-11	-6.4130562e-11	-6.4680983e-11	-6.7880583e-11	-7.1230376e-11	-7.353617e-11	-7.4842667e-11	-7.7278885e-11	-8.5816139e-11	-9.5465413e-11	-9.8766398e-11
	70	-5.1198986e-11	-3.5667819e-11	-3.4684304e-11	-3.4491177e-11	-3.4107637e-11	-3.4333265e-11	-3.3870899e-11	-3.3985165e-11	-3.4392583e-11	-3.4574784e-11	-3.4033106e-11	-3.3948708e-11	-3.4412955e-11	-3.4795288e-11	-3.492959e-11	-3.4462252e-11	-3.4099539e-11	-3.4335524e-11	-3.4171888e-11	-3.4664042e-11	-3.4848468e-11	-3.4288825e-11	-3.3986897e-11	-3.4312889e-11	-3.4516296e-11	-3.5045508e-11	-3.7192714e-11	-3.7571092e-11	-3.8627598e-11	-3.9991642e-11	-4.1474844e-11	-4.3383314e-11	-4.4517098e-11	-4.6205175e-11	-4.8096398e-11	-5.0532915e-11	-5.3489001e-11	-5.5799351e-11	-5.8230483e-11	-6.0837148e-11	-6.2645895e-11	-6.4608818e-11	-6.5850957e-11	-6.8676662e-11	-7.2236266e-11	-7.3812075e-11	-7.4631468e-11	-7.6479302e-11	-8.4841696e-11	-9.5429713e-11	-9.9060302e-11
	68.3333333333333	-5.368175e-11	-3.5010446e-11	-3.4051862e-11	-3.4111932e-11	-3.4628526e-11	-3.4236364e-11	-3.4092198e-11	-3.4484436e-11	-3.4635458e-11	-3.500393e-11	-3.4807719e-11	-3.4243743e-11	-3.4072349e-11	-3.4131024e-11	-3.4827453e-11	-3.4181904e-11	-3.3599592e-11	-3.3433731e-11	-3.4151286e-11	-3.4291799e-11	-3.4392655e-11	-3.4313344e-11	-3.3959516e-11	-3.36281e-11	-3.5622852e-11	-3.6631979e-11	-3.7066211e-11	-3.8440195e-11	-3.8511527e-11	-3.9660185e-11	-4.1490245e-11	-4.3104433e-11	-4.4437256e-11	-4.6105713e-11	-4.8180231e-11	-5.0206131e-11	-5.2805454e-11	-5.5852076e-11	-5.8264185e-11	-6.0281349e-11	-6.2477891e-11	-6.4749484e-11	-6.6936123e-11	-7.0330471e-11	-7.242653e-11	-7.4071443e-11	-7.4610561e-11	-7.7408774e-11	-8.5934246e-11	-9.6358393e-11	-9.9375674e-11
	66.6666666666667	-5.3701106e-11	-3.5504485e-11	-3.5235658e-11	-3.5132206e-11	-3.4331156e-11	-3.4576102e-11	-3.4633046e-11	-3.4851518e-11	-3.4910984e-11	-3.5129153e-11	-3.4857731e-11	-3.5145952e-11	-3.5024608e-11	-3.5909189e-11	-3.5513297e-11	-3.4688107e-11	-3.4702193e-11	-3.4838486e-11	-3.5029767e-11	-3.5475674e-11	-3.5373197e-11	-3.4873663e-11	-3.5120757e-11	-3.5375983e-11	-3.4997755e-11	-3.5073642e-11	-3.5151188e-11	-3.770995e-11	-3.9387257e-11	-4.0459164e-11	-4.1439178e-11	-4.2736412e-11	-4.432273e-11	-4.6255867e-11	-4.83012e-11	-5.0552573e-11	-5.2851098e-11	-5.5500438e-11	-5.8152823e-11	-6.0795723e-11	-6.3078959e-11	-6.5299828e-11	-6.7748245e-11	-7.111095e-11	-7.4393144e-11	-7.5873377e-11	-7.5665037e-11	-7.7296919e-11	-8.5798701e-11	-9.5377282e-11	-9.8936324e-11
	65	-5.026778e-11	-3.5501848e-11	-3.481284e-11	-3.4114756e-11	-3.4129255e-11	-3.4159609e-11	-3.4438716e-11	-3.4667994e-11	-3.428581e-11	-3.4238511e-11	-3.4058905e-11	-3.3886491e-11	-3.4481046e-11	-3.4329612e-11	-3.4575311e-11	-3.4025425e-11	-3.4087566e-11	-3.4598397e-11	-3.4396347e-11	-3.4124925e-11	-3.3692653e-11	-3.4064668e-11	-3.4472647e-11	-3.4708219e-11	-3.4415592e-11	-3.4594633e-11	-3.4198814e-11	-3.4613951e-11	-3.8646992e-11	-3.9843632e-11	-4.1095183e-11	-4.240458e-11	-4.3448054e-11	-4.5179215e-11	-4.5976122e-11	-4.79769e-11	-5.0000198e-11	-5.2374688e-11	-5.6020761e-11	-5.8770655e-11	-6.0233332e-11	-6.341222e-11	-6.6527124e-11	-7.0704553e-11	-7.4014919e-11	-7.545662e-11	-7.4903792e-11	-7.6695324e-11	-8.4929036e-11	-9.432391e-11	-9.8642455e-11
	63.3333333333333	-5.1511309e-11	-3.3951043e-11	-3.3265012e-11	-3.2792779e-11	-3.2944932e-11	-3.3308585e-11	-3.3533874e-11	-3.3676721e-11	-3.3454333e-11	-3.292994e-11	-3.3098135e-11	-3.2989521e-11	-3.3098663e-11	-3.2773534e-11	-3.272322e-11	-3.3024583e-11	-3.2643794e-11	-3.3123556e-11	-3.3126078e-11	-3.2931297e-11	-3.2513148e-11	-3.314235e-11	-3.3166112e-11	-3.3274425e-11	-3.2601272e-11	-3.2353991e-11	-3.2805206e-11	-3.5163275e-11	-3.7158894e-11	-3.8592986e-11	-3.9656795e-11	-4.0233237e-11	-4.156572e-11	-4.3629766e-11	-4.5457419e-11	-4.6975722e-11	-4.9301587e-11	-5.1913716e-11	-5.5173539e-11	-5.8408507e-11	-6.1152895e-11	-6.448047e-11	-6.662549e-11	-7.174298e-11	-7.555917e-11	-7.7331912e-11	-7.613233e-11	-7.6893422e-11	-8.4803206e-11	-9.4645833e-11	-9.893892e-11
	61.6666666666667	-4.7270115e-11	-3.4058527e-11	-3.3158393e-11	-3.2560184e-11	-3.2513412e-11	-3.2898267e-11	-3.2563161e-11	-3.3266629e-11	-3.2706875e-11	-3.2820763e-11	-3.306759e-11	-3.3349372e-11	-3.3423073e-11	-3.3354455e-11	-3.2947037e-11	-3.3047141e-11	-3.3298378e-11	-3.371619e-11	-3.3293483e-11	-3.2923463e-11	-3.2755458e-11	-3.3502499e-11	-3.3339088e-11	-3.3313068e-11	-3.3091242e-11	-3.2634263e-11	-3.2779977e-11	-3.6034713e-11	-3.7378382e-11	-3.8448557e-11	-3.9580835e-11	-4.0088693e-11	-4.1350298e-11	-4.3957945e-11	-4.5391697e-11	-4.6977228e-11	-4.8529687e-11	-5.1615101e-11	-5.404303e-11	-5.7113606e-11	-6.0276305e-11	-6.2594749e-11	-6.677045e-11	-7.2082347e-11	-7.7017441e-11	-7.785167e-11	-7.58359e-11	-7.7314211e-11	-8.6043235e-11	-9.5888041e-11	-9.959087e-11
	60	-4.6785457e-11	-3.3778067e-11	-3.3113387e-11	-3.3208783e-11	-3.2803513e-11	-3.3349976e-11	-3.3245427e-11	-3.2933857e-11	-3.2884181e-11	-3.322893e-11	-3.3472409e-11	-3.313267e-11	-3.2773798e-11	-3.3044432e-11	-3.3207541e-11	-3.3403755e-11	-3.3495724e-11	-3.3231456e-11	-3.28205e-11	-3.2456468e-11	-3.3128791e-11	-3.3599779e-11	-3.356871e-11	-3.3037989e-11	-3.2765964e-11	-3.2893487e-11	-3.3076028e-11	-3.5840005e-11	-3.7790392e-11	-3.8699606e-11	-3.961232e-11	-4.0689611e-11	-4.176683e-11	-4.3690287e-11	-4.4854766e-11	-4.6078336e-11	-4.7830212e-11	-5.0115818e-11	-5.3332332e-11	-5.5874524e-11	-5.8311751e-11	-6.1074749e-11	-6.5179348e-11	-7.1144889e-11	-7.6080017e-11	-7.7547857e-11	-7.6694762e-11	-7.8113828e-11	-8.554106e-11	-9.6538597e-11	-1.0068817e-10
	58.3333333333333	-4.9672096e-11	-3.3715811e-11	-3.2862376e-11	-3.2767924e-11	-3.2825732e-11	-3.3226182e-11	-3.2858497e-11	-3.2625076e-11	-3.3059833e-11	-3.2682659e-11	-3.3326397e-11	-3.3529804e-11	-3.3385149e-11	-3.2947867e-11	-3.2899738e-11	-3.3169165e-11	-3.323699e-11	-3.2814512e-11	-3.2711996e-11	-3.2832324e-11	-3.2819216e-11	-3.3126984e-11	-3.4317823e-11	-3.4597269e-11	-3.4449676e-11	-3.5222856e-11	-3.5958601e-11	-3.6723194e-11	-3.7335298e-11	-3.7964801e-11	-3.8370598e-11	-4.0141078e-11	-4.1661941e-11	-4.331379e-11	-4.4957617e-11	-4.6272628e-11	-4.7911747e-11	-5.0155439e-11	-5.2761615e-11	-5.5051515e-11	-5.722e-11	-5.9896942e-11	-6.5000005e-11	-7.0917903e-11	-7.5627865e-11	-7.77211e-11	-7.7320872e-11	-7.9179031e-11	-8.8121559e-11	-9.8041804e-11	-1.014488e-10
	56.6666666666667	-5.1621617e-11	-3.3014376e-11	-3.2747097e-11	-3.267411e-11	-3.2819896e-11	-3.2841702e-11	-3.2721e-11	-3.276333e-11	-3.2697234e-11	-3.2975511e-11	-3.3281131e-11	-3.3315854e-11	-3.3200987e-11	-3.3013248e-11	-3.2790708e-11	-3.2903163e-11	-3.3026276e-11	-3.3155118e-11	-3.2806074e-11	-3.3169655e-11	-3.3425072e-11	-3.3101712e-11	-3.3395543e-11	-3.2663452e-11	-3.2799256e-11	-3.3489281e-11	-3.3800549e-11	-3.4924619e-11	-3.6672051e-11	-3.8078235e-11	-3.9417161e-11	-4.0433667e-11	-4.1901805e-11	-4.3317482e-11	-4.4615995e-11	-4.6070387e-11	-4.7971554e-11	-5.0309659e-11	-5.2180132e-11	-5.3625444e-11	-5.6186243e-11	-5.908015e-11	-6.2486967e-11	-6.904962e-11	-7.5454851e-11	-7.7536144e-11	-7.8104828e-11	-7.9273144e-11	-8.7828099e-11	-9.8426392e-11	-1.0199692e-10
	55	-5.3818346e-11	-3.3287945e-11	-3.2628802e-11	-3.2730412e-11	-3.2535818e-11	-3.2363858e-11	-3.2993587e-11	-3.3206975e-11	-3.3334609e-11	-3.2778356e-11	-3.2655205e-11	-3.279195e-11	-3.2968354e-11	-3.2907194e-11	-3.2888928e-11	-3.2737871e-11	-3.307972e-11	-3.2712485e-11	-3.2919507e-11	-3.3567166e-11	-3.3392757e-11	-3.2928698e-11	-3.2654299e-11	-3.314958e-11	-3.3161141e-11	-3.3414375e-11	-3.3038818e-11	-3.5460947e-11	-3.6699619e-11	-3.8090777e-11	-3.9521292e-11	-4.0860631e-11	-4.1893558e-11	-4.3769828e-11	-4.5822502e-11	-4.6961147e-11	-4.9403311e-11	-5.0863692e-11	-5.2877574e-11	-5.4536878e-11	-5.6986162e-11	-5.9128209e-11	-6.2465158e-11	-6.8620547e-11	-7.4974367e-11	-7.8143055e-11	-7.8572572e-11	-8.047675e-11	-8.9001806e-11	-9.8956024e-11	-1.0235771e-10
	53.3333333333333	-5.4910815e-11	-3.4748815e-11	-3.399556e-11	-3.3399498e-11	-3.3518546e-11	-3.4149177e-11	-3.403661e-11	-3.4255945e-11	-3.405589e-11	-3.3795241e-11	-3.3828117e-11	-3.3821865e-11	-3.3914361e-11	-3.4257604e-11	-3.3785259e-11	-3.4115624e-11	-3.3695588e-11	-3.3879979e-11	-3.4442896e-11	-3.4118146e-11	-3.3453278e-11	-3.3948632e-11	-3.3913157e-11	-3.3902839e-11	-3.3950554e-11	-3.3606107e-11	-3.4006856e-11	-3.5884372e-11	-3.806935e-11	-3.9312349e-11	-3.9495532e-11	-4.0603066e-11	-4.0600582e-11	-4.368916e-11	-4.513101e-11	-4.7035188e-11	-4.8115192e-11	-5.0306797e-11	-5.2514333e-11	-5.458595e-11	-5.6516077e-11	-5.8510606e-11	-6.1553991e-11	-6.7686176e-11	-7.4428588e-11	-7.7400454e-11	-7.7974974e-11	-7.9349562e-11	-8.873121e-11	-9.9315008e-11	-1.0254044e-10
	51.6666666666667	-5.3786937e-11	-3.432242e-11	-3.3292352e-11	-3.3490714e-11	-3.3925772e-11	-3.3958954e-11	-3.324795e-11	-3.3681315e-11	-3.3814937e-11	-3.4266943e-11	-3.436347e-11	-3.4785876e-11	-3.4309614e-11	-3.4290557e-11	-3.408316e-11	-3.4335864e-11	-3.4433897e-11	-3.3665837e-11	-3.3998835e-11	-3.4079205e-11	-3.4491555e-11	-3.452353e-11	-3.4574673e-11	-3.4128277e-11	-3.4143643e-11	-3.4384221e-11	-3.4655719e-11	-3.5205078e-11	-3.8083207e-11	-3.9033242e-11	-4.0731602e-11	-4.1681186e-11	-4.3030617e-11	-4.4421588e-11	-4.5520161e-11	-4.7136569e-11	-4.8811129e-11	-5.0983339e-11	-5.2939299e-11	-5.4449053e-11	-5.6021663e-11	-5.8417847e-11	-6.0948323e-11	-6.6969146e-11	-7.3340597e-11	-7.5734592e-11	-7.708071e-11	-7.9567353e-11	-8.8436855e-11	-9.9439477e-11	-1.0242298e-10
	50	-4.8396179e-11	-3.526477e-11	-3.4551022e-11	-3.4618322e-11	-3.4943898e-11	-3.4842029e-11	-3.443593e-11	-3.4149517e-11	-3.4210225e-11	-3.5025285e-11	-3.4740193e-11	-3.4295226e-11	-3.4109784e-11	-3.4205708e-11	-3.4432276e-11	-3.4368404e-11	-3.4342869e-11	-3.3913195e-11	-3.4207664e-11	-3.4672515e-11	-3.4889178e-11	-3.4995343e-11	-3.4789453e-11	-3.443721e-11	-3.4756122e-11	-3.5575851e-11	-3.7476487e-11	-3.8297761e-11	-3.8868853e-11	-3.9485588e-11	-4.0449748e-11	-4.1651398e-11	-4.3099461e-11	-4.480637e-11	-4.6113849e-11	-4.7415037e-11	-4.9418712e-11	-5.1118616e-11	-5.3716812e-11	-5.5897911e-11	-5.7505393e-11	-5.8838177e-11	-6.1783981e-11	-6.7350167e-11	-7.3352539e-11	-7.6129429e-11	-7.6621133e-11	-7.8808786e-11	-8.9301365e-11	-9.9102788e-11	-1.0219531e-10
	48.3333333333333	-5.379586e-11	-3.4190227e-11	-3.4185859e-11	-3.4465944e-11	-3.4404819e-11	-3.4914939e-11	-3.4697824e-11	-3.415445e-11	-3.4135392e-11	-3.4327315e-11	-3.4701551e-11	-3.4622086e-11	-3.4220432e-11	-3.3861261e-11	-3.4140062e-11	-3.405367e-11	-3.4215877e-11	-3.4114982e-11	-3.3868755e-11	-3.3591907e-11	-3.4127898e-11	-3.4647358e-11	-3.4698314e-11	-3.4589435e-11	-3.4830579e-11	-3.4214971e-11	-3.4403126e-11	-3.456857e-11	-3.78769e-11	-3.961597e-11	-4.06228e-11	-4.1917022e-11	-4.3008246e-11	-4.4637575e-11	-4.6782331e-11	-4.8261881e-11	-4.9602086e-11	-5.0854199e-11	-5.3505759e-11	-5.5598918e-11	-5.7684472e-11	-5.9191325e-11	-6.1975189e-11	-6.7205845e-11	-7.3374681e-11	-7.651433e-11	-7.7298466e-11	-7.9228631e-11	-8.887395e-11	-9.9410778e-11	-1.0226891e-10
	46.6666666666667	-5.0839812e-11	-3.5732334e-11	-3.5423286e-11	-3.5388942e-11	-3.5092547e-11	-3.5570165e-11	-3.5260139e-11	-3.5509946e-11	-3.5683862e-11	-3.518286e-11	-3.5239651e-11	-3.4978135e-11	-3.5248051e-11	-3.5284355e-11	-3.5158682e-11	-3.4980508e-11	-3.4323964e-11	-3.4839805e-11	-3.495482e-11	-3.5060198e-11	-3.4903341e-11	-3.2918529e-11	-3.2737455e-11	-3.3199932e-11	-3.3402701e-11	-3.3495724e-11	-3.3062809e-11	-3.3566375e-11	-3.7125338e-11	-3.8679455e-11	-3.9573754e-11	-4.0795325e-11	-4.166277e-11	-4.3808433e-11	-4.5055914e-11	-4.6323657e-11	-4.8510744e-11	-4.9957455e-11	-5.1749174e-11	-5.3993091e-11	-5.6152083e-11	-5.8465219e-11	-6.1916285e-11	-6.6746837e-11	-7.16254e-11	-7.50228e-11	-7.5027581e-11	-7.7655868e-11	-8.7304088e-11	-9.6365471e-11	-1.0061552e-10
	45	-4.8168143e-11	-3.3575111e-11	-3.3563059e-11	-3.3082884e-11	-3.2707892e-11	-3.2519813e-11	-3.2726686e-11	-3.3381721e-11	-3.3529918e-11	-3.3457421e-11	-3.2768375e-11	-3.2808145e-11	-3.2746948e-11	-3.2914574e-11	-3.310318e-11	-3.2990048e-11	-3.2763216e-11	-3.2703184e-11	-3.2630725e-11	-3.2921808e-11	-3.3215524e-11	-3.3042773e-11	-3.2516611e-11	-3.390167e-11	-3.4843083e-11	-3.5457897e-11	-3.5949035e-11	-3.63331e-11	-3.6707189e-11	-3.762186e-11	-3.8855183e-11	-4.0436945e-11	-4.1863089e-11	-4.3307691e-11	-4.4586432e-11	-4.6313377e-11	-4.8258002e-11	-5.0188541e-11	-5.2441499e-11	-5.4425103e-11	-5.5785831e-11	-5.8424626e-11	-6.2361213e-11	-6.8269092e-11	-7.2758813e-11	-7.4412206e-11	-7.473925e-11	-7.6541967e-11	-8.6124621e-11	-9.6430815e-11	-1.0103777e-10
	43.3333333333333	-4.913004e-11	-3.2704579e-11	-3.2488404e-11	-3.2737268e-11	-3.2729847e-11	-3.2151639e-11	-3.2459858e-11	-3.2611705e-11	-3.3035165e-11	-3.2704162e-11	-3.2341487e-11	-3.2357908e-11	-3.2328796e-11	-3.2434548e-11	-3.299291e-11	-3.2848706e-11	-3.2566061e-11	-3.2362203e-11	-3.2396249e-11	-3.2382801e-11	-3.2410859e-11	-3.2908436e-11	-3.3192549e-11	-3.2808183e-11	-3.3553646e-11	-3.4402033e-11	-3.5136838e-11	-3.5833076e-11	-3.5973061e-11	-3.6542758e-11	-3.7437886e-11	-3.946141e-11	-4.1681641e-11	-4.2487659e-11	-4.4204813e-11	-4.618533e-11	-4.8371813e-11	-5.0191028e-11	-5.2534182e-11	-5.4424198e-11	-5.6266648e-11	-5.855022e-11	-6.2508505e-11	-6.9027055e-11	-7.4650675e-11	-7.5930845e-11	-7.4981035e-11	-7.6730275e-11	-8.7286012e-11	-9.6553252e-11	-1.0069336e-10
	41.6666666666667	-4.1951557e-11	-3.375758e-11	-3.3119792e-11	-3.3224225e-11	-3.3301691e-11	-3.3398895e-11	-3.242517e-11	-3.2475637e-11	-3.2790784e-11	-3.3170144e-11	-3.3044768e-11	-3.2924292e-11	-3.2535856e-11	-3.2651628e-11	-3.3020853e-11	-3.2941014e-11	-3.2621534e-11	-3.2727324e-11	-3.2477295e-11	-3.2677989e-11	-3.2992872e-11	-3.3264821e-11	-3.3450454e-11	-3.2662886e-11	-3.2518908e-11	-3.2418127e-11	-3.2861738e-11	-3.3116891e-11	-3.5545608e-11	-3.7680612e-11	-3.8962743e-11	-4.0003955e-11	-4.1300886e-11	-4.2820997e-11	-4.3804176e-11	-4.5898389e-11	-4.7910127e-11	-4.997892e-11	-5.2178661e-11	-5.4154431e-11	-5.5922805e-11	-5.8669118e-11	-6.2459059e-11	-7.0050722e-11	-7.5346007e-11	-7.6622153e-11	-7.5722734e-11	-7.6999851e-11	-8.6622987e-11	-9.7295623e-11	-1.0038963e-10
	40	-4.8029587e-11	-3.321865e-11	-3.2647635e-11	-3.2785698e-11	-3.3000217e-11	-3.3341725e-11	-3.2845844e-11	-3.2669967e-11	-3.2562446e-11	-3.293751e-11	-3.3161633e-11	-3.3217106e-11	-3.2858761e-11	-3.2592651e-11	-3.2579429e-11	-3.2740279e-11	-3.2939696e-11	-3.2864787e-11	-3.2567227e-11	-3.259585e-11	-3.2668573e-11	-3.2864975e-11	-3.2733916e-11	-3.301287e-11	-3.299374e-11	-3.3070605e-11	-3.3278116e-11	-3.3819305e-11	-3.3854482e-11	-3.6756449e-11	-3.847055e-11	-3.9479565e-11	-4.0704752e-11	-4.2992731e-11	-4.4288684e-11	-4.5470749e-11	-4.7225224e-11	-4.8736109e-11	-5.1828677e-11	-5.4894169e-11	-5.7377499e-11	-5.9550948e-11	-6.3508178e-11	-7.1398797e-11	-7.7202432e-11	-7.836122e-11	-7.7409607e-11	-7.8242475e-11	-8.7431722e-11	-9.717703e-11	-1.0098632e-10
	38.3333333333333	-5.0744079e-11	-3.3524156e-11	-3.2483582e-11	-3.2608014e-11	-3.2569e-11	-3.3364211e-11	-3.3460398e-11	-3.3173457e-11	-3.2941351e-11	-3.2977995e-11	-3.3512932e-11	-3.3920991e-11	-3.3468794e-11	-3.2695086e-11	-3.2729659e-11	-3.2781444e-11	-3.3135682e-11	-3.330335e-11	-3.3303575e-11	-3.2452024e-11	-3.2765138e-11	-3.2969637e-11	-3.3056557e-11	-3.3112069e-11	-3.3038253e-11	-3.2501699e-11	-3.2731654e-11	-3.44876e-11	-3.6718222e-11	-3.7705242e-11	-3.852384e-11	-3.856666e-11	-3.983e-11	-4.1435112e-11	-4.3323997e-11	-4.490493e-11	-4.7083282e-11	-4.8866529e-11	-5.0795673e-11	-5.3748485e-11	-5.7131196e-11	-6.0089315e-11	-6.4056711e-11	-7.2376737e-11	-7.8007961e-11	-7.9521181e-11	-7.8387581e-11	-7.8946696e-11	-8.7525119e-11	-9.7239806e-11	-1.0071095e-10
	36.6666666666667	-4.8035236e-11	-3.3105366e-11	-3.2799596e-11	-3.2615886e-11	-3.2511601e-11	-3.2602893e-11	-3.3090565e-11	-3.2589674e-11	-3.2845355e-11	-3.271889e-11	-3.236043e-11	-3.2452551e-11	-3.2628917e-11	-3.3196394e-11	-3.3201025e-11	-3.2749772e-11	-3.2600783e-11	-3.2529906e-11	-3.2566061e-11	-3.3308245e-11	-3.3214584e-11	-3.2651853e-11	-3.2813568e-11	-3.2764798e-11	-3.3119226e-11	-3.3191269e-11	-3.3171989e-11	-3.2599128e-11	-3.4610488e-11	-3.6928259e-11	-3.8564176e-11	-3.9889841e-11	-4.0595347e-11	-4.166861e-11	-4.3424705e-11	-4.5397047e-11	-4.7349544e-11	-4.8994538e-11	-5.1123137e-11	-5.4733884e-11	-5.7186141e-11	-6.0177252e-11	-6.5502895e-11	-7.3567395e-11	-7.9449058e-11	-8.1433339e-11	-7.973084e-11	-8.1340656e-11	-8.9672623e-11	-9.8483825e-11	-1.0118698e-10
	35	-4.9416832e-11	-3.404188e-11	-3.3448307e-11	-3.2980708e-11	-3.2560375e-11	-3.2659271e-11	-3.3319958e-11	-3.3471882e-11	-3.3118095e-11	-3.320641e-11	-3.2674034e-11	-3.2989143e-11	-3.3167618e-11	-3.3452036e-11	-3.3478512e-11	-3.3009106e-11	-3.2584779e-11	-3.2651552e-11	-3.3071924e-11	-3.3108755e-11	-3.306699e-11	-3.3547658e-11	-3.3319847e-11	-3.3066688e-11	-3.3476326e-11	-3.3405299e-11	-3.4972185e-11	-3.6144948e-11	-3.6731593e-11	-3.7617302e-11	-3.8382349e-11	-3.976669e-11	-4.1231026e-11	-4.2149877e-11	-4.3313228e-11	-4.4947376e-11	-4.7113747e-11	-4.8770227e-11	-5.0627141e-11	-5.4068791e-11	-5.7026384e-11	-6.0023181e-11	-6.5575691e-11	-7.5006341e-11	-8.1650874e-11	-8.2863445e-11	-8.153548e-11	-8.2393772e-11	-9.1207798e-11	-1.0083304e-10	-1.0327747e-10
	33.3333333333333	-4.6010092e-11	-3.3398857e-11	-3.2931522e-11	-3.3270057e-11	-3.325375e-11	-3.3209498e-11	-3.2687669e-11	-3.2941767e-11	-3.317549e-11	-3.3320145e-11	-3.304345e-11	-3.2761484e-11	-3.2891377e-11	-3.2833829e-11	-3.2946888e-11	-3.2683072e-11	-3.2641834e-11	-3.2475033e-11	-3.2697157e-11	-3.2839328e-11	-3.303946e-11	-3.3096553e-11	-3.2979466e-11	-3.2971181e-11	-3.3098888e-11	-3.3154327e-11	-3.3275969e-11	-3.2925423e-11	-3.4917614e-11	-3.6763152e-11	-3.8021142e-11	-3.8727174e-11	-4.0314772e-11	-4.178001e-11	-4.2562644e-11	-4.4199464e-11	-4.5722474e-11	-4.7824977e-11	-5.0308115e-11	-5.3655611e-11	-5.6504253e-11	-5.9533024e-11	-6.52709e-11	-7.4258884e-11	-8.2130712e-11	-8.4303182e-11	-8.3408926e-11	-8.4209709e-11	-9.4640448e-11	-1.0228514e-10	-1.0430245e-10
	31.6666666666667	-4.2710575e-11	-3.2943048e-11	-3.2777565e-11	-3.3028538e-11	-3.3181593e-11	-3.341671e-11	-3.3466799e-11	-3.320675e-11	-3.310691e-11	-3.2751767e-11	-3.3235147e-11	-3.3386242e-11	-3.2802608e-11	-3.2360996e-11	-3.2614907e-11	-3.3102427e-11	-3.2850025e-11	-3.3176205e-11	-3.3113914e-11	-3.2750563e-11	-3.2549189e-11	-3.2968545e-11	-3.3202718e-11	-3.304541e-11	-3.285797e-11	-3.2495409e-11	-3.4027042e-11	-3.5065961e-11	-3.6164304e-11	-3.6636121e-11	-3.7075662e-11	-3.7761884e-11	-3.9256574e-11	-4.0499347e-11	-4.2278681e-11	-4.4032136e-11	-4.5694983e-11	-4.7248989e-11	-4.8518616e-11	-5.2084208e-11	-5.5265355e-11	-5.9101127e-11	-6.4718189e-11	-7.3335775e-11	-8.1804001e-11	-8.4764001e-11	-8.4702953e-11	-8.6234894e-11	-9.5808313e-11	-1.0330425e-10	-1.056378e-10
	30	-5.5841495e-11	-3.454266e-11	-3.3125704e-11	-3.3104425e-11	-3.2814095e-11	-3.2729736e-11	-3.3180236e-11	-3.36513e-11	-3.3260415e-11	-3.305102e-11	-3.3187127e-11	-3.3292313e-11	-3.3455311e-11	-3.3117793e-11	-3.2950503e-11	-3.2498761e-11	-3.2800162e-11	-3.275847e-11	-3.3101525e-11	-3.3070342e-11	-3.3188372e-11	-3.2247486e-11	-3.2281153e-11	-3.2538493e-11	-3.2796883e-11	-3.28646e-11	-3.3015431e-11	-3.2681982e-11	-3.2613776e-11	-3.5861359e-11	-3.7352545e-11	-3.8413946e-11	-3.9037686e-11	-4.0180737e-11	-4.1459967e-11	-4.3335485e-11	-4.4969181e-11	-4.6907967e-11	-4.8854438e-11	-5.1779456e-11	-5.4846377e-11	-5.8638802e-11	-6.4316046e-11	-7.3088306e-11	-8.2666325e-11	-8.5782319e-11	-8.6318459e-11	-8.8259962e-11	-9.7316905e-11	-1.0550018e-10	-1.0711998e-10
	28.3333333333333	-5.2887292e-11	-3.4424217e-11	-3.3326512e-11	-3.342605e-11	-3.3257778e-11	-3.324057e-11	-3.3019726e-11	-3.3073579e-11	-3.3329034e-11	-3.3367864e-11	-3.3390308e-11	-3.3313068e-11	-3.291115e-11	-3.3262941e-11	-3.3182984e-11	-3.3149202e-11	-3.3161255e-11	-3.3023417e-11	-3.29171e-11	-3.2826977e-11	-3.299468e-11	-3.3451169e-11	-3.3738335e-11	-3.3128753e-11	-3.3314386e-11	-3.3267271e-11	-3.3883139e-11	-3.5584438e-11	-3.6192285e-11	-3.6524041e-11	-3.7265212e-11	-3.7991426e-11	-3.9245499e-11	-3.998309e-11	-4.167245e-11	-4.2724775e-11	-4.4714857e-11	-4.6894637e-11	-4.8591076e-11	-5.1579702e-11	-5.4214841e-11	-5.7194954e-11	-6.3002728e-11	-7.2562185e-11	-8.2845779e-11	-8.588822e-11	-8.6616325e-11	-8.8787588e-11	-9.7316447e-11	-1.0684815e-10	-1.0886188e-10
	26.6666666666667	-5.4688691e-11	-3.3072638e-11	-3.2759413e-11	-3.2922748e-11	-3.3075914e-11	-3.2726759e-11	-3.2735762e-11	-3.2670418e-11	-3.2895971e-11	-3.2845882e-11	-3.2717874e-11	-3.2598261e-11	-3.2365666e-11	-3.2809238e-11	-3.2615133e-11	-3.3194999e-11	-3.3244334e-11	-3.3299471e-11	-3.3057349e-11	-3.2950129e-11	-3.3300373e-11	-3.3248213e-11	-3.3815201e-11	-3.3809174e-11	-3.3683237e-11	-3.3525172e-11	-3.4682042e-11	-3.5520906e-11	-3.5965265e-11	-3.6080319e-11	-3.665062e-11	-3.7460746e-11	-3.8767659e-11	-3.9871578e-11	-4.0893469e-11	-4.2244822e-11	-4.4118004e-11	-4.5803975e-11	-4.8034635e-11	-5.0366152e-11	-5.3300885e-11	-5.6532497e-11	-6.1879529e-11	-7.1286983e-11	-8.0656926e-11	-8.5267945e-11	-8.6839876e-11	-8.9071028e-11	-9.9715909e-11	-1.0863505e-10	-1.1000692e-10
	25	-4.9842325e-11	-3.4166427e-11	-3.2937434e-11	-3.2738773e-11	-3.2741334e-11	-3.3087928e-11	-3.3181291e-11	-3.2656069e-11	-3.2538642e-11	-3.3082769e-11	-3.3359579e-11	-3.3317134e-11	-3.3604036e-11	-3.3040477e-11	-3.2764874e-11	-3.3330276e-11	-3.3336642e-11	-3.3442242e-11	-3.3350239e-11	-3.2801026e-11	-3.2931147e-11	-3.2969297e-11	-3.302654e-11	-3.3156661e-11	-3.3146944e-11	-3.2665936e-11	-3.2925988e-11	-3.3126155e-11	-3.5232685e-11	-3.6034037e-11	-3.6347488e-11	-3.6979402e-11	-3.8052627e-11	-3.8636257e-11	-4.0715559e-11	-4.2018704e-11	-4.3641028e-11	-4.5530968e-11	-4.7329092e-11	-4.953693e-11	-5.2825036e-11	-5.5950675e-11	-6.0497864e-11	-7.1589477e-11	-7.9375811e-11	-8.5319425e-11	-8.7243039e-11	-9.0175735e-11	-9.854062e-11	-1.0885567e-10	-1.1111547e-10
	23.3333333333333	-5.1285004e-11	-3.3954284e-11	-3.2754518e-11	-3.2655507e-11	-3.3264107e-11	-3.3161331e-11	-3.2949976e-11	-3.3119941e-11	-3.2576566e-11	-3.2876878e-11	-3.298568e-11	-3.29934e-11	-3.3319507e-11	-3.3490336e-11	-3.2866293e-11	-3.2446074e-11	-3.2977093e-11	-3.3368166e-11	-3.3028538e-11	-3.2562068e-11	-3.275203e-11	-3.3250586e-11	-3.3704366e-11	-3.3862503e-11	-3.4038265e-11	-3.4058603e-11	-3.4615196e-11	-3.5137327e-11	-3.5599388e-11	-3.6106042e-11	-3.6621584e-11	-3.7029001e-11	-3.7661214e-11	-3.9311936e-11	-4.0037171e-11	-4.1540073e-11	-4.306101e-11	-4.4497211e-11	-4.6733596e-11	-4.8989791e-11	-5.169901e-11	-5.4020961e-11	-5.9276403e-11	-6.8812768e-11	-7.962396e-11	-8.4533144e-11	-8.67394e-11	-8.9768623e-11	-9.9765127e-11	-1.092435e-10	-1.1187129e-10
	21.6666666666667	-5.8146158e-11	-3.5918567e-11	-3.3119188e-11	-3.2171297e-11	-3.2776622e-11	-3.3219028e-11	-3.3267947e-11	-3.3155943e-11	-3.2796356e-11	-3.2501848e-11	-3.3184077e-11	-3.3329978e-11	-3.32043e-11	-3.3496664e-11	-3.2759788e-11	-3.2994305e-11	-3.3796219e-11	-3.3847477e-11	-3.378722e-11	-3.3104085e-11	-3.293962e-11	-3.2766456e-11	-3.3022852e-11	-3.3166903e-11	-3.3353778e-11	-3.3036147e-11	-3.3469321e-11	-3.4906994e-11	-3.54646e-11	-3.5963874e-11	-3.6608893e-11	-3.6747071e-11	-3.7683624e-11	-3.8893409e-11	-3.9667644e-11	-4.0878141e-11	-4.2663085e-11	-4.4182293e-11	-4.5953866e-11	-4.8411244e-11	-5.0653353e-11	-5.3116723e-11	-5.79281e-11	-6.693119e-11	-7.6583476e-11	-8.2203848e-11	-8.5499864e-11	-8.8904981e-11	-9.972103e-11	-1.0977082e-10	-1.1238721e-10
	20	-5.4539064e-11	-3.4245853e-11	-3.3054937e-11	-3.2919056e-11	-3.2455563e-11	-3.3443109e-11	-3.3333291e-11	-3.34529e-11	-3.2874016e-11	-3.2510321e-11	-3.2918567e-11	-3.3303537e-11	-3.3100168e-11	-3.3272128e-11	-3.3006996e-11	-3.26012e-11	-3.3272694e-11	-3.3024243e-11	-3.3196806e-11	-3.3302257e-11	-3.2800877e-11	-3.2916045e-11	-3.3512668e-11	-3.3436556e-11	-3.3695362e-11	-3.3440698e-11	-3.4343434e-11	-3.442335e-11	-3.5197623e-11	-3.532228e-11	-3.5940032e-11	-3.626565e-11	-3.6989117e-11	-3.8345667e-11	-3.9007183e-11	-3.9755279e-11	-4.1960144e-11	-4.3661592e-11	-4.5719501e-11	-4.7813902e-11	-5.0237463e-11	-5.2903182e-11	-5.6803506e-11	-6.6192316e-11	-7.5204024e-11	-8.0680122e-11	-8.3603971e-11	-8.8509769e-11	-9.8518062e-11	-1.1065616e-10	-1.1255624e-10
	18.3333333333333	-4.8769402e-11	-3.4130986e-11	-3.3513761e-11	-3.3459832e-11	-3.2828257e-11	-3.3288098e-11	-3.3177336e-11	-3.3339956e-11	-3.3826233e-11	-3.3351707e-11	-3.3058778e-11	-3.2835564e-11	-3.2707854e-11	-3.2995658e-11	-3.3215826e-11	-3.3351894e-11	-3.3161557e-11	-3.3290582e-11	-3.3055465e-11	-3.325051e-11	-3.3141746e-11	-3.3220007e-11	-3.2573742e-11	-3.2892317e-11	-3.3495231e-11	-3.3525887e-11	-3.3612432e-11	-3.4434046e-11	-3.4919873e-11	-3.5112961e-11	-3.5778505e-11	-3.6841901e-11	-3.7244534e-11	-3.783408e-11	-3.8929037e-11	-4.0192561e-11	-4.1484448e-11	-4.2938764e-11	-4.4779708e-11	-4.605747e-11	-4.8304326e-11	-5.0979949e-11	-5.5268144e-11	-6.3389287e-11	-7.3309643e-11	-7.8451835e-11	-8.1517813e-11	-8.6183748e-11	-9.7361154e-11	-1.0834898e-10	-1.1183815e-10
	16.6666666666667	-5.1072258e-11	-3.3135984e-11	-3.313045e-11	-3.3645312e-11	-3.3174363e-11	-3.2671473e-11	-3.2513676e-11	-3.2649102e-11	-3.2980819e-11	-3.3339654e-11	-3.3320898e-11	-3.2713391e-11	-3.3168825e-11	-3.3198427e-11	-3.2990801e-11	-3.3411173e-11	-3.3328017e-11	-3.3585357e-11	-3.3307607e-11	-3.3200311e-11	-3.3616086e-11	-3.3250548e-11	-3.3247575e-11	-3.2722956e-11	-3.2941164e-11	-3.339818e-11	-3.4135847e-11	-3.5096804e-11	-3.505933e-11	-3.5482981e-11	-3.6080923e-11	-3.690958e-11	-3.7564615e-11	-3.8583723e-11	-3.9308546e-11	-4.0607774e-11	-4.1729922e-11	-4.3487824e-11	-4.4762121e-11	-4.6844924e-11	-4.8272199e-11	-5.0571328e-11	-5.4561924e-11	-6.2098e-11	-7.1647209e-11	-7.8240331e-11	-8.0275266e-11	-8.4581536e-11	-9.6335155e-11	-1.085018e-10	-1.1165523e-10
	15	-5.1795009e-11	-3.5158907e-11	-3.3894665e-11	-3.4122701e-11	-3.4256209e-11	-3.467918e-11	-3.4334622e-11	-3.3704477e-11	-3.4194973e-11	-3.4373938e-11	-3.4753637e-11	-3.4605291e-11	-3.4275416e-11	-3.4473438e-11	-3.4288409e-11	-3.4807379e-11	-3.4357895e-11	-3.4495094e-11	-3.4200094e-11	-3.4066701e-11	-3.3800022e-11	-3.4418492e-11	-3.4451521e-11	-3.4106735e-11	-3.4523037e-11	-3.5433906e-11	-3.5319681e-11	-3.5858497e-11	-3.6108568e-11	-3.5960485e-11	-3.6758142e-11	-3.7495732e-11	-3.8445771e-11	-3.9296306e-11	-3.9426424e-11	-4.050545e-11	-4.2254575e-11	-4.3464208e-11	-4.5071506e-11	-4.6583858e-11	-4.8333889e-11	-5.0568841e-11	-5.4495602e-11	-6.1903559e-11	-7.1569022e-11	-7.7221486e-11	-7.9557749e-11	-8.4498082e-11	-9.6006675e-11	-1.0784812e-10	-1.1137839e-10
	13.3333333333333	-5.3107081e-11	-3.5528136e-11	-3.41456e-11	-3.3876211e-11	-3.4365313e-11	-3.4853249e-11	-3.4112383e-11	-3.3878469e-11	-3.4289391e-11	-3.4539382e-11	-3.4475207e-11	-3.4728217e-11	-3.4399247e-11	-3.4185595e-11	-3.4269768e-11	-3.40609e-11	-3.4621674e-11	-3.4608153e-11	-3.4370135e-11	-3.4059658e-11	-3.4031413e-11	-3.4393221e-11	-3.4774163e-11	-3.4521531e-11	-3.4323135e-11	-3.5040575e-11	-3.5449463e-11	-3.6463596e-11	-3.6310881e-11	-3.6536357e-11	-3.6830001e-11	-3.7124772e-11	-3.7966005e-11	-3.8983268e-11	-4.0308822e-11	-4.0840293e-11	-4.2275704e-11	-4.3498104e-11	-4.512566e-11	-4.6659593e-11	-4.791717e-11	-4.9888649e-11	-5.2941183e-11	-6.1748544e-11	-7.0002663e-11	-7.5909154e-11	-7.7874381e-11	-8.279008e-11	-9.458697e-11	-1.0650968e-10	-1.1065586e-10
	11.6666666666667	-4.3665318e-11	-3.4325053e-11	-3.3630248e-11	-3.4149742e-11	-3.4689238e-11	-3.4688107e-11	-3.4444062e-11	-3.4400528e-11	-3.450195e-11	-3.5023928e-11	-3.5440574e-11	-3.5507496e-11	-3.5329888e-11	-3.4476415e-11	-3.4164279e-11	-3.501768e-11	-3.4836491e-11	-3.5197359e-11	-3.5336893e-11	-3.4885261e-11	-3.4885976e-11	-3.5122565e-11	-3.5527796e-11	-3.5631591e-11	-3.5050331e-11	-3.5178527e-11	-3.5799145e-11	-3.6079039e-11	-3.6595484e-11	-3.6867398e-11	-3.6957333e-11	-3.7004708e-11	-3.7701248e-11	-3.7754203e-11	-3.9349784e-11	-4.0681552e-11	-4.1140525e-11	-4.297759e-11	-4.4338398e-11	-4.5637209e-11	-4.7317043e-11	-4.9283813e-11	-5.2432496e-11	-6.0174088e-11	-6.8550908e-11	-7.45949e-11	-7.7396388e-11	-8.15693e-11	-9.4338329e-11	-1.0638077e-10	-1.0968944e-10
	10	-5.3335458e-11	-3.5945306e-11	-3.5147683e-11	-3.4791336e-11	-3.4684981e-11	-3.496288e-11	-3.4850314e-11	-3.5316028e-11	-3.5010862e-11	-3.447909e-11	-3.4768362e-11	-3.5047958e-11	-3.5166214e-11	-3.4888387e-11	-3.4567554e-11	-3.453509e-11	-3.476501e-11	-3.4960698e-11	-3.4706335e-11	-3.4722114e-11	-3.2092738e-11	-3.0385604e-11	-3.0340862e-11	-3.0515233e-11	-3.0804845e-11	-3.1596628e-11	-3.1249506e-11	-3.1474871e-11	-3.1917125e-11	-3.2323449e-11	-3.3043186e-11	-3.3487248e-11	-3.3834557e-11	-3.4635156e-11	-3.5772704e-11	-3.6835084e-11	-3.8288497e-11	-3.9939631e-11	-4.0180546e-11	-4.210992e-11	-4.3722713e-11	-4.5308129e-11	-4.9332732e-11	-5.6247857e-11	-6.4654428e-11	-6.9865697e-11	-7.2774176e-11	-7.7763206e-11	-8.998683e-11	-1.0143306e-10	-1.0744865e-10
	8.33333333333331	-5.0188617e-11	-3.2800953e-11	-3.1317861e-11	-3.1488277e-11	-3.0871503e-11	-3.0670282e-11	-3.1180249e-11	-3.1263291e-11	-3.1237381e-11	-3.1376086e-11	-3.0626331e-11	-3.0980683e-11	-3.0911725e-11	-3.1273085e-11	-3.1410548e-11	-3.1358048e-11	-3.0669453e-11	-3.1087941e-11	-3.1534188e-11	-3.2184103e-11	-3.1993047e-11	-3.1888766e-11	-3.1216064e-11	-3.0956807e-11	-3.1750699e-11	-3.1869934e-11	-3.2158644e-11	-3.1997908e-11	-3.2118797e-11	-3.2656332e-11	-3.3217821e-11	-3.3952285e-11	-3.4609923e-11	-3.476211e-11	-3.4924015e-11	-3.6473803e-11	-3.7658692e-11	-3.8622362e-11	-3.974451e-11	-4.1179695e-11	-4.2984335e-11	-4.48858e-11	-4.7730746e-11	-5.6079134e-11	-6.4146646e-11	-6.8897055e-11	-7.1294103e-11	-7.6180687e-11	-8.9655679e-11	-1.0198702e-10	-1.0648264e-10
	6.66666666666666	-4.7526739e-11	-3.1697298e-11	-3.0559971e-11	-3.098136e-11	-3.1245818e-11	-3.0776371e-11	-3.075935e-11	-3.0419348e-11	-3.0999363e-11	-3.1341475e-11	-3.0718487e-11	-3.0645764e-11	-3.0783529e-11	-3.0896889e-11	-3.1280162e-11	-3.1365126e-11	-3.1516224e-11	-3.1182997e-11	-3.0932552e-11	-3.0919069e-11	-3.1088469e-11	-3.1541908e-11	-3.1318503e-11	-3.0852713e-11	-3.1199193e-11	-3.1444517e-11	-3.2099517e-11	-3.2838461e-11	-3.2919133e-11	-3.2510661e-11	-3.2944893e-11	-3.3748428e-11	-3.4372394e-11	-3.5170696e-11	-3.5554986e-11	-3.6016298e-11	-3.7446286e-11	-3.8115219e-11	-3.958155e-11	-4.0970186e-11	-4.2056063e-11	-4.3444023e-11	-4.6641101e-11	-5.4559138e-11	-6.3821594e-11	-6.8007086e-11	-7.0394905e-11	-7.5052214e-11	-8.7148851e-11	-1.0055153e-10	-1.0590297e-10
	5	-4.9905368e-11	-3.110745e-11	-3.0308398e-11	-3.0738863e-11	-3.0846159e-11	-3.087881e-11	-3.1150759e-11	-3.0588858e-11	-3.0259815e-11	-3.0209914e-11	-3.0501185e-11	-3.0914212e-11	-3.0959818e-11	-3.092664e-11	-3.0328507e-11	-3.0765751e-11	-3.0954923e-11	-3.1073404e-11	-3.1065234e-11	-3.0454785e-11	-3.0269755e-11	-3.0683352e-11	-3.0783529e-11	-3.0851769e-11	-3.1088392e-11	-3.1243483e-11	-3.104399e-11	-3.1228454e-11	-3.2079256e-11	-3.2489497e-11	-3.3016787e-11	-3.2947454e-11	-3.3321013e-11	-3.4012768e-11	-3.5120531e-11	-3.5805661e-11	-3.6607124e-11	-3.7384144e-11	-3.8383251e-11	-3.9598685e-11	-4.1158302e-11	-4.279746e-11	-4.5780324e-11	-5.2913049e-11	-6.2248873e-11	-6.7443905e-11	-6.9781368e-11	-7.3978615e-11	-8.6981901e-11	-9.9464444e-11	-1.047774e-10
	3.33333333333331	-4.7605375e-11	-3.1763505e-11	-3.1090804e-11	-3.0987539e-11	-3.0853729e-11	-3.0963548e-11	-3.1081238e-11	-3.1210527e-11	-3.1067718e-11	-3.0644671e-11	-3.0620343e-11	-3.043249e-11	-3.0977481e-11	-3.1561379e-11	-3.0776635e-11	-3.0468569e-11	-3.0620079e-11	-3.1144771e-11	-3.1303966e-11	-3.1524356e-11	-3.1419586e-11	-3.1089298e-11	-3.082104e-11	-3.1527635e-11	-3.1979717e-11	-3.212234e-11	-3.209364e-11	-3.1824855e-11	-3.197979e-11	-3.1989394e-11	-3.2720809e-11	-3.3472222e-11	-3.3876135e-11	-3.4320987e-11	-3.4988453e-11	-3.6279434e-11	-3.7207324e-11	-3.7606345e-11	-3.8415115e-11	-3.9697998e-11	-4.1072021e-11	-4.2692874e-11	-4.5743114e-11	-5.3594941e-11	-6.088377e-11	-6.6559813e-11	-6.8998057e-11	-7.3166979e-11	-8.4829796e-11	-9.861624e-11	-1.0357416e-10
	1.66666666666666	-4.6687085e-11	-3.0997857e-11	-3.0606146e-11	-3.0906527e-11	-3.0833128e-11	-3.0714761e-11	-3.0791928e-11	-3.1135095e-11	-3.1467565e-11	-3.1473931e-11	-3.13649e-11	-3.1169855e-11	-3.1089485e-11	-3.1241412e-11	-3.1308674e-11	-3.1477734e-11	-3.0647873e-11	-3.0449927e-11	-3.0904456e-11	-3.0587352e-11	-3.0711482e-11	-3.0976353e-11	-3.1024145e-11	-3.0928825e-11	-3.0654163e-11	-3.1146582e-11	-3.1823048e-11	-3.1598363e-11	-3.1749908e-11	-3.2372823e-11	-3.2939471e-11	-3.3287758e-11	-3.3862503e-11	-3.4339819e-11	-3.5013725e-11	-3.5532428e-11	-3.6606707e-11	-3.755957e-11	-3.8496876e-11	-3.9447438e-11	-4.0228338e-11	-4.1293507e-11	-4.4619385e-11	-5.2390769e-11	-6.0809954e-11	-6.5442034e-11	-6.7300568e-11	-7.1462933e-11	-8.4028562e-11	-9.7622292e-11	-1.0329072e-10
	0	-5.0645634e-11	-3.1568307e-11	-3.0940913e-11	-3.1106846e-11	-3.1165147e-11	-3.1425008e-11	-3.0739918e-11	-3.0516024e-11	-3.0667004e-11	-3.0952813e-11	-3.1154902e-11	-3.1535732e-11	-3.1070278e-11	-3.0688473e-11	-3.0971531e-11	-3.1141836e-11	-3.1143983e-11	-3.1216252e-11	-3.094193e-11	-3.0991303e-11	-3.0655554e-11	-3.1101312e-11	-3.1441166e-11	-3.2032668e-11	-3.1974031e-11	-3.1429678e-11	-3.1820522e-11	-3.1960885e-11	-3.2179547e-11	-3.288874e-11	-3.2338025e-11	-3.2679949e-11	-3.3533495e-11	-3.4721476e-11	-3.5424906e-11	-3.6104914e-11	-3.6334345e-11	-3.72509e-11	-3.8493073e-11	-3.9444652e-11	-4.051012e-11	-4.1700997e-11	-4.3678575e-11	-5.1242448e-11	-6.0454967e-11	-6.5271843e-11	-6.7287571e-11	-7.114135e-11	-8.365534e-11	-9.6710105e-11	-1.0263998e-10
