I1_2513
																																																				
		-50	-49	-48	-47	-46	-45	-44	-43	-42	-41	-40	-39	-38	-37	-36	-35	-34	-33	-32	-31	-30	-29	-28	-27	-26	-25	-24	-23	-22	-21	-20	-19	-18	-17	-16	-15	-14	-13	-12	-11	-10	-9	-8	-7	-6	-5	-4	-3	-2	-1	0
	150	-5.9466966e-11	-5.9878227e-11	-5.945601e-11	-5.9406445e-11	-6.0005029e-11	-5.9908654e-11	-6.0607269e-11	-5.9959086e-11	-5.9563451e-11	-5.9752515e-11	-6.01066e-11	-5.9523983e-11	-5.9652221e-11	-5.9485424e-11	-5.9489261e-11	-5.9337188e-11	-5.9608159e-11	-5.9631321e-11	-6.0019455e-11	-5.9709952e-11	-5.9809609e-11	-6.0069769e-11	-6.018535e-11	-6.0079788e-11	-6.0277318e-11	-6.0173186e-11	-6.0667187e-11	-6.1065299e-11	-6.0973067e-11	-6.068436e-11	-6.1737282e-11	-6.172949e-11	-6.241891e-11	-6.3143699e-11	-6.2871937e-11	-6.3350304e-11	-6.4048655e-11	-6.5704005e-11	-6.5446142e-11	-6.6509458e-11	-6.8265213e-11	-7.0583588e-11	-7.3571343e-11	-7.6732461e-11	-7.3870077e-11	-7.1866207e-11	-7.6770042e-11	-8.7728373e-11	-9.5090269e-11	-9.5744218e-11	-9.755801e-11
	148.333333333333	-5.748035e-11	-4.1737114e-11	-4.0889816e-11	-4.1535102e-11	-4.1843806e-11	-4.1211177e-11	-4.1005286e-11	-4.1302545e-11	-4.1927642e-11	-4.1802228e-11	-4.1085579e-11	-4.0709422e-11	-4.1356588e-11	-4.1545798e-11	-4.1009841e-11	-4.125204e-11	-4.1202819e-11	-4.0918966e-11	-4.0375744e-11	-4.044504e-11	-4.1120565e-11	-4.0859652e-11	-4.0120553e-11	-4.052669e-11	-4.1250045e-11	-4.1651547e-11	-4.6433853e-11	-5.4473759e-11	-6.0080614e-11	-6.0807324e-11	-6.1065375e-11	-6.1174892e-11	-6.179969e-11	-6.2014359e-11	-6.2258025e-11	-6.3008043e-11	-6.4037088e-11	-6.4277444e-11	-6.4587051e-11	-6.5108807e-11	-6.6968847e-11	-7.0465744e-11	-7.4264796e-11	-7.6307641e-11	-7.8190655e-11	-7.2713092e-11	-7.6250624e-11	-8.7534424e-11	-9.4408911e-11	-9.4995289e-11	-9.7323795e-11
	146.666666666667	-5.5360827e-11	-4.1225339e-11	-4.0960017e-11	-4.1174307e-11	-4.0243402e-11	-4.0648523e-11	-4.0807187e-11	-4.0921527e-11	-4.0598622e-11	-4.1159208e-11	-4.0932223e-11	-4.0248374e-11	-4.0849935e-11	-4.1567527e-11	-4.0965741e-11	-4.0381958e-11	-4.0416684e-11	-4.1262736e-11	-4.097625e-11	-4.0858334e-11	-4.0997566e-11	-4.1025509e-11	-4.0978922e-11	-4.1501583e-11	-4.1670528e-11	-4.3183786e-11	-4.3300197e-11	-5.4158424e-11	-5.9413752e-11	-5.9921387e-11	-6.037347e-11	-6.0849804e-11	-6.0533599e-11	-6.1042137e-11	-6.2072507e-11	-6.1809176e-11	-6.2566619e-11	-6.2533249e-11	-6.4122201e-11	-6.5141947e-11	-6.7208482e-11	-6.9669971e-11	-7.3252619e-11	-7.5590013e-11	-7.724299e-11	-7.098061e-11	-7.6621889e-11	-8.770186e-11	-9.4450073e-11	-9.4982938e-11	-9.7816137e-11
	145	-5.7836208e-11	-4.1256935e-11	-4.0826547e-11	-4.021335e-11	-3.9980266e-11	-4.032219e-11	-4.069526e-11	-4.1412138e-11	-4.0139496e-11	-4.0337594e-11	-4.0931883e-11	-4.106946e-11	-4.121713e-11	-4.1543689e-11	-4.1019559e-11	-4.1090326e-11	-4.077913e-11	-4.1163198e-11	-4.0983293e-11	-4.0728816e-11	-4.059595e-11	-4.050496e-11	-4.1375681e-11	-4.0695676e-11	-4.0891887e-11	-4.0440259e-11	-4.2207311e-11	-5.4326883e-11	-5.8956964e-11	-5.9022752e-11	-5.9115893e-11	-5.8838143e-11	-5.9696997e-11	-6.0191831e-11	-6.0801746e-11	-6.1806997e-11	-6.2507527e-11	-6.2420381e-11	-6.3186026e-11	-6.5149296e-11	-6.7520767e-11	-6.9790368e-11	-7.2635661e-11	-7.5077937e-11	-7.8609896e-11	-7.4590299e-11	-7.6060359e-11	-8.6743467e-11	-9.4125513e-11	-9.5036791e-11	-9.7636267e-11
	143.333333333333	-5.6184963e-11	-4.1203908e-11	-4.1051908e-11	-4.0648374e-11	-3.9862537e-11	-3.9919706e-11	-4.008888e-11	-4.0239451e-11	-3.9441037e-11	-3.988973e-11	-4.047581e-11	-4.0265548e-11	-3.9945203e-11	-3.9917184e-11	-4.0269579e-11	-4.0553692e-11	-4.1126026e-11	-4.1400803e-11	-4.0481875e-11	-4.0406439e-11	-4.079977e-11	-4.1277388e-11	-4.1172801e-11	-4.0872607e-11	-4.1085354e-11	-4.0535391e-11	-4.8684022e-11	-5.319626e-11	-5.8253e-11	-5.8928716e-11	-5.9027838e-11	-5.8739583e-11	-5.8586337e-11	-5.9137431e-11	-6.0485769e-11	-6.0808789e-11	-6.0658978e-11	-6.1504392e-11	-6.3032107e-11	-6.4693896e-11	-6.7023644e-11	-6.9490323e-11	-7.2074888e-11	-7.6567842e-11	-7.4911514e-11	-7.0608748e-11	-7.6327188e-11	-8.6803273e-11	-9.4064985e-11	-9.5750616e-11	-9.7691175e-11
	141.666666666667	-5.5789484e-11	-4.1626164e-11	-4.0731491e-11	-4.0731151e-11	-4.0771712e-11	-4.0897084e-11	-4.1353386e-11	-4.1253546e-11	-4.0958775e-11	-4.0761054e-11	-4.1114615e-11	-4.1267857e-11	-4.0848994e-11	-4.0294022e-11	-4.0556631e-11	-4.0696804e-11	-4.0842815e-11	-4.1268197e-11	-4.0935463e-11	-3.9834254e-11	-3.995251e-11	-4.0661252e-11	-4.1322768e-11	-4.1486481e-11	-4.0910868e-11	-4.1233399e-11	-4.5947576e-11	-5.0086178e-11	-5.7311666e-11	-5.8001805e-11	-5.776021e-11	-5.8488159e-11	-5.8853734e-11	-5.9174755e-11	-6.0336521e-11	-6.0806755e-11	-6.0992877e-11	-6.1496891e-11	-6.2815482e-11	-6.4803114e-11	-6.6304698e-11	-6.8019021e-11	-7.0059042e-11	-7.0333968e-11	-7.0512519e-11	-7.0331935e-11	-7.5360808e-11	-8.6323095e-11	-9.4263576e-11	-9.5181148e-11	-9.787255e-11
	140	-5.8163634e-11	-4.1116461e-11	-4.0859538e-11	-4.1005924e-11	-4.1281003e-11	-4.1311961e-11	-4.0475734e-11	-4.0259223e-11	-4.0810955e-11	-4.0851891e-11	-4.0853813e-11	-4.1509681e-11	-4.1004533e-11	-4.1017828e-11	-4.0681288e-11	-4.124398e-11	-4.2137675e-11	-4.1812925e-11	-4.1008374e-11	-4.1387019e-11	-4.1476048e-11	-4.2144042e-11	-4.1687893e-11	-4.1430553e-11	-4.1161165e-11	-4.1329058e-11	-4.44858e-11	-4.9401802e-11	-5.1874588e-11	-5.7291026e-11	-5.8225168e-11	-5.8444659e-11	-5.9048814e-11	-5.9518786e-11	-5.9500148e-11	-6.0441707e-11	-6.0807512e-11	-6.1719845e-11	-6.3587906e-11	-6.4167963e-11	-6.585224e-11	-6.7519788e-11	-7.2698479e-11	-7.5065017e-11	-7.3599966e-11	-6.9934572e-11	-7.5292189e-11	-8.5397502e-11	-9.2660872e-11	-9.4450073e-11	-9.6899579e-11
	138.333333333333	-5.4811728e-11	-4.0854868e-11	-4.0354806e-11	-4.0185067e-11	-3.9591493e-11	-3.9668244e-11	-3.9280638e-11	-4.0356198e-11	-4.0507257e-11	-4.049901e-11	-4.0279106e-11	-4.0233272e-11	-4.0417399e-11	-3.9960684e-11	-4.0382902e-11	-4.0277903e-11	-3.9825931e-11	-4.0627657e-11	-4.050368e-11	-4.0485941e-11	-4.0580657e-11	-4.0607774e-11	-4.0328366e-11	-4.0126052e-11	-4.0236023e-11	-4.2133796e-11	-4.3896709e-11	-4.8964634e-11	-5.1570512e-11	-5.7800317e-11	-5.8586906e-11	-5.8990667e-11	-5.9102521e-11	-5.914022e-11	-6.1210745e-11	-6.2023699e-11	-6.2370442e-11	-6.3418167e-11	-6.4282454e-11	-6.4977218e-11	-6.6388117e-11	-6.9277431e-11	-7.246144e-11	-7.5756436e-11	-7.7354879e-11	-7.0893201e-11	-7.6056557e-11	-8.634328e-11	-9.3591329e-11	-9.4456359e-11	-9.7353584e-11
	136.666666666667	-5.72319e-11	-4.1048633e-11	-4.0200246e-11	-3.9153871e-11	-3.9470864e-11	-4.0518328e-11	-4.0881458e-11	-3.9587951e-11	-3.9933418e-11	-4.0131815e-11	-4.0327804e-11	-4.0138518e-11	-4.0518519e-11	-4.0469371e-11	-4.0607549e-11	-3.9944076e-11	-4.0372657e-11	-4.0626943e-11	-4.0406515e-11	-3.9960157e-11	-4.0028546e-11	-3.9655591e-11	-4.0034726e-11	-4.0654473e-11	-4.0589886e-11	-4.0739738e-11	-4.2496059e-11	-4.8485247e-11	-5.0856309e-11	-5.4211375e-11	-5.8531277e-11	-5.8743573e-11	-5.9004863e-11	-5.9515476e-11	-6.1027523e-11	-6.1719511e-11	-6.2432393e-11	-6.2922438e-11	-6.3277772e-11	-6.4335287e-11	-6.603184e-11	-6.9371467e-11	-7.2387998e-11	-7.5050785e-11	-7.066038e-11	-7.0940046e-11	-7.6155568e-11	-8.6497122e-11	-9.3353686e-11	-9.3809308e-11	-9.6923983e-11
	135	-5.5067336e-11	-4.1727812e-11	-4.0181979e-11	-3.9569462e-11	-3.9282032e-11	-3.9990324e-11	-4.0204687e-11	-3.960535e-11	-3.9885661e-11	-3.972455e-11	-3.9170705e-11	-3.9357014e-11	-4.0234215e-11	-4.0443687e-11	-4.0000604e-11	-3.9560646e-11	-3.9383e-11	-4.0442368e-11	-3.9919294e-11	-3.97865e-11	-3.9857569e-11	-4.0262536e-11	-3.9933154e-11	-3.985768e-11	-4.017648e-11	-4.0335599e-11	-4.3912828e-11	-4.8945504e-11	-5.9355826e-11	-6.1564233e-11	-6.1229161e-11	-6.1047861e-11	-6.1363463e-11	-6.217566e-11	-6.3472817e-11	-6.3328835e-11	-6.391955e-11	-6.4453921e-11	-6.5219795e-11	-6.5940059e-11	-6.7536095e-11	-6.9343073e-11	-7.2327595e-11	-7.5350073e-11	-7.5623417e-11	-7.2392745e-11	-7.748692e-11	-8.694729e-11	-9.2926569e-11	-9.3572497e-11	-9.6802531e-11
	133.333333333333	-5.5844957e-11	-4.0480969e-11	-3.950525e-11	-3.9759158e-11	-3.9473386e-11	-3.9461184e-11	-4.0091253e-11	-4.0010547e-11	-3.9809777e-11	-4.0341435e-11	-3.9936617e-11	-4.0461762e-11	-4.0483342e-11	-3.9794973e-11	-3.9594394e-11	-4.0530683e-11	-4.0192485e-11	-4.0235908e-11	-4.0555878e-11	-4.0371453e-11	-3.9589797e-11	-4.0446549e-11	-3.9759421e-11	-4.0230146e-11	-3.9966558e-11	-4.0633233e-11	-4.4939844e-11	-4.8799756e-11	-5.9639155e-11	-6.0630764e-11	-6.0610503e-11	-6.1971497e-11	-6.2766257e-11	-6.2613012e-11	-6.3085884e-11	-6.4036942e-11	-6.4970106e-11	-6.5043165e-11	-6.5232715e-11	-6.6463515e-11	-6.7658983e-11	-6.9355688e-11	-7.2696293e-11	-7.5597771e-11	-7.3351936e-11	-7.1855813e-11	-7.6800739e-11	-8.6500064e-11	-9.2805645e-11	-9.4282145e-11	-9.6944133e-11
	131.666666666667	-5.6291694e-11	-4.0243066e-11	-4.0037435e-11	-4.022397e-11	-4.0340342e-11	-4.0235044e-11	-3.9811245e-11	-4.0278655e-11	-3.9900916e-11	-4.0046098e-11	-3.9973452e-11	-3.9871464e-11	-4.0516108e-11	-4.008165e-11	-4.0082743e-11	-3.9925771e-11	-3.9599816e-11	-3.929879e-11	-3.9143327e-11	-3.9480544e-11	-4.0376837e-11	-3.9551008e-11	-3.9893082e-11	-4.0471706e-11	-4.0181754e-11	-4.0673191e-11	-4.9056641e-11	-4.9764366e-11	-5.9343211e-11	-6.1575113e-11	-6.2377672e-11	-6.2660356e-11	-6.300277e-11	-6.3391917e-11	-6.3647337e-11	-6.4033889e-11	-6.5042e-11	-6.6200337e-11	-6.6377494e-11	-6.6287864e-11	-6.6738851e-11	-6.9871081e-11	-7.2291624e-11	-7.6123594e-11	-7.5154424e-11	-7.2052933e-11	-7.696023e-11	-8.7506287e-11	-9.3541237e-11	-9.434304e-11	-9.625245e-11
	130	-5.6294743e-11	-4.0965894e-11	-4.0006554e-11	-3.9644406e-11	-4.0089595e-11	-3.9861107e-11	-3.9771287e-11	-4.0111251e-11	-4.0574068e-11	-4.0720344e-11	-3.9908521e-11	-4.0156784e-11	-3.9670957e-11	-3.9921288e-11	-4.042109e-11	-4.0271387e-11	-3.9640489e-11	-3.9806158e-11	-3.9876623e-11	-4.0575085e-11	-4.0441688e-11	-3.9927239e-11	-3.9716942e-11	-4.0073892e-11	-4.0841348e-11	-4.0911247e-11	-4.9595796e-11	-6.0367364e-11	-6.1655334e-11	-6.2993992e-11	-6.3061445e-11	-6.3499365e-11	-6.4094334e-11	-6.4013066e-11	-6.4103903e-11	-6.5129561e-11	-6.5867638e-11	-6.5532045e-11	-6.5695456e-11	-6.6554914e-11	-6.8418833e-11	-7.0475313e-11	-7.3905139e-11	-7.5860228e-11	-7.4579232e-11	-7.1825046e-11	-7.6909389e-11	-8.796628e-11	-9.3931897e-11	-9.4703266e-11	-9.5844395e-11
	128.333333333333	-5.6575543e-11	-4.0647694e-11	-4.0503979e-11	-4.0131891e-11	-4.0141456e-11	-4.0200582e-11	-4.0348593e-11	-4.0595836e-11	-4.0010245e-11	-3.9698939e-11	-3.9493121e-11	-4.0349155e-11	-4.029195e-11	-4.0376386e-11	-4.0276584e-11	-4.0483793e-11	-3.9975068e-11	-3.9788912e-11	-4.0285244e-11	-4.0344901e-11	-3.9551307e-11	-3.9642109e-11	-4.0238809e-11	-4.0925669e-11	-4.06991e-11	-4.0809713e-11	-4.6235269e-11	-5.7631483e-11	-6.2893628e-11	-6.3496465e-11	-6.3600715e-11	-6.3346724e-11	-6.3964216e-11	-6.4726058e-11	-6.2638811e-11	-6.0902713e-11	-6.0405063e-11	-6.1252961e-11	-6.2472388e-11	-6.4131998e-11	-6.6620785e-11	-6.9381785e-11	-7.0167774e-11	-7.0503818e-11	-6.9748117e-11	-7.1532717e-11	-7.6467027e-11	-8.7242512e-11	-9.4352005e-11	-9.5531881e-11	-9.7109279e-11
	126.666666666667	-5.7779906e-11	-4.0180283e-11	-3.9722628e-11	-4.01662e-11	-4.0399885e-11	-4.0196478e-11	-3.9409403e-11	-3.9274764e-11	-3.9749818e-11	-3.9663876e-11	-4.0286226e-11	-4.0287166e-11	-4.0103153e-11	-4.002693e-11	-3.9972282e-11	-4.0260125e-11	-4.0352055e-11	-3.9432374e-11	-3.9805104e-11	-3.9896433e-11	-3.9499147e-11	-4.0215272e-11	-3.9780061e-11	-3.9384846e-11	-3.9392867e-11	-4.0392918e-11	-4.5927841e-11	-5.0232905e-11	-5.8439954e-11	-6.2056388e-11	-6.2618022e-11	-6.3018736e-11	-6.3710079e-11	-6.4080026e-11	-6.4381125e-11	-6.4050383e-11	-6.4936362e-11	-6.5592906e-11	-6.6409281e-11	-6.683052e-11	-6.8784749e-11	-7.0675216e-11	-7.4426514e-11	-7.6808004e-11	-7.3791064e-11	-7.1918214e-11	-7.7446778e-11	-8.7574947e-11	-9.4396858e-11	-9.583298e-11	-9.7757538e-11
	125	-5.1948817e-11	-4.0408395e-11	-4.0159306e-11	-4.0209322e-11	-3.9778403e-11	-3.9574281e-11	-3.9241849e-11	-3.9352233e-11	-3.9587989e-11	-3.9897901e-11	-4.0268899e-11	-3.9921778e-11	-3.9424353e-11	-3.9608893e-11	-3.9436329e-11	-3.966109e-11	-4.033688e-11	-4.0275869e-11	-3.9965316e-11	-4.0083534e-11	-4.0179946e-11	-4.0235194e-11	-4.0520327e-11	-4.0250862e-11	-3.9999285e-11	-4.3969054e-11	-4.6595117e-11	-5.0617236e-11	-5.608275e-11	-6.0716182e-11	-6.1217899e-11	-6.1424019e-11	-6.2049345e-11	-6.2810847e-11	-6.2733416e-11	-6.2623261e-11	-6.3895937e-11	-6.486861e-11	-6.6098051e-11	-6.7007525e-11	-6.8669806e-11	-7.1204431e-11	-7.4227402e-11	-7.7163491e-11	-7.9164307e-11	-7.3618313e-11	-7.6485214e-11	-8.6973123e-11	-9.4386762e-11	-9.5280193e-11	-9.7928894e-11
	123.333333333333	-5.3959913e-11	-4.0384633e-11	-4.0291534e-11	-4.0095999e-11	-4.0905522e-11	-4.0352093e-11	-3.9452146e-11	-3.9496472e-11	-4.0084248e-11	-4.0660461e-11	-3.9678264e-11	-3.9637287e-11	-3.9164793e-11	-3.8781971e-11	-3.907339e-11	-4.0563559e-11	-4.0135166e-11	-4.0007872e-11	-4.0362866e-11	-4.0753373e-11	-4.1078498e-11	-4.1097594e-11	-4.0385726e-11	-4.0598171e-11	-4.0992442e-11	-4.5559178e-11	-4.6654885e-11	-5.099381e-11	-5.1954503e-11	-5.7000057e-11	-5.9888469e-11	-6.1017698e-11	-6.0572013e-11	-6.0590165e-11	-6.1732126e-11	-6.2845118e-11	-6.3908892e-11	-6.4805904e-11	-6.5522893e-11	-6.6604437e-11	-6.8891552e-11	-7.1415145e-11	-7.4516338e-11	-7.6663238e-11	-7.2750979e-11	-7.1185974e-11	-7.7566613e-11	-8.771301e-11	-9.4530668e-11	-9.5591576e-11	-9.872949e-11
	121.666666666667	-5.7651293e-11	-4.1428708e-11	-4.0289161e-11	-3.9902498e-11	-3.9887094e-11	-4.0065607e-11	-4.0635755e-11	-4.0552301e-11	-4.0219151e-11	-4.0183825e-11	-4.015957e-11	-4.0378985e-11	-4.0595874e-11	-4.0662685e-11	-4.0322152e-11	-4.0529441e-11	-4.1088025e-11	-4.0993271e-11	-4.1170619e-11	-4.0754577e-11	-4.0813894e-11	-4.0624382e-11	-4.0249241e-11	-4.0601709e-11	-4.0899496e-11	-4.7742348e-11	-4.7511259e-11	-5.0938486e-11	-5.1929985e-11	-5.6281486e-11	-5.9827837e-11	-5.9675417e-11	-6.0362847e-11	-6.0867991e-11	-6.1682409e-11	-6.2884177e-11	-6.3570621e-11	-6.4444242e-11	-6.5173436e-11	-6.7230777e-11	-6.8712966e-11	-7.1978326e-11	-7.4641446e-11	-7.7015068e-11	-7.4616514e-11	-7.1309354e-11	-7.664757e-11	-8.7417032e-11	-9.3418009e-11	-9.4328691e-11	-9.7822014e-11
	120	-5.796516e-11	-4.086511e-11	-3.9461073e-11	-4.0899121e-11	-4.0194407e-11	-4.0279936e-11	-4.0349984e-11	-4.0415064e-11	-4.0397401e-11	-4.0047153e-11	-4.0804742e-11	-4.0626343e-11	-4.0477732e-11	-3.9914058e-11	-4.0198362e-11	-4.0316164e-11	-4.0487259e-11	-4.0311119e-11	-4.1129003e-11	-4.0422596e-11	-4.004316e-11	-4.0655451e-11	-4.0723206e-11	-4.0879158e-11	-4.1383778e-11	-4.4282772e-11	-4.8214991e-11	-5.5823304e-11	-5.8760788e-11	-5.9219948e-11	-5.9379821e-11	-5.9695797e-11	-6.0209379e-11	-6.113738e-11	-6.1826391e-11	-6.3432558e-11	-6.3783895e-11	-6.3968282e-11	-6.5045427e-11	-6.5776121e-11	-6.8206801e-11	-7.0373554e-11	-7.3705118e-11	-7.61715e-11	-7.7335714e-11	-7.1495324e-11	-7.6557448e-11	-8.6712318e-11	-9.2702603e-11	-9.3883311e-11	-9.7977328e-11
	118.333333333333	-5.5305843e-11	-4.0003917e-11	-3.9276495e-11	-3.9164793e-11	-3.9143213e-11	-4.0164882e-11	-3.9792e-11	-3.9447438e-11	-4.0039659e-11	-3.9944902e-11	-3.9943548e-11	-4.014929e-11	-4.0101873e-11	-3.9551609e-11	-3.9422923e-11	-4.0212712e-11	-3.9804202e-11	-3.9984786e-11	-3.9147921e-11	-3.9724737e-11	-4.0035402e-11	-3.998505e-11	-4.0682156e-11	-4.0455209e-11	-3.9394977e-11	-4.0967965e-11	-4.6752203e-11	-5.0686382e-11	-5.2653416e-11	-5.936758e-11	-6.0007027e-11	-5.9939387e-11	-6.0129388e-11	-6.1053322e-11	-6.151181e-11	-6.2669057e-11	-6.3579884e-11	-6.4595114e-11	-6.5622771e-11	-6.5983864e-11	-6.7780406e-11	-6.9954501e-11	-7.3359048e-11	-7.6066951e-11	-7.2312489e-11	-7.1081203e-11	-7.5878498e-11	-8.6104998e-11	-9.3393342e-11	-9.4502531e-11	-9.7273294e-11
	116.666666666667	-5.4966101e-11	-4.1059704e-11	-3.9383417e-11	-3.9804653e-11	-3.9724814e-11	-3.9339428e-11	-3.9339164e-11	-3.9628439e-11	-3.9991451e-11	-3.9390685e-11	-3.9314194e-11	-3.9328055e-11	-3.9043751e-11	-3.9371891e-11	-4.0274211e-11	-3.944017e-11	-3.9448719e-11	-3.9086949e-11	-3.9595785e-11	-3.978055e-11	-3.9663047e-11	-3.9925507e-11	-3.9249493e-11	-3.9512064e-11	-4.0267695e-11	-4.2163623e-11	-4.6713862e-11	-4.9899643e-11	-5.0814845e-11	-5.1400207e-11	-5.2348889e-11	-5.7350909e-11	-6.1604451e-11	-6.2075067e-11	-6.2119206e-11	-6.2752213e-11	-6.4385455e-11	-6.4851624e-11	-6.5043804e-11	-6.5503158e-11	-6.7113919e-11	-7.0369335e-11	-7.3780253e-11	-7.6135723e-11	-7.3741499e-11	-7.2560749e-11	-7.8026606e-11	-8.6992517e-11	-9.3381518e-11	-9.467005e-11	-9.6818983e-11
	115	-5.6650566e-11	-4.0542809e-11	-3.9149503e-11	-4.0258241e-11	-4.0367421e-11	-4.0144093e-11	-3.9711255e-11	-3.9352722e-11	-4.0032502e-11	-4.0064892e-11	-4.0226003e-11	-3.9803487e-11	-4.0292138e-11	-3.9949346e-11	-3.9814936e-11	-4.0235419e-11	-3.9621847e-11	-3.9235105e-11	-4.0270145e-11	-3.9991302e-11	-4.0057322e-11	-3.9834594e-11	-3.9071885e-11	-3.9818211e-11	-4.0050768e-11	-4.148068e-11	-5.0505721e-11	-6.1209239e-11	-6.1638125e-11	-6.1899978e-11	-6.2768443e-11	-6.2609626e-11	-6.3130966e-11	-6.3202485e-11	-6.4119453e-11	-6.4928868e-11	-6.5451825e-11	-6.6259241e-11	-6.6637772e-11	-6.725865e-11	-6.4425604e-11	-6.5457889e-11	-6.9699836e-11	-7.2927685e-11	-7.343539e-11	-7.3346135e-11	-7.7570603e-11	-8.6640202e-11	-9.3197616e-11	-9.4606288e-11	-9.6854122e-11
	113.333333333333	-5.6714439e-11	-3.9775995e-11	-3.9461826e-11	-4.0395139e-11	-4.017987e-11	-3.9607574e-11	-3.963627e-11	-4.0090199e-11	-4.0195611e-11	-4.0770998e-11	-4.0018832e-11	-3.9563245e-11	-3.9657701e-11	-3.9963734e-11	-4.0350927e-11	-3.9946258e-11	-3.945019e-11	-4.0024029e-11	-3.9591795e-11	-3.9740367e-11	-4.0118596e-11	-4.0346407e-11	-3.9899372e-11	-4.0251878e-11	-4.0271387e-11	-4.2234691e-11	-4.7990608e-11	-5.03599e-11	-5.1226176e-11	-5.1858167e-11	-5.2789897e-11	-5.341556e-11	-6.23257e-11	-6.4393553e-11	-6.4848044e-11	-6.5749121e-11	-6.6737421e-11	-6.7042434e-11	-6.7021722e-11	-6.8197878e-11	-6.8989432e-11	-7.1461462e-11	-7.3254465e-11	-7.3750048e-11	-7.3190634e-11	-7.4223974e-11	-7.8996372e-11	-8.7596111e-11	-9.3412361e-11	-9.400266e-11	-9.6271359e-11
	111.666666666667	-5.7558798e-11	-4.0771071e-11	-4.0267921e-11	-3.9959026e-11	-4.0086507e-11	-3.9710537e-11	-3.9740367e-11	-4.0009867e-11	-3.9820282e-11	-3.9405711e-11	-3.9028423e-11	-3.9725903e-11	-4.0426437e-11	-4.0406851e-11	-4.0011602e-11	-4.0083308e-11	-3.9751553e-11	-3.9912927e-11	-4.0333452e-11	-4.0879158e-11	-4.0500967e-11	-4.030995e-11	-4.0441425e-11	-4.0529063e-11	-4.2388461e-11	-4.1583608e-11	-4.6805795e-11	-6.2952268e-11	-6.3781105e-11	-6.429085e-11	-6.5059777e-11	-6.5449528e-11	-6.5422376e-11	-6.5949142e-11	-6.6726465e-11	-6.7679848e-11	-6.7538697e-11	-6.7251683e-11	-6.7802514e-11	-6.8494529e-11	-6.9707365e-11	-7.1859539e-11	-7.481879e-11	-7.7443045e-11	-7.4169289e-11	-7.404994e-11	-7.9897679e-11	-8.8938766e-11	-9.3660059e-11	-9.3957314e-11	-9.6589778e-11
	110	-5.7196387e-11	-4.0949057e-11	-4.0269503e-11	-4.0087676e-11	-4.021301e-11	-4.010112e-11	-4.0068806e-11	-4.0423574e-11	-4.003382e-11	-3.9501295e-11	-3.9989078e-11	-4.0079128e-11	-4.0344523e-11	-4.0149967e-11	-3.9936315e-11	-4.0355597e-11	-4.0824663e-11	-4.05204e-11	-4.0566498e-11	-3.9899146e-11	-3.9686851e-11	-4.0134413e-11	-3.9909728e-11	-4.0337969e-11	-4.0432348e-11	-4.2369556e-11	-4.64212e-11	-5.6552533e-11	-6.4437691e-11	-6.5508772e-11	-6.5909521e-11	-6.5840937e-11	-6.6106225e-11	-6.6426906e-11	-6.7100811e-11	-6.7343388e-11	-6.728023e-11	-6.7529093e-11	-6.8011985e-11	-6.8615273e-11	-6.9823473e-11	-7.2835335e-11	-7.4857995e-11	-7.7150307e-11	-7.2578714e-11	-7.4015787e-11	-7.996686e-11	-8.8375092e-11	-9.3873444e-11	-9.4712384e-11	-9.778179e-11
	108.333333333333	-5.693581e-11	-4.1475143e-11	-3.9616574e-11	-3.9482539e-11	-3.9442356e-11	-3.9501669e-11	-3.9729331e-11	-3.947738e-11	-3.9835687e-11	-3.8974077e-11	-3.9605087e-11	-4.046391e-11	-3.9721271e-11	-3.9320634e-11	-3.9348993e-11	-4.0202994e-11	-4.0032391e-11	-3.9720217e-11	-4.0262384e-11	-3.993033e-11	-4.0087073e-11	-3.9805784e-11	-3.9912063e-11	-3.9897599e-11	-3.9933529e-11	-4.1457671e-11	-4.7614791e-11	-6.0743181e-11	-6.5489225e-11	-6.5223334e-11	-6.54043e-11	-6.5816082e-11	-6.5950759e-11	-6.6179999e-11	-6.599761e-11	-6.6922523e-11	-6.6960749e-11	-6.686799e-11	-6.7295482e-11	-6.7954288e-11	-7.032365e-11	-7.1405763e-11	-7.5172805e-11	-7.7190379e-11	-7.2172469e-11	-7.3751595e-11	-7.9699997e-11	-8.9468349e-11	-9.5449856e-11	-9.5821608e-11	-9.7459901e-11
	106.666666666667	-5.6700353e-11	-4.0017174e-11	-3.9729369e-11	-3.9776484e-11	-3.9968705e-11	-3.9843708e-11	-3.9430265e-11	-3.9196014e-11	-4.0109933e-11	-3.9986518e-11	-3.9797724e-11	-3.9430379e-11	-3.9794522e-11	-3.9290692e-11	-3.9538241e-11	-3.9809624e-11	-3.9591268e-11	-3.9218271e-11	-3.9255179e-11	-3.9779909e-11	-3.962471e-11	-3.9784089e-11	-3.93795e-11	-3.9609569e-11	-4.0330891e-11	-4.3795589e-11	-4.6311944e-11	-5.9135023e-11	-6.4389785e-11	-6.4870713e-11	-6.5176677e-11	-6.5919652e-11	-6.6201843e-11	-6.5806742e-11	-6.6015457e-11	-6.7012534e-11	-6.6740245e-11	-6.7281132e-11	-6.8022525e-11	-6.8129107e-11	-6.9412746e-11	-7.2697841e-11	-7.6374643e-11	-7.7525979e-11	-7.4749193e-11	-7.3273713e-11	-7.9024128e-11	-8.9064811e-11	-9.4729891e-11	-9.5392541e-11	-9.7436323e-11
	105	-5.6116306e-11	-4.047148e-11	-4.0360795e-11	-3.986152e-11	-3.9502877e-11	-3.9488076e-11	-3.9622677e-11	-3.995251e-11	-4.0053856e-11	-4.0545029e-11	-4.0057471e-11	-3.9311821e-11	-3.9654498e-11	-3.9491504e-11	-3.9639323e-11	-3.9947389e-11	-3.9523815e-11	-3.9579329e-11	-4.0199077e-11	-4.0272025e-11	-3.9883968e-11	-4.0133737e-11	-3.9987045e-11	-3.9733699e-11	-3.9852861e-11	-4.0074156e-11	-4.4205264e-11	-5.9620135e-11	-6.2327317e-11	-6.310788e-11	-6.3290158e-11	-6.3229109e-11	-6.3595101e-11	-6.3011693e-11	-6.3571336e-11	-6.3911453e-11	-6.4875987e-11	-6.5398423e-11	-6.5648639e-11	-6.6449388e-11	-6.8444139e-11	-7.046725e-11	-7.329156e-11	-7.5219275e-11	-6.9703562e-11	-7.0956359e-11	-7.699183e-11	-8.7193211e-11	-9.3175023e-11	-9.4539106e-11	-9.7406687e-11
	103.333333333333	-5.5364557e-11	-3.9158392e-11	-3.8622813e-11	-3.8016323e-11	-3.7346935e-11	-3.763297e-11	-3.8045584e-11	-3.7834645e-11	-3.8348116e-11	-3.8753233e-11	-3.8194496e-11	-3.7848957e-11	-3.7665357e-11	-3.8269554e-11	-3.7864246e-11	-3.7961714e-11	-3.7938288e-11	-3.7642008e-11	-3.8215549e-11	-3.8928246e-11	-3.8285333e-11	-3.7663438e-11	-3.7903489e-11	-3.8590801e-11	-4.2252205e-11	-4.0140627e-11	-4.5169573e-11	-4.8070298e-11	-5.1774522e-11	-6.0045552e-11	-6.1082243e-11	-6.1597262e-11	-6.1604118e-11	-6.1902164e-11	-6.2615316e-11	-6.2579268e-11	-6.3339944e-11	-6.4685576e-11	-6.4982193e-11	-6.6078164e-11	-6.7964079e-11	-7.0571424e-11	-7.2957813e-11	-7.5099024e-11	-7.1835135e-11	-7.1421993e-11	-7.705156e-11	-8.6579868e-11	-9.3273653e-11	-9.4267302e-11	-9.7648091e-11
	101.666666666667	-5.6264729e-11	-3.8818615e-11	-3.8205682e-11	-3.8141167e-11	-3.7642611e-11	-3.7598286e-11	-3.8135068e-11	-3.8179317e-11	-3.8088404e-11	-3.7864621e-11	-3.7399885e-11	-3.7919685e-11	-3.8020351e-11	-3.8475109e-11	-3.8017828e-11	-3.8120378e-11	-3.755328e-11	-3.7636925e-11	-3.7952259e-11	-3.8125839e-11	-3.7767421e-11	-3.7516937e-11	-3.8085167e-11	-3.8026075e-11	-3.8299721e-11	-4.3451669e-11	-4.4038238e-11	-4.8738895e-11	-4.880292e-11	-5.6952793e-11	-5.8989841e-11	-5.8897422e-11	-5.9873703e-11	-5.9900973e-11	-6.0890362e-11	-6.1896967e-11	-6.2810659e-11	-6.3527988e-11	-6.4280116e-11	-6.5739067e-11	-6.8054576e-11	-6.9537098e-11	-7.0279851e-11	-7.0227726e-11	-7.0192324e-11	-7.1007873e-11	-7.7034649e-11	-8.6587397e-11	-9.2780825e-11	-9.4218494e-11	-9.8352243e-11
	100	-5.5990105e-11	-3.8763177e-11	-3.7657939e-11	-3.7461274e-11	-3.8039107e-11	-3.8344009e-11	-3.786112e-11	-3.7806324e-11	-3.725768e-11	-3.7352583e-11	-3.8036432e-11	-3.7975009e-11	-3.7937008e-11	-3.7621371e-11	-3.7628678e-11	-3.7210904e-11	-3.7937837e-11	-3.8423549e-11	-3.8007736e-11	-3.7543225e-11	-3.7528574e-11	-3.8123126e-11	-3.7947062e-11	-3.7749116e-11	-3.9864421e-11	-3.8341035e-11	-4.5558651e-11	-4.8031471e-11	-4.9100026e-11	-5.0071867e-11	-5.7433312e-11	-5.8782479e-11	-5.9070582e-11	-6.0205424e-11	-6.0861816e-11	-6.115862e-11	-6.2320316e-11	-6.3856427e-11	-6.5165227e-11	-6.5951439e-11	-6.7363122e-11	-6.9508781e-11	-7.1833213e-11	-7.5456204e-11	-7.1533585e-11	-7.1956746e-11	-7.7185293e-11	-8.5827817e-11	-9.2712019e-11	-9.4701837e-11	-9.8112456e-11
	98.3333333333333	-5.5478892e-11	-3.8174724e-11	-3.732464e-11	-3.7248753e-11	-3.8032064e-11	-3.7592561e-11	-3.7730097e-11	-3.7430205e-11	-3.8157099e-11	-3.7650258e-11	-3.7974367e-11	-3.7993952e-11	-3.8021745e-11	-3.7804704e-11	-3.7493435e-11	-3.80431e-11	-3.8776923e-11	-3.7771338e-11	-3.7581185e-11	-3.7998885e-11	-3.8284431e-11	-3.8059556e-11	-3.819943e-11	-3.8211555e-11	-3.8038166e-11	-4.0761318e-11	-4.2724435e-11	-4.6657938e-11	-4.9220465e-11	-4.9565064e-11	-5.5178057e-11	-5.9121499e-11	-5.9531442e-11	-6.0315128e-11	-6.1161638e-11	-6.1698195e-11	-6.2711045e-11	-6.3497332e-11	-6.4823077e-11	-6.5824707e-11	-6.728712e-11	-6.8837283e-11	-7.160017e-11	-7.2351243e-11	-7.1684041e-11	-7.2027023e-11	-7.7076866e-11	-8.5881594e-11	-9.1939852e-11	-9.4337843e-11	-9.8641442e-11
	96.6666666666667	-5.4421072e-11	-3.7456302e-11	-3.7903264e-11	-3.7592825e-11	-3.8017828e-11	-3.7269729e-11	-3.7151022e-11	-3.7270183e-11	-3.703416e-11	-3.7452274e-11	-3.75526e-11	-3.7380078e-11	-3.725685e-11	-3.7350852e-11	-3.7961412e-11	-3.7657637e-11	-3.7492308e-11	-3.6923964e-11	-3.7000566e-11	-3.7027305e-11	-3.7226798e-11	-3.7198324e-11	-3.7520438e-11	-3.6972623e-11	-3.7628942e-11	-3.9221848e-11	-4.4674445e-11	-4.701052e-11	-4.8369517e-11	-4.8590399e-11	-4.9217415e-11	-5.6558747e-11	-6.0260033e-11	-6.1014908e-11	-6.1212556e-11	-6.1907778e-11	-6.3461368e-11	-6.4118134e-11	-6.5233728e-11	-6.561475e-11	-6.6337422e-11	-6.8582848e-11	-7.2245036e-11	-7.2798392e-11	-7.2170284e-11	-7.163177e-11	-7.6755997e-11	-8.5957179e-11	-9.22196e-11	-9.3852807e-11	-9.7495602e-11
	95	-5.0754775e-11	-3.7409e-11	-3.6764921e-11	-3.720179e-11	-3.7391149e-11	-3.7263932e-11	-3.7016046e-11	-3.6494027e-11	-3.657526e-11	-3.7247434e-11	-3.7019474e-11	-3.676319e-11	-3.6415881e-11	-3.7586986e-11	-3.7417323e-11	-3.7017552e-11	-3.7561978e-11	-3.7076228e-11	-3.7167668e-11	-3.7400038e-11	-3.7017476e-11	-3.7621184e-11	-3.738727e-11	-3.7301592e-11	-3.8925797e-11	-3.8424944e-11	-4.2767442e-11	-4.6688896e-11	-4.7455935e-11	-4.8424351e-11	-4.9314469e-11	-5.0114725e-11	-5.0705364e-11	-6.1613152e-11	-6.2252301e-11	-6.2920703e-11	-6.4439384e-11	-6.5113664e-11	-6.5494304e-11	-6.5921685e-11	-6.6413534e-11	-6.5842221e-11	-7.0073281e-11	-7.2560409e-11	-7.2134507e-11	-7.1944922e-11	-7.7542549e-11	-8.6382713e-11	-9.2182394e-11	-9.3450546e-11	-9.6588314e-11
	93.3333333333333	-5.2295147e-11	-3.8020916e-11	-3.7128502e-11	-3.7810956e-11	-3.7677333e-11	-3.7245099e-11	-3.7169438e-11	-3.715012e-11	-3.7401356e-11	-3.7304642e-11	-3.7422031e-11	-3.7150193e-11	-3.71282e-11	-3.7505977e-11	-3.7492533e-11	-3.7363015e-11	-3.6809136e-11	-3.6984523e-11	-3.7216927e-11	-3.7397588e-11	-3.7324338e-11	-3.6714794e-11	-3.7301742e-11	-3.6766992e-11	-3.7360944e-11	-3.8390031e-11	-4.1304127e-11	-4.5456514e-11	-4.8012413e-11	-4.764503e-11	-4.9082512e-11	-4.9504768e-11	-4.9542016e-11	-5.0842112e-11	-5.2067035e-11	-6.2352137e-11	-6.499315e-11	-6.5821959e-11	-6.5359558e-11	-6.5750516e-11	-6.6678031e-11	-6.8698658e-11	-7.2086753e-11	-7.1966495e-11	-7.1879766e-11	-7.31947e-11	-7.8252869e-11	-8.7198186e-11	-9.2553465e-11	-9.3355948e-11	-9.6536716e-11
	91.6666666666667	-5.5488534e-11	-3.7777212e-11	-3.6957899e-11	-3.6518507e-11	-3.6614201e-11	-3.6639098e-11	-3.6959064e-11	-3.7211168e-11	-3.7416195e-11	-3.6693631e-11	-3.6368391e-11	-3.7035403e-11	-3.6789551e-11	-3.6846758e-11	-3.6194322e-11	-3.6266139e-11	-3.6883403e-11	-3.7314849e-11	-3.7556819e-11	-3.7052954e-11	-3.6561025e-11	-3.6665195e-11	-3.7193314e-11	-3.7505263e-11	-3.9892402e-11	-3.8116198e-11	-4.3194257e-11	-4.727279e-11	-4.819364e-11	-5.8995489e-11	-6.3548479e-11	-6.4042209e-11	-6.4115387e-11	-6.4956658e-11	-6.5459284e-11	-6.6618225e-11	-6.6265833e-11	-6.7071133e-11	-6.7785152e-11	-6.8250829e-11	-6.8542776e-11	-7.0256613e-11	-7.2251892e-11	-7.1462329e-11	-7.3154968e-11	-7.4169969e-11	-7.9956881e-11	-8.8659843e-11	-9.3013458e-11	-9.433837e-11	-9.6825388e-11
	90	-5.583577e-11	-3.883752e-11	-3.7095622e-11	-3.6879524e-11	-3.7171096e-11	-3.6684589e-11	-3.7670405e-11	-3.6922344e-11	-3.633438e-11	-3.6681616e-11	-3.7232672e-11	-3.6961174e-11	-3.7606872e-11	-3.7275152e-11	-3.7326222e-11	-3.714978e-11	-3.7278996e-11	-3.7199379e-11	-3.7204163e-11	-3.6845176e-11	-3.6430456e-11	-3.6960761e-11	-3.707476e-11	-3.6719953e-11	-3.6601135e-11	-3.8203874e-11	-4.4663221e-11	-4.6676014e-11	-4.8179554e-11	-4.8925957e-11	-6.1840554e-11	-6.442244e-11	-6.5106399e-11	-6.5371306e-11	-6.6100909e-11	-6.6457298e-11	-6.6935027e-11	-6.7200384e-11	-6.7288966e-11	-6.7766737e-11	-6.779946e-11	-6.9055227e-11	-7.1876942e-11	-7.1798151e-11	-7.2436772e-11	-7.3699581e-11	-7.9767672e-11	-8.8983092e-11	-9.3137623e-11	-9.3575508e-11	-9.6898677e-11
	88.3333333333333	-5.41443e-11	-3.6877227e-11	-3.6112294e-11	-3.6339615e-11	-3.6062583e-11	-3.6134252e-11	-3.6108602e-11	-3.6524343e-11	-3.7082479e-11	-3.6147019e-11	-3.6460546e-11	-3.6855647e-11	-3.7084853e-11	-3.6764355e-11	-3.6680412e-11	-3.6915415e-11	-3.6789138e-11	-3.6920498e-11	-3.6279924e-11	-3.6309223e-11	-3.605953e-11	-3.6797159e-11	-3.7005427e-11	-3.6353816e-11	-3.808185e-11	-3.8432851e-11	-4.3274887e-11	-4.6371375e-11	-5.77993e-11	-6.36824e-11	-6.4180841e-11	-6.4515802e-11	-6.5453254e-11	-6.6413985e-11	-6.6641082e-11	-6.704854e-11	-6.7534929e-11	-6.7979893e-11	-6.7957223e-11	-6.8404976e-11	-6.8649773e-11	-7.0549878e-11	-6.8460862e-11	-6.9858577e-11	-7.2086295e-11	-7.3924644e-11	-7.9580571e-11	-8.9619749e-11	-9.4218001e-11	-9.4859072e-11	-9.7343078e-11
	86.6666666666667	-5.5985359e-11	-3.758676e-11	-3.6985578e-11	-3.6893572e-11	-3.6992204e-11	-3.6830754e-11	-3.6948746e-11	-3.6356113e-11	-3.6507547e-11	-3.6988291e-11	-3.7240128e-11	-3.631781e-11	-3.5999464e-11	-3.6786577e-11	-3.7160889e-11	-3.6765865e-11	-3.6544906e-11	-3.6768123e-11	-3.6856553e-11	-3.6467399e-11	-3.6625161e-11	-3.6966711e-11	-3.6462579e-11	-3.6722854e-11	-3.7650182e-11	-4.0146539e-11	-4.4418764e-11	-4.6440747e-11	-6.2800452e-11	-6.4727904e-11	-6.5611731e-11	-6.5857507e-11	-6.6117334e-11	-6.6165275e-11	-6.6479294e-11	-6.674631e-11	-6.7130752e-11	-6.7273791e-11	-6.7910975e-11	-6.8201451e-11	-6.9058578e-11	-7.1442186e-11	-7.4326559e-11	-7.359801e-11	-7.0666591e-11	-7.2877628e-11	-8.019968e-11	-8.955512e-11	-9.4795991e-11	-9.4233746e-11	-9.7126147e-11
	85	-5.4327747e-11	-3.6974205e-11	-3.6737165e-11	-3.6266892e-11	-3.6907581e-11	-3.6935979e-11	-3.7378118e-11	-3.7654099e-11	-3.7370548e-11	-3.7411862e-11	-3.6840846e-11	-3.7016647e-11	-3.7743843e-11	-3.7521757e-11	-3.7211807e-11	-3.7349495e-11	-3.7434909e-11	-3.6888902e-11	-3.7065306e-11	-3.7347538e-11	-3.6989307e-11	-3.6514174e-11	-3.6897187e-11	-3.7074305e-11	-3.7493699e-11	-3.8416961e-11	-4.1494277e-11	-4.6209998e-11	-6.3826791e-11	-6.4879491e-11	-6.5262615e-11	-6.4904609e-11	-6.4901182e-11	-6.5110313e-11	-6.5208498e-11	-6.55749e-11	-6.6056889e-11	-6.6570693e-11	-6.7222984e-11	-6.7635182e-11	-6.9578752e-11	-7.1398498e-11	-6.8333873e-11	-6.8972564e-11	-7.0226859e-11	-7.3417689e-11	-7.9917753e-11	-9.0089797e-11	-9.5759053e-11	-9.5611387e-11	-9.7850443e-11
	83.3333333333333	-5.3604919e-11	-3.9031247e-11	-3.7647205e-11	-3.6709975e-11	-3.6771926e-11	-3.7236138e-11	-3.6990435e-11	-3.7239978e-11	-3.7281331e-11	-3.7205027e-11	-3.7263703e-11	-3.6735736e-11	-3.7041353e-11	-3.760077e-11	-3.7381508e-11	-3.6995632e-11	-3.7464136e-11	-3.7393106e-11	-3.7726482e-11	-3.6961399e-11	-3.6681502e-11	-3.7374052e-11	-3.673449e-11	-3.7307202e-11	-3.7454533e-11	-3.825415e-11	-4.1368829e-11	-4.68801e-11	-6.2037327e-11	-6.3218188e-11	-6.3347216e-11	-6.3604254e-11	-6.3930701e-11	-6.4474676e-11	-6.5387126e-11	-6.4995828e-11	-6.5486283e-11	-6.5324759e-11	-6.6612237e-11	-6.734685e-11	-6.6976383e-11	-6.600849e-11	-6.6101666e-11	-6.8319864e-11	-6.9537029e-11	-7.2219432e-11	-7.9607647e-11	-9.0289963e-11	-9.5062028e-11	-9.6010477e-11	-9.8585286e-11
	81.6666666666667	-5.6778422e-11	-3.8066862e-11	-3.6418441e-11	-3.6699994e-11	-3.7250446e-11	-3.7187062e-11	-3.7455625e-11	-3.7070392e-11	-3.7352319e-11	-3.7316542e-11	-3.7026777e-11	-3.7120969e-11	-3.7746407e-11	-3.7524733e-11	-3.6837457e-11	-3.6826573e-11	-3.7037737e-11	-3.7401769e-11	-3.7312514e-11	-3.6750047e-11	-3.6777727e-11	-3.6846758e-11	-3.7279294e-11	-3.7601637e-11	-3.7163449e-11	-3.981147e-11	-4.4111638e-11	-4.6929849e-11	-5.8189429e-11	-6.122694e-11	-6.1206526e-11	-6.1790385e-11	-6.2000155e-11	-6.2040678e-11	-6.2340688e-11	-6.2684045e-11	-6.2983146e-11	-6.4323838e-11	-6.5769647e-11	-6.7065901e-11	-6.8846019e-11	-7.006748e-11	-7.3733478e-11	-7.1334133e-11	-6.9742767e-11	-7.1781282e-11	-7.8215247e-11	-8.8466644e-11	-9.5168269e-11	-9.6332366e-11	-9.8453287e-11
	80	-5.3024866e-11	-3.6928672e-11	-3.6390495e-11	-3.6451432e-11	-3.6587577e-11	-3.6317057e-11	-3.599035e-11	-3.5887043e-11	-3.6479413e-11	-3.690747e-11	-3.6779271e-11	-3.6774788e-11	-3.6469321e-11	-3.6164682e-11	-3.6707075e-11	-3.6854818e-11	-3.6659998e-11	-3.6336038e-11	-3.632666e-11	-3.5913446e-11	-3.6313029e-11	-3.6554058e-11	-3.6362777e-11	-3.6212963e-11	-3.6464463e-11	-4.1917247e-11	-4.4560369e-11	-4.6258993e-11	-4.6934932e-11	-5.728519e-11	-5.8866086e-11	-5.9494645e-11	-5.967056e-11	-6.0056703e-11	-5.9925488e-11	-6.0969486e-11	-6.2156072e-11	-6.3648052e-11	-6.4637067e-11	-6.5885603e-11	-6.7081153e-11	-6.813438e-11	-6.8355259e-11	-6.8673532e-11	-6.9246699e-11	-7.0923815e-11	-7.7440068e-11	-8.8529462e-11	-9.4928822e-11	-9.566848e-11	-9.8559376e-11
	78.3333333333333	-5.4339838e-11	-3.6409441e-11	-3.6435539e-11	-3.6514101e-11	-3.6298603e-11	-3.5981274e-11	-3.5977429e-11	-3.6161366e-11	-3.6410382e-11	-3.6776634e-11	-3.6422622e-11	-3.5933218e-11	-3.5749695e-11	-3.5982779e-11	-3.6067517e-11	-3.6243543e-11	-3.6194284e-11	-3.5820385e-11	-3.5956266e-11	-3.5786527e-11	-3.5959694e-11	-3.6506569e-11	-3.6439005e-11	-3.6064013e-11	-3.6760931e-11	-3.9169688e-11	-4.3746666e-11	-4.6301549e-11	-4.6550867e-11	-5.4417193e-11	-5.8824695e-11	-5.9040155e-11	-5.9272219e-11	-6.0018698e-11	-5.9938485e-11	-6.0542717e-11	-6.2214109e-11	-6.326549e-11	-6.4482093e-11	-6.5690633e-11	-6.7878848e-11	-7.0048238e-11	-7.0368239e-11	-6.9616528e-11	-6.9443964e-11	-7.0172104e-11	-7.6560876e-11	-8.7710485e-11	-9.4709032e-11	-9.6141879e-11	-9.8611612e-11
	76.6666666666667	-5.1983088e-11	-3.7239298e-11	-3.6126192e-11	-3.6070303e-11	-3.6503932e-11	-3.5731241e-11	-3.5955513e-11	-3.5951256e-11	-3.6394339e-11	-3.6345982e-11	-3.6151537e-11	-3.6168221e-11	-3.6401982e-11	-3.6594543e-11	-3.6348053e-11	-3.6419194e-11	-3.6277474e-11	-3.6567992e-11	-3.6244559e-11	-3.6467551e-11	-3.6874628e-11	-3.6478699e-11	-3.6122688e-11	-3.6931232e-11	-3.8709057e-11	-4.0138406e-11	-4.5518391e-11	-4.6847259e-11	-4.7089305e-11	-4.7217768e-11	-5.7081746e-11	-5.8943024e-11	-5.9100225e-11	-5.9811114e-11	-6.0750224e-11	-6.1407185e-11	-6.2866323e-11	-6.3338931e-11	-6.4493619e-11	-6.6184065e-11	-6.7577638e-11	-7.0930331e-11	-7.213518e-11	-7.1243823e-11	-6.9802011e-11	-7.1291577e-11	-7.7708708e-11	-8.7486858e-11	-9.3421812e-11	-9.5063568e-11	-9.8495843e-11
	75	-5.289795e-11	-3.8169148e-11	-3.6845516e-11	-3.5967035e-11	-3.6496021e-11	-3.6448494e-11	-3.6371628e-11	-3.6433166e-11	-3.6437763e-11	-3.644134e-11	-3.6582719e-11	-3.6847702e-11	-3.6486005e-11	-3.6668474e-11	-3.6193003e-11	-3.634534e-11	-3.6432111e-11	-3.6630171e-11	-3.6606218e-11	-3.6276572e-11	-3.5668198e-11	-3.6265838e-11	-3.6252883e-11	-3.6553191e-11	-3.640541e-11	-4.0588002e-11	-4.4129152e-11	-4.6785079e-11	-4.6938776e-11	-4.7460983e-11	-4.740449e-11	-4.7348677e-11	-5.8349076e-11	-6.073294e-11	-6.1039201e-11	-6.2053564e-11	-6.2417856e-11	-6.3617812e-11	-6.4589542e-11	-6.5696996e-11	-6.7018752e-11	-6.9008306e-11	-7.1676658e-11	-7.1149558e-11	-7.0600005e-11	-7.1238175e-11	-7.7104025e-11	-8.7388145e-11	-9.2601822e-11	-9.454848e-11	-9.7442727e-11
	73.3333333333333	-4.8691478e-11	-3.6983017e-11	-3.5920825e-11	-3.5714556e-11	-3.6317924e-11	-3.6695702e-11	-3.6494141e-11	-3.6059683e-11	-3.5884861e-11	-3.6140878e-11	-3.6536395e-11	-3.6430154e-11	-3.6404244e-11	-3.6378858e-11	-3.6329072e-11	-3.6402662e-11	-3.6104387e-11	-3.6508487e-11	-3.6315062e-11	-3.62156e-11	-3.5763441e-11	-3.5894163e-11	-3.6110035e-11	-3.6542647e-11	-3.6388687e-11	-3.9070452e-11	-4.31465e-11	-4.5787742e-11	-4.6266189e-11	-4.6535612e-11	-4.7183271e-11	-4.6650857e-11	-4.8689597e-11	-6.1072494e-11	-6.2018085e-11	-6.2774806e-11	-6.4087291e-11	-6.4265017e-11	-6.5040341e-11	-6.6208358e-11	-6.7524424e-11	-6.8960289e-11	-7.1973351e-11	-7.2581503e-11	-7.18096e-11	-7.1454946e-11	-7.7202994e-11	-8.7100042e-11	-9.3346414e-11	-9.4279015e-11	-9.804451e-11
	71.6666666666667	-5.2249049e-11	-3.7282611e-11	-3.6550707e-11	-3.6611679e-11	-3.6542987e-11	-3.6750911e-11	-3.6196015e-11	-3.6475194e-11	-3.6378973e-11	-3.6311898e-11	-3.6364585e-11	-3.6567128e-11	-3.6335098e-11	-3.6531236e-11	-3.5942783e-11	-3.613685e-11	-3.5704013e-11	-3.6026692e-11	-3.5951145e-11	-3.624908e-11	-3.588712e-11	-3.6121748e-11	-3.5958299e-11	-3.6064953e-11	-3.6781304e-11	-3.8337004e-11	-4.273449e-11	-4.5901328e-11	-4.6550187e-11	-4.7060269e-11	-4.7067163e-11	-4.7012626e-11	-5.5816865e-11	-6.3078841e-11	-6.5028441e-11	-6.4963701e-11	-6.5219309e-11	-6.5464703e-11	-6.6553409e-11	-6.6995548e-11	-6.7732049e-11	-6.9577621e-11	-7.1600621e-11	-7.3564606e-11	-7.3135761e-11	-7.3458177e-11	-7.9171572e-11	-8.8269038e-11	-9.3069122e-11	-9.4025593e-11	-9.8169209e-11
	70	-5.3810248e-11	-3.7044215e-11	-3.6239286e-11	-3.5567303e-11	-3.5815073e-11	-3.6075011e-11	-3.590821e-11	-3.6085478e-11	-3.5982703e-11	-3.6148601e-11	-3.636003e-11	-3.6992093e-11	-3.6319656e-11	-3.6008425e-11	-3.5618824e-11	-3.6393961e-11	-3.6627309e-11	-3.6916355e-11	-3.6152591e-11	-3.6122088e-11	-3.6579441e-11	-3.6321578e-11	-3.6236802e-11	-3.6560047e-11	-3.6192813e-11	-3.8136383e-11	-4.2544641e-11	-4.5346355e-11	-4.6267469e-11	-4.6637149e-11	-4.6970899e-11	-4.7386865e-11	-4.8385559e-11	-4.9083154e-11	-6.5367087e-11	-6.6350758e-11	-6.6678441e-11	-6.7924229e-11	-6.868385e-11	-6.8943941e-11	-6.904393e-11	-6.9367026e-11	-7.1026553e-11	-7.313998e-11	-7.4226306e-11	-7.3817119e-11	-7.8928135e-11	-8.7630007e-11	-9.3713308e-11	-9.4329593e-11	-9.7625609e-11
	68.3333333333333	-5.2922729e-11	-3.6250811e-11	-3.6264221e-11	-3.6599137e-11	-3.6178803e-11	-3.5725291e-11	-3.5841361e-11	-3.5617995e-11	-3.6327715e-11	-3.605068e-11	-3.5725929e-11	-3.5575813e-11	-3.6120017e-11	-3.5973249e-11	-3.6028538e-11	-3.620057e-11	-3.591687e-11	-3.597472e-11	-3.5870286e-11	-3.5923989e-11	-3.6164606e-11	-3.5813193e-11	-3.5620742e-11	-3.5984021e-11	-4.119766e-11	-3.8204967e-11	-4.2439191e-11	-4.4645485e-11	-4.5469243e-11	-4.5820393e-11	-4.6654357e-11	-4.7224922e-11	-4.7388333e-11	-4.7825164e-11	-4.9510378e-11	-5.0819664e-11	-5.3174833e-11	-5.4878314e-11	-6.7159264e-11	-6.9319758e-11	-6.9693397e-11	-7.0131956e-11	-7.2017607e-11	-7.2817523e-11	-7.3551276e-11	-7.4321098e-11	-7.9915491e-11	-8.9169137e-11	-9.3656291e-11	-9.4306091e-11	-9.7227115e-11
	66.6666666666667	-5.4726126e-11	-3.6881446e-11	-3.623055e-11	-3.5680472e-11	-3.5666577e-11	-3.5847086e-11	-3.6042586e-11	-3.6082918e-11	-3.6690841e-11	-3.6178352e-11	-3.5940372e-11	-3.6645877e-11	-3.6310958e-11	-3.6459152e-11	-3.6027934e-11	-3.6000026e-11	-3.5568621e-11	-3.6089923e-11	-3.6235483e-11	-3.6049174e-11	-3.5632795e-11	-3.5487988e-11	-3.5984247e-11	-3.6191758e-11	-3.683821e-11	-3.7583672e-11	-4.1477932e-11	-4.3951166e-11	-4.4939955e-11	-4.5333362e-11	-4.6436341e-11	-4.6727459e-11	-4.7446557e-11	-4.9045493e-11	-5.0182969e-11	-5.144898e-11	-5.2983666e-11	-5.5262229e-11	-5.661957e-11	-5.7688389e-11	-6.0326653e-11	-6.2842218e-11	-6.7684518e-11	-7.2084602e-11	-7.3920918e-11	-7.5045997e-11	-8.0738832e-11	-8.9349868e-11	-9.3984619e-11	-9.4380628e-11	-9.7682404e-11
	65	-5.5159041e-11	-3.6760778e-11	-3.6134852e-11	-3.6707113e-11	-3.6418518e-11	-3.5832285e-11	-3.6570216e-11	-3.611399e-11	-3.680134e-11	-3.6838661e-11	-3.6658832e-11	-3.654679e-11	-3.6542082e-11	-3.6430831e-11	-3.6576995e-11	-3.6254125e-11	-3.6523479e-11	-3.6324364e-11	-3.6109057e-11	-3.5952349e-11	-3.5580899e-11	-3.6070001e-11	-3.6683802e-11	-3.7097506e-11	-3.5916606e-11	-3.7444967e-11	-4.3493473e-11	-4.4393305e-11	-4.5308771e-11	-4.5146789e-11	-4.581855e-11	-4.6127255e-11	-4.7412813e-11	-4.8612656e-11	-4.9420745e-11	-5.065889e-11	-5.2886875e-11	-5.6001027e-11	-5.723156e-11	-5.7832291e-11	-5.9649813e-11	-6.2155399e-11	-6.770335e-11	-7.1039244e-11	-7.3901822e-11	-7.609452e-11	-8.1636184e-11	-9.0297346e-11	-9.5335705e-11	-9.5723915e-11	-9.7954048e-11
	63.3333333333333	-5.5127892e-11	-3.7023124e-11	-3.611459e-11	-3.6329034e-11	-3.6290242e-11	-3.6506229e-11	-3.6284142e-11	-3.5845767e-11	-3.6683611e-11	-3.6631753e-11	-3.6203585e-11	-3.6525512e-11	-3.5729284e-11	-3.6108453e-11	-3.6282748e-11	-3.6525512e-11	-3.6500844e-11	-3.6147169e-11	-3.6225842e-11	-3.584829e-11	-3.6272655e-11	-3.6494703e-11	-3.5972874e-11	-3.7089408e-11	-3.605953e-11	-3.7500402e-11	-4.0433518e-11	-4.4107083e-11	-4.4597579e-11	-4.5004958e-11	-4.5616837e-11	-4.6403197e-11	-4.7647518e-11	-4.8266738e-11	-4.9144841e-11	-5.0296326e-11	-5.3198407e-11	-5.613732e-11	-5.7730418e-11	-5.8291566e-11	-5.9388668e-11	-6.2382564e-11	-6.5673987e-11	-7.1056154e-11	-7.2987526e-11	-7.4960281e-11	-8.1299079e-11	-9.0869264e-11	-9.5646449e-11	-9.6074391e-11	-9.8565441e-11
	61.6666666666667	-5.452434e-11	-3.6690692e-11	-3.6203509e-11	-3.6412151e-11	-3.6597593e-11	-3.628094e-11	-3.631604e-11	-3.6119337e-11	-3.6373588e-11	-3.6616463e-11	-3.6642862e-11	-3.6811547e-11	-3.6275666e-11	-3.5928621e-11	-3.6355925e-11	-3.6206597e-11	-3.6038367e-11	-3.5808634e-11	-3.6376561e-11	-3.6069963e-11	-3.5979539e-11	-3.6301503e-11	-3.5790669e-11	-3.6088681e-11	-3.6268436e-11	-3.681486e-11	-3.9857454e-11	-4.2876511e-11	-4.3884771e-11	-4.4434394e-11	-4.5332006e-11	-4.6251048e-11	-4.6840178e-11	-4.8106415e-11	-4.8406387e-11	-5.0429272e-11	-5.2188791e-11	-5.5633644e-11	-5.8216619e-11	-5.8883752e-11	-6.00094e-11	-6.2217689e-11	-6.5780381e-11	-6.951556e-11	-7.182941e-11	-7.4789154e-11	-8.1713199e-11	-9.1380889e-11	-9.6423321e-11	-9.6205939e-11	-9.8250859e-11
	60	-5.2293867e-11	-3.7209659e-11	-3.6526001e-11	-3.5823434e-11	-3.5479553e-11	-3.6071205e-11	-3.5842718e-11	-3.6256689e-11	-3.6413959e-11	-3.5755419e-11	-3.581628e-11	-3.5964138e-11	-3.6081225e-11	-3.5636976e-11	-3.5973551e-11	-3.5646618e-11	-3.5818952e-11	-3.5615434e-11	-3.6072111e-11	-3.6182796e-11	-3.6384583e-11	-3.5694333e-11	-3.5467313e-11	-3.6206673e-11	-3.9929237e-11	-3.8387959e-11	-4.0014728e-11	-4.2275329e-11	-4.3673079e-11	-4.4585453e-11	-4.4917094e-11	-4.5652503e-11	-4.6349417e-11	-4.7078157e-11	-4.8193526e-11	-5.0264504e-11	-5.2410239e-11	-5.5710849e-11	-5.8747375e-11	-6.023642e-11	-6.1181109e-11	-6.2747162e-11	-6.6529234e-11	-6.869233e-11	-7.1089148e-11	-7.3690658e-11	-8.1879961e-11	-9.1988396e-11	-9.7123025e-11	-9.7314982e-11	-9.9327511e-11
	58.3333333333333	-5.1946406e-11	-3.6713289e-11	-3.6202943e-11	-3.6547428e-11	-3.6403866e-11	-3.5840157e-11	-3.5829801e-11	-3.6004283e-11	-3.5874841e-11	-3.6165359e-11	-3.572239e-11	-3.5458539e-11	-3.571143e-11	-3.623149e-11	-3.6245916e-11	-3.5927681e-11	-3.5770335e-11	-3.5959805e-11	-3.5986242e-11	-3.6281655e-11	-3.5916044e-11	-3.5927303e-11	-3.6006694e-11	-3.6268964e-11	-3.6106458e-11	-3.7432425e-11	-4.0973953e-11	-4.278872e-11	-4.3559493e-11	-5.9000534e-11	-6.7177791e-11	-6.833327e-11	-6.8235799e-11	-6.8550422e-11	-6.8373036e-11	-6.8941797e-11	-6.9698594e-11	-6.9238712e-11	-6.9501321e-11	-7.0113387e-11	-7.1208872e-11	-7.3438818e-11	-7.6109848e-11	-6.9934461e-11	-7.0073655e-11	-7.283809e-11	-8.0895922e-11	-9.1986481e-11	-9.7467055e-11	-9.739471e-11	-9.9859586e-11
	56.6666666666667	-5.5258766e-11	-3.7025234e-11	-3.6412338e-11	-3.6291109e-11	-3.5813793e-11	-3.566605e-11	-3.5963194e-11	-3.6280638e-11	-3.6203096e-11	-3.6200119e-11	-3.588968e-11	-3.5799596e-11	-3.5781329e-11	-3.629156e-11	-3.5759676e-11	-3.597822e-11	-3.6091994e-11	-3.6280527e-11	-3.6231039e-11	-3.6204602e-11	-3.6011964e-11	-3.5527494e-11	-3.6038592e-11	-3.6181703e-11	-3.6973414e-11	-3.8561501e-11	-4.0822481e-11	-4.2497301e-11	-4.3615833e-11	-5.5212744e-11	-6.5091293e-11	-6.5157803e-11	-6.5015521e-11	-6.5117321e-11	-6.5934147e-11	-6.5409643e-11	-6.5959307e-11	-6.6720136e-11	-6.7989309e-11	-6.9644471e-11	-7.1118375e-11	-7.2765211e-11	-7.553793e-11	-7.1941869e-11	-6.9837261e-11	-7.2043857e-11	-8.0302986e-11	-9.168135e-11	-9.7003412e-11	-9.8021688e-11	-1.0067393e-10
	55	-5.5687687e-11	-3.6962378e-11	-3.6202569e-11	-3.6098964e-11	-3.5769693e-11	-3.5872319e-11	-3.642665e-11	-3.6390835e-11	-3.6109168e-11	-3.6037763e-11	-3.6275705e-11	-3.6170442e-11	-3.6075577e-11	-3.5752633e-11	-3.5994416e-11	-3.626181e-11	-3.6220117e-11	-3.6646554e-11	-3.6295064e-11	-3.5652117e-11	-3.5925193e-11	-3.600048e-11	-3.6752153e-11	-3.6464349e-11	-3.590753e-11	-3.7119689e-11	-4.0356236e-11	-4.2509579e-11	-4.3676167e-11	-4.4303974e-11	-4.4482751e-11	-5.9712214e-11	-6.2423428e-11	-6.2454535e-11	-6.3026154e-11	-6.3742997e-11	-6.5541725e-11	-6.6475186e-11	-6.7870674e-11	-6.9434139e-11	-7.1559231e-11	-7.3164266e-11	-7.5833e-11	-7.6024395e-11	-7.0217297e-11	-7.2482943e-11	-7.9921327e-11	-9.1126905e-11	-9.7342627e-11	-9.8595909e-11	-1.0098553e-10
	53.3333333333333	-5.5793176e-11	-3.6255179e-11	-3.5243381e-11	-3.5566473e-11	-3.5716628e-11	-3.5561991e-11	-3.6115836e-11	-3.5238937e-11	-3.5162671e-11	-3.538736e-11	-3.5973138e-11	-3.5638596e-11	-3.5687252e-11	-3.5605376e-11	-3.5635734e-11	-3.5504974e-11	-3.5638069e-11	-3.5998936e-11	-3.5910584e-11	-3.5410331e-11	-3.5773457e-11	-3.584848e-11	-3.5995883e-11	-3.5905574e-11	-3.5474807e-11	-3.6196279e-11	-3.9815953e-11	-4.2106645e-11	-4.2810037e-11	-4.6154219e-11	-5.9140109e-11	-5.9113145e-11	-5.650173e-11	-6.1208601e-11	-6.2607364e-11	-6.2923909e-11	-6.4117947e-11	-6.5448626e-11	-6.7018523e-11	-6.8432204e-11	-6.9835415e-11	-7.2285559e-11	-7.1092424e-11	-6.884527e-11	-6.8869827e-11	-7.129719e-11	-7.9178802e-11	-9.0300357e-11	-9.6679151e-11	-9.823873e-11	-1.0113516e-10
	51.6666666666667	-5.5307196e-11	-3.5278818e-11	-3.5501695e-11	-3.5712825e-11	-3.5826297e-11	-3.5885538e-11	-3.5707288e-11	-3.5755079e-11	-3.5762875e-11	-3.5714782e-11	-3.6311672e-11	-3.5770522e-11	-3.5945719e-11	-3.6043904e-11	-3.5941916e-11	-3.6095498e-11	-3.6150635e-11	-3.5944855e-11	-3.5426603e-11	-3.5464111e-11	-3.5906667e-11	-3.5895894e-11	-3.590275e-11	-3.5565006e-11	-3.5670043e-11	-3.7194973e-11	-3.9803071e-11	-4.209719e-11	-4.276586e-11	-5.1079675e-11	-5.997336e-11	-6.0357837e-11	-6.1362179e-11	-6.1701581e-11	-6.212459e-11	-6.2600584e-11	-6.3852514e-11	-6.5423542e-11	-6.6952728e-11	-6.6908173e-11	-6.9402387e-11	-7.1550682e-11	-7.1273459e-11	-7.014446e-11	-6.9897366e-11	-7.0837496e-11	-7.8576791e-11	-8.9866732e-11	-9.6536154e-11	-9.7886713e-11	-1.0082066e-10
	50	-5.5483826e-11	-3.6652126e-11	-3.6103932e-11	-3.6146267e-11	-3.5711958e-11	-3.5752255e-11	-3.5579126e-11	-3.6155981e-11	-3.6749707e-11	-3.6170632e-11	-3.6246971e-11	-3.6335473e-11	-3.6438814e-11	-3.5674335e-11	-3.6069397e-11	-3.5660929e-11	-3.5940296e-11	-3.6075764e-11	-3.6291449e-11	-3.576988e-11	-3.5819896e-11	-3.6086082e-11	-3.6387598e-11	-3.6761493e-11	-3.6717844e-11	-3.7635908e-11	-4.147729e-11	-4.1688833e-11	-4.2757953e-11	-5.651973e-11	-6.1467706e-11	-6.1185362e-11	-6.1731446e-11	-6.2279411e-11	-6.3372904e-11	-6.4358185e-11	-6.4819497e-11	-6.5428322e-11	-6.633083e-11	-6.3094134e-11	-6.8837547e-11	-7.3394901e-11	-7.2929565e-11	-7.1390019e-11	-7.0428045e-11	-7.1914599e-11	-7.8259572e-11	-8.9272249e-11	-9.6416312e-11	-9.6659451e-11	-1.0037652e-10
	48.3333333333333	-5.2458406e-11	-3.6330237e-11	-3.5637202e-11	-3.6037499e-11	-3.5681565e-11	-3.657805e-11	-3.6690994e-11	-3.6327791e-11	-3.5674713e-11	-3.5987976e-11	-3.5738697e-11	-3.6206635e-11	-3.6188521e-11	-3.5866671e-11	-3.5876611e-11	-3.5942558e-11	-3.6220232e-11	-3.6545812e-11	-3.6093992e-11	-3.5623154e-11	-3.561099e-11	-3.5916381e-11	-3.6228968e-11	-3.6376149e-11	-3.6588253e-11	-3.864236e-11	-4.1697531e-11	-4.2337165e-11	-4.2501971e-11	-4.2892367e-11	-5.7754485e-11	-6.1972101e-11	-6.2754545e-11	-6.3814065e-11	-6.451889e-11	-6.52799e-11	-6.5971284e-11	-6.6883395e-11	-6.7503066e-11	-6.8685772e-11	-7.0037615e-11	-7.0458139e-11	-7.3493801e-11	-7.3281999e-11	-7.2004458e-11	-7.2075526e-11	-7.8930994e-11	-8.9110157e-11	-9.5149735e-11	-9.662017e-11	-1.0022817e-10
	46.6666666666667	-5.3987256e-11	-3.7230864e-11	-3.6034526e-11	-3.5660249e-11	-3.6205469e-11	-3.6519825e-11	-3.6248213e-11	-3.5895179e-11	-3.5528438e-11	-3.5662057e-11	-3.5692976e-11	-3.5623796e-11	-3.6071243e-11	-3.5551145e-11	-3.6163739e-11	-3.6094367e-11	-3.6015583e-11	-3.6054069e-11	-3.6281769e-11	-3.5462983e-11	-3.5699454e-11	-3.6109359e-11	-3.6223923e-11	-3.6475798e-11	-3.6317699e-11	-3.8148963e-11	-4.0393522e-11	-4.1779972e-11	-4.2422506e-11	-4.2245801e-11	-5.6965977e-11	-6.3514242e-11	-6.4298948e-11	-6.498517e-11	-6.5814951e-11	-6.6083736e-11	-6.6822117e-11	-6.777242e-11	-6.841179e-11	-6.9080804e-11	-7.0160391e-11	-7.2103323e-11	-7.5472475e-11	-7.4935995e-11	-7.2908624e-11	-7.2784723e-11	-7.8769206e-11	-8.8646021e-11	-9.4883323e-11	-9.6564999e-11	-9.9740875e-11
	45	-5.5334237e-11	-3.6837495e-11	-3.6011062e-11	-3.6327566e-11	-3.6234127e-11	-3.6340934e-11	-3.5682318e-11	-3.5848782e-11	-3.6203471e-11	-3.6214958e-11	-3.6831205e-11	-3.6286703e-11	-3.5847162e-11	-3.5524594e-11	-3.5979917e-11	-3.6359124e-11	-3.6274875e-11	-3.5829197e-11	-3.5143617e-11	-3.5762386e-11	-3.6246218e-11	-3.5689625e-11	-3.6256425e-11	-3.5668496e-11	-3.6827062e-11	-3.9451432e-11	-4.1221835e-11	-4.1680586e-11	-4.1491827e-11	-4.1980367e-11	-5.8425077e-11	-6.5859394e-11	-6.6666922e-11	-6.7688966e-11	-6.7999856e-11	-6.8375298e-11	-6.8886584e-11	-6.9949449e-11	-7.0436858e-11	-7.0941857e-11	-7.0735362e-11	-7.3372801e-11	-7.7553471e-11	-7.6537415e-11	-7.4418721e-11	-7.3255749e-11	-7.8742693e-11	-8.8893039e-11	-9.4658226e-11	-9.6135704e-11	-9.9207711e-11
	43.3333333333333	-5.4384053e-11	-3.6460657e-11	-3.60523e-11	-3.5958035e-11	-3.5744008e-11	-3.5390673e-11	-3.5585417e-11	-3.5467615e-11	-3.6288587e-11	-3.6242148e-11	-3.6307679e-11	-3.590531e-11	-3.5661946e-11	-3.5767885e-11	-3.5665863e-11	-3.579918e-11	-3.5715837e-11	-3.5593892e-11	-3.6010007e-11	-3.621959e-11	-3.6311221e-11	-3.5811045e-11	-3.5259837e-11	-3.6045673e-11	-3.5562182e-11	-3.9568595e-11	-4.0769527e-11	-4.0990222e-11	-4.1066522e-11	-4.1689964e-11	-4.2601284e-11	-4.3527404e-11	-4.4282772e-11	-6.2460523e-11	-6.9919438e-11	-7.1100334e-11	-7.1955615e-11	-7.1815782e-11	-7.2145234e-11	-7.1936748e-11	-7.2245036e-11	-7.5203462e-11	-7.8351166e-11	-7.8101213e-11	-7.6014001e-11	-7.4625479e-11	-8.0360454e-11	-9.0265934e-11	-9.5431101e-11	-9.6035825e-11	-9.8761541e-11
	41.6666666666667	-5.2372426e-11	-3.6982979e-11	-3.6247949e-11	-3.6194433e-11	-3.6004057e-11	-3.582901e-11	-3.5398844e-11	-3.5663226e-11	-3.5593629e-11	-3.6002288e-11	-3.5695728e-11	-3.5465957e-11	-3.551966e-11	-3.6095724e-11	-3.5874428e-11	-3.5912502e-11	-3.5649289e-11	-3.5759298e-11	-3.584464e-11	-3.607294e-11	-3.5502112e-11	-3.5644019e-11	-3.7787794e-11	-3.7141418e-11	-3.7263477e-11	-3.9605125e-11	-4.0882398e-11	-4.1337645e-11	-4.1317835e-11	-4.1408561e-11	-4.2476172e-11	-4.345551e-11	-5.7898839e-11	-7.1941716e-11	-7.2721787e-11	-7.3275032e-11	-7.4168199e-11	-7.4356049e-11	-7.4180967e-11	-7.3576395e-11	-7.3421907e-11	-7.4465004e-11	-7.4878409e-11	-7.8154011e-11	-7.6977445e-11	-7.5815264e-11	-8.1370785e-11	-9.0069383e-11	-9.5119232e-11	-9.5823981e-11	-9.8529587e-11
	40	-5.467404e-11	-3.6837419e-11	-3.5895481e-11	-3.5410445e-11	-3.5126256e-11	-3.5037865e-11	-3.5641948e-11	-3.5215737e-11	-3.5672829e-11	-3.5737455e-11	-3.5549376e-11	-3.5686801e-11	-3.5667143e-11	-3.6048459e-11	-3.5735987e-11	-3.5311962e-11	-3.5579917e-11	-3.5963007e-11	-3.6499977e-11	-3.6063975e-11	-3.6130297e-11	-3.5880528e-11	-3.6304817e-11	-3.6305795e-11	-3.8458122e-11	-4.0383391e-11	-4.0759923e-11	-4.1487872e-11	-4.1656633e-11	-4.1963381e-11	-4.2441262e-11	-4.3153731e-11	-7.1465119e-11	-7.4633986e-11	-7.591465e-11	-7.6428724e-11	-7.6876477e-11	-7.6775204e-11	-7.6935638e-11	-7.7077587e-11	-7.6714718e-11	-7.7095816e-11	-7.7548197e-11	-8.0013295e-11	-7.8781294e-11	-7.8079897e-11	-8.338915e-11	-9.1872177e-11	-9.6641188e-11	-9.6268611e-11	-9.9120073e-11
	38.3333333333333	-5.4835494e-11	-3.7401318e-11	-3.6179747e-11	-3.5643866e-11	-3.5417034e-11	-3.5864409e-11	-3.5877065e-11	-3.5667445e-11	-3.6043488e-11	-3.566104e-11	-3.5932955e-11	-3.5698815e-11	-3.5845202e-11	-3.6160838e-11	-3.5946773e-11	-3.580615e-11	-3.5207566e-11	-3.5519396e-11	-3.5900789e-11	-3.5608277e-11	-3.5373423e-11	-3.5498382e-11	-3.5869908e-11	-3.608262e-11	-3.8394437e-11	-4.0341775e-11	-4.0358571e-11	-4.0568382e-11	-4.1240816e-11	-4.1887421e-11	-4.2475044e-11	-4.2530555e-11	-4.310146e-11	-6.786921e-11	-7.8684996e-11	-7.9041419e-11	-7.9362704e-11	-7.9270694e-11	-7.9066725e-11	-7.8684129e-11	-7.8703183e-11	-7.8820984e-11	-7.9275253e-11	-7.9476141e-11	-7.9824543e-11	-7.9779232e-11	-8.4787843e-11	-9.3286011e-11	-9.7566781e-11	-9.7410566e-11	-9.9768104e-11
	36.6666666666667	-5.0846254e-11	-3.6772568e-11	-3.6437912e-11	-3.5901317e-11	-3.6085933e-11	-3.5657349e-11	-3.5940185e-11	-3.6536961e-11	-3.6278341e-11	-3.6086269e-11	-3.6125176e-11	-3.6559332e-11	-3.6170556e-11	-3.6170896e-11	-3.5794888e-11	-3.5691058e-11	-3.5873901e-11	-3.5855822e-11	-3.672131e-11	-3.652683e-11	-3.5956793e-11	-3.6043751e-11	-3.8408637e-11	-3.8117252e-11	-3.8697909e-11	-4.0005988e-11	-4.074471e-11	-4.1156457e-11	-4.1832697e-11	-4.1966659e-11	-4.2428873e-11	-4.2850525e-11	-4.3421804e-11	-4.5492971e-11	-7.8355156e-11	-8.1783774e-11	-8.1900452e-11	-8.2019384e-11	-8.1782268e-11	-8.1854017e-11	-8.1091418e-11	-8.0141116e-11	-8.0215272e-11	-7.9435049e-11	-8.0742565e-11	-8.126752e-11	-8.5950212e-11	-9.4592882e-11	-9.8816601e-11	-9.7813799e-11	-1.0073889e-10
	35	-5.1689895e-11	-3.742787e-11	-3.5744498e-11	-3.5753987e-11	-3.559231e-11	-3.6092598e-11	-3.6124308e-11	-3.6267156e-11	-3.583801e-11	-3.550742e-11	-3.6218271e-11	-3.6404997e-11	-3.5965154e-11	-3.5607749e-11	-3.5550542e-11	-3.55313e-11	-3.5768336e-11	-3.5972385e-11	-3.619206e-11	-3.5194458e-11	-3.5432136e-11	-3.598067e-11	-3.8452699e-11	-3.6169161e-11	-3.7963032e-11	-4.024751e-11	-4.0534975e-11	-4.1032931e-11	-4.1585756e-11	-4.1553629e-11	-4.1400348e-11	-4.1918979e-11	-4.2450113e-11	-4.3056076e-11	-6.3556195e-11	-8.3738606e-11	-8.2305572e-11	-8.279516e-11	-8.3023123e-11	-8.2368765e-11	-8.2948703e-11	-8.0970564e-11	-8.093972e-11	-8.1817254e-11	-8.2520539e-11	-8.2320296e-11	-8.7306759e-11	-9.5206829e-11	-9.9442447e-11	-9.9059851e-11	-1.0149516e-10
	33.3333333333333	-5.2675371e-11	-3.6798967e-11	-3.551311e-11	-3.5281191e-11	-3.5463962e-11	-3.5692602e-11	-3.5431911e-11	-3.5223043e-11	-3.5474203e-11	-3.5480945e-11	-3.5593476e-11	-3.5489195e-11	-3.5547228e-11	-3.5325406e-11	-3.5090701e-11	-3.521973e-11	-3.57799e-11	-3.6252279e-11	-3.5473638e-11	-3.5467539e-11	-3.5580257e-11	-3.5877818e-11	-3.6244785e-11	-3.7720119e-11	-3.9698713e-11	-3.9664969e-11	-4.0243479e-11	-4.0686562e-11	-4.0939942e-11	-4.1201084e-11	-4.1222251e-11	-4.1856272e-11	-4.2401794e-11	-4.3328029e-11	-4.3771823e-11	-5.6662806e-11	-8.5034597e-11	-8.6293979e-11	-8.6274286e-11	-8.6359246e-11	-8.5793317e-11	-8.6026325e-11	-8.3293421e-11	-8.2678454e-11	-8.2949571e-11	-8.331643e-11	-8.8130822e-11	-9.689962e-11	-1.015535e-10	-1.0079708e-10	-1.0289129e-10
	31.6666666666667	-5.6040835e-11	-3.6323083e-11	-3.530605e-11	-3.5682169e-11	-3.5729246e-11	-3.5850361e-11	-3.5439405e-11	-3.5684993e-11	-3.5698552e-11	-3.5338548e-11	-3.5654715e-11	-3.5969634e-11	-3.5671736e-11	-3.5654035e-11	-3.5628955e-11	-3.5926213e-11	-3.6127396e-11	-3.6253674e-11	-3.5919771e-11	-3.5368264e-11	-3.5663677e-11	-3.5951145e-11	-3.8161127e-11	-3.6443747e-11	-3.8505046e-11	-3.9945394e-11	-3.9973337e-11	-4.0215647e-11	-4.0994968e-11	-4.1394853e-11	-4.1587372e-11	-4.1618747e-11	-4.1676405e-11	-4.2254804e-11	-4.3345764e-11	-4.5170027e-11	-7.5735952e-11	-8.7454356e-11	-8.7240104e-11	-8.7552084e-11	-8.7287476e-11	-8.7745623e-11	-8.7247938e-11	-8.3760526e-11	-8.2564865e-11	-8.3779997e-11	-9.0048483e-11	-9.8491701e-11	-1.0244998e-10	-1.0139514e-10	-1.0355797e-10
	30	-5.1779341e-11	-3.6223094e-11	-3.5817863e-11	-3.565882e-11	-3.5700096e-11	-3.5949337e-11	-3.6132555e-11	-3.618562e-11	-3.5865276e-11	-3.6205844e-11	-3.5529642e-11	-3.5993021e-11	-3.5967864e-11	-3.6080736e-11	-3.5813304e-11	-3.591559e-11	-3.5794361e-11	-3.5606622e-11	-3.6153833e-11	-3.602639e-11	-3.624117e-11	-3.6033281e-11	-3.5782308e-11	-3.9612355e-11	-3.9645499e-11	-3.9863481e-11	-4.0413256e-11	-4.0622953e-11	-4.0517652e-11	-4.1063621e-11	-4.1409501e-11	-4.2083406e-11	-3.9972244e-11	-3.9146755e-11	-4.012447e-11	-4.1699113e-11	-4.3661928e-11	-6.9798056e-11	-8.7157399e-11	-8.8018252e-11	-9.0630232e-11	-9.1316073e-11	-9.1402282e-11	-8.8114141e-11	-8.5939256e-11	-8.701067e-11	-9.2271572e-11	-1.0048785e-10	-1.048781e-10	-1.0385312e-10	-1.0470343e-10
	28.3333333333333	-5.2330699e-11	-3.8108967e-11	-3.7635194e-11	-3.7555428e-11	-3.7713978e-11	-3.7936404e-11	-3.7600319e-11	-3.6962641e-11	-3.6919936e-11	-3.7553318e-11	-3.8033948e-11	-3.7893397e-11	-3.7711077e-11	-3.755456e-11	-3.7403691e-11	-3.742975e-11	-3.7319255e-11	-3.7731568e-11	-3.7750813e-11	-3.7909099e-11	-3.7344901e-11	-3.6947879e-11	-3.6799945e-11	-3.7035028e-11	-3.9938764e-11	-4.0859725e-11	-4.0848616e-11	-4.1132465e-11	-4.1430252e-11	-4.1691883e-11	-4.2497679e-11	-4.3167442e-11	-4.2806383e-11	-4.3573877e-11	-4.4433037e-11	-4.5407518e-11	-4.7134425e-11	-4.9119986e-11	-7.7785875e-11	-9.1852102e-11	-9.2235455e-11	-9.2151321e-11	-9.2302721e-11	-8.8420923e-11	-8.5897865e-11	-8.6027491e-11	-9.2461344e-11	-1.0164735e-10	-1.0531775e-10	-1.0479739e-10	-1.0561362e-10
	26.6666666666667	-5.0736658e-11	-3.8311132e-11	-3.7150193e-11	-3.7517274e-11	-3.7742903e-11	-3.7372657e-11	-3.7774839e-11	-3.7835776e-11	-3.7545786e-11	-3.7856829e-11	-3.8232723e-11	-3.7326899e-11	-3.723433e-11	-3.7321889e-11	-3.7787003e-11	-3.7840973e-11	-3.7266794e-11	-3.7116525e-11	-3.7605478e-11	-3.7473552e-11	-3.7797886e-11	-3.8108253e-11	-3.774648e-11	-3.7665697e-11	-4.0944387e-11	-4.1583646e-11	-4.1891712e-11	-4.2063672e-11	-4.2375582e-11	-4.2295174e-11	-4.2872102e-11	-4.3511889e-11	-4.3689687e-11	-4.4081586e-11	-4.4675916e-11	-4.5006502e-11	-4.6174897e-11	-4.8139295e-11	-5.0976258e-11	-7.9047213e-11	-9.260525e-11	-9.3197616e-11	-9.2955345e-11	-8.9569623e-11	-8.7101659e-11	-8.707432e-11	-9.2410996e-11	-1.0168916e-10	-1.0557535e-10	-1.055737e-10	-1.0666643e-10
	25	-5.9601456e-11	-3.824447e-11	-3.7363241e-11	-3.7300951e-11	-3.7765235e-11	-3.7381469e-11	-3.7582656e-11	-3.7673645e-11	-3.7092083e-11	-3.7500517e-11	-3.6958311e-11	-3.7226156e-11	-3.7335936e-11	-3.7421691e-11	-3.7360642e-11	-3.7204989e-11	-3.7658543e-11	-3.7771262e-11	-3.793324e-11	-3.7645397e-11	-3.7676806e-11	-3.7727349e-11	-3.873768e-11	-4.1152429e-11	-4.1446936e-11	-4.075917e-11	-4.1044414e-11	-4.182946e-11	-4.2651334e-11	-4.2819189e-11	-4.292788e-11	-4.3101345e-11	-4.355712e-11	-4.3937232e-11	-4.4318209e-11	-4.4994751e-11	-4.6007267e-11	-4.7463582e-11	-5.0159203e-11	-5.2979034e-11	-7.5021142e-11	-9.3254973e-11	-9.3748335e-11	-8.9310781e-11	-8.7526854e-11	-8.7664279e-11	-9.3181615e-11	-1.0218425e-10	-1.0666169e-10	-1.0661495e-10	-1.078964e-10
	23.3333333333333	-5.7082949e-11	-3.7421691e-11	-3.7096076e-11	-3.7510384e-11	-3.715268e-11	-3.735089e-11	-3.7392731e-11	-3.7111668e-11	-3.7403389e-11	-3.7515279e-11	-3.7541945e-11	-3.763282e-11	-3.7686524e-11	-3.7081539e-11	-3.7321965e-11	-3.7595874e-11	-3.7641935e-11	-3.7769114e-11	-3.8418276e-11	-3.7765614e-11	-3.740418e-11	-3.7683096e-11	-3.8156384e-11	-3.7678388e-11	-3.9743191e-11	-4.0803083e-11	-4.1267972e-11	-4.2069397e-11	-4.24796e-11	-4.2340857e-11	-4.2328242e-11	-4.2796253e-11	-4.3438451e-11	-4.3829333e-11	-4.4266011e-11	-4.4891486e-11	-4.5851767e-11	-4.7185832e-11	-4.9520662e-11	-5.2382029e-11	-5.5101795e-11	-8.0214779e-11	-9.3387693e-11	-9.0504632e-11	-8.8852328e-11	-8.8230659e-11	-9.2914711e-11	-1.027295e-10	-1.0686995e-10	-1.0681783e-10	-1.0705294e-10
	21.6666666666667	-5.9184206e-11	-3.7655153e-11	-3.7567404e-11	-3.729933e-11	-3.7291083e-11	-3.7313642e-11	-3.7005125e-11	-3.7241561e-11	-3.7108653e-11	-3.7534864e-11	-3.7519158e-11	-3.7118145e-11	-3.7103268e-11	-3.7433594e-11	-3.7687655e-11	-3.7320723e-11	-3.7076415e-11	-3.6680298e-11	-3.7336013e-11	-3.7557762e-11	-3.7688672e-11	-3.7551812e-11	-3.6961548e-11	-4.0684602e-11	-4.1685707e-11	-4.1558264e-11	-4.1532767e-11	-4.1714819e-11	-4.1712897e-11	-4.1783323e-11	-4.2506981e-11	-4.2856624e-11	-4.3135051e-11	-4.2997064e-11	-4.3667805e-11	-4.4753083e-11	-4.5401564e-11	-4.6635341e-11	-4.924039e-11	-5.1884379e-11	-5.458339e-11	-5.8597335e-11	-6.357672e-11	-7.193799e-11	-7.8665408e-11	-8.4320849e-11	-9.2181714e-11	-1.0201127e-10	-1.0741287e-10	-1.0699484e-10	-1.079805e-10
	20	-5.7454475e-11	-3.8319039e-11	-3.6996614e-11	-3.6731364e-11	-3.6451168e-11	-3.6364134e-11	-3.6753173e-11	-3.663311e-11	-3.6813431e-11	-3.6249042e-11	-3.6170934e-11	-3.6957746e-11	-3.7322381e-11	-3.7181903e-11	-3.6519371e-11	-3.6161331e-11	-3.6232885e-11	-3.6588631e-11	-3.7272706e-11	-3.7207702e-11	-3.709167e-11	-3.6766954e-11	-3.7034539e-11	-3.975803e-11	-4.0985475e-11	-4.1379521e-11	-4.064005e-11	-4.1051419e-11	-4.1254e-11	-4.1984322e-11	-4.2435951e-11	-4.250909e-11	-4.2036971e-11	-4.2726392e-11	-4.3269915e-11	-4.3882321e-11	-4.5149766e-11	-4.6428469e-11	-4.7865649e-11	-5.0391722e-11	-5.4002924e-11	-5.850774e-11	-6.3867994e-11	-7.1382754e-11	-7.8091346e-11	-8.2758293e-11	-9.1512853e-11	-1.0065804e-10	-1.0665984e-10	-1.0653307e-10	-1.0816933e-10
	18.3333333333333	-5.8128797e-11	-3.7301627e-11	-3.6758405e-11	-3.6523666e-11	-3.6672727e-11	-3.671875e-11	-3.6446346e-11	-3.7300912e-11	-3.6646176e-11	-3.654517e-11	-3.6932738e-11	-3.7339215e-11	-3.7294737e-11	-3.7030243e-11	-3.7107033e-11	-3.7347802e-11	-3.6721688e-11	-3.6804164e-11	-3.7059734e-11	-3.7317448e-11	-3.6905284e-11	-3.7315113e-11	-3.7522849e-11	-3.7460181e-11	-3.9483819e-11	-4.0428431e-11	-4.0892189e-11	-4.089671e-11	-4.1501358e-11	-4.2068644e-11	-4.1629214e-11	-4.1755606e-11	-4.2286702e-11	-4.2881445e-11	-4.3275415e-11	-4.4044265e-11	-4.464782e-11	-4.5900009e-11	-4.749386e-11	-5.0342574e-11	-5.4490405e-11	-5.8131621e-11	-6.2932604e-11	-7.043878e-11	-7.67389e-11	-8.1097254e-11	-9.0094918e-11	-1.0007271e-10	-1.0631569e-10	-1.0671136e-10	-1.0873741e-10
	16.6666666666667	-5.8097954e-11	-3.7387909e-11	-3.6870073e-11	-3.676771e-11	-3.6867964e-11	-3.7135128e-11	-3.6595713e-11	-3.6243432e-11	-3.6590023e-11	-3.6876963e-11	-3.7900814e-11	-3.8043287e-11	-3.7443309e-11	-3.7021244e-11	-3.7311119e-11	-3.7060525e-11	-3.7098411e-11	-3.7248302e-11	-3.7106356e-11	-3.7179496e-11	-3.7387985e-11	-3.7425684e-11	-3.7956516e-11	-3.9921778e-11	-4.0675789e-11	-4.0741507e-11	-4.0318575e-11	-4.1385662e-11	-4.1585378e-11	-4.1217241e-11	-4.17393e-11	-4.2112144e-11	-4.2748048e-11	-4.3421464e-11	-4.3368815e-11	-4.3764027e-11	-4.4711918e-11	-4.5912926e-11	-4.8269489e-11	-5.0807841e-11	-5.4115452e-11	-5.9439585e-11	-6.6005972e-11	-7.1554943e-11	-7.5923275e-11	-7.9975408e-11	-8.8562227e-11	-1.0013006e-10	-1.0558138e-10	-1.0629453e-10	-1.0881231e-10
	15	-5.9320958e-11	-3.865264e-11	-3.7539798e-11	-3.7512115e-11	-3.7068244e-11	-3.6995032e-11	-3.7458262e-11	-3.657933e-11	-3.693967e-11	-3.7097429e-11	-3.7736085e-11	-3.7827224e-11	-3.7172414e-11	-3.7062103e-11	-3.7141155e-11	-3.7392468e-11	-3.7433518e-11	-3.7028172e-11	-3.7156181e-11	-3.6933491e-11	-3.7199493e-11	-3.9248098e-11	-3.7860895e-11	-3.7419092e-11	-4.0022787e-11	-4.0882811e-11	-4.1255582e-11	-4.1228278e-11	-4.1334706e-11	-4.1599991e-11	-4.2213864e-11	-4.2782507e-11	-4.2961436e-11	-4.3066998e-11	-4.3445265e-11	-4.3862775e-11	-4.4619537e-11	-4.5605311e-11	-4.7548847e-11	-5.0005659e-11	-5.4374637e-11	-5.9491599e-11	-6.5557053e-11	-7.1301666e-11	-7.499508e-11	-7.8963343e-11	-8.7869829e-11	-9.9348335e-11	-1.0498234e-10	-1.0623947e-10	-1.0885261e-10
	13.3333333333333	-5.6914869e-11	-3.752865e-11	-3.7527783e-11	-3.7427079e-11	-3.711886e-11	-3.7230902e-11	-3.6903439e-11	-3.723866e-11	-3.730434e-11	-3.7615158e-11	-3.7891249e-11	-3.7370548e-11	-3.7577986e-11	-3.7684415e-11	-3.8091419e-11	-3.8536608e-11	-3.8194309e-11	-3.7590601e-11	-3.7728442e-11	-3.7655115e-11	-3.7445342e-11	-3.8004912e-11	-4.0106581e-11	-4.0593501e-11	-4.0478784e-11	-4.1149601e-11	-4.1754739e-11	-4.1916418e-11	-4.1693881e-11	-4.1520374e-11	-4.2041755e-11	-4.2420924e-11	-4.3143187e-11	-4.3262421e-11	-4.3351905e-11	-4.3597719e-11	-4.4329998e-11	-4.585881e-11	-4.7548656e-11	-5.0329393e-11	-5.4994235e-11	-6.1037543e-11	-6.6763858e-11	-7.0533308e-11	-7.3265692e-11	-7.7173358e-11	-8.6548796e-11	-9.7741794e-11	-1.0409735e-10	-1.0546866e-10	-1.0757346e-10
	11.6666666666667	-5.8404587e-11	-3.8336403e-11	-3.7339704e-11	-3.7286452e-11	-3.7285584e-11	-3.7373334e-11	-3.7258883e-11	-3.7424102e-11	-3.7650143e-11	-3.7936519e-11	-3.8104974e-11	-3.8271702e-11	-3.7428734e-11	-3.7343732e-11	-3.7368966e-11	-3.7904884e-11	-3.7348631e-11	-3.756424e-11	-3.7328331e-11	-3.7634892e-11	-3.9795313e-11	-4.0902358e-11	-4.054454e-11	-4.0673305e-11	-4.0821124e-11	-4.0979942e-11	-4.0777964e-11	-4.0987509e-11	-4.1149188e-11	-4.1164631e-11	-4.187518e-11	-4.2377199e-11	-4.2919859e-11	-4.2656382e-11	-4.2678527e-11	-4.3298577e-11	-4.4340771e-11	-4.5140537e-11	-4.6804741e-11	-5.007085e-11	-5.5077314e-11	-6.1240686e-11	-6.6460275e-11	-7.0293896e-11	-7.2122981e-11	-7.526809e-11	-8.508725e-11	-9.6960516e-11	-1.0373855e-10	-1.0490525e-10	-1.0738029e-10
	10	-5.440258e-11	-3.7360757e-11	-3.6619364e-11	-3.6906263e-11	-3.6590325e-11	-3.6933078e-11	-3.6173869e-11	-3.6747185e-11	-3.7093779e-11	-3.715012e-11	-3.7145863e-11	-3.7251917e-11	-3.6848077e-11	-3.676447e-11	-3.6888072e-11	-3.7193429e-11	-3.7314322e-11	-3.7263175e-11	-3.6718673e-11	-3.7125376e-11	-3.6973188e-11	-3.7020904e-11	-3.6462992e-11	-3.9196354e-11	-4.0103417e-11	-3.9972095e-11	-4.0446924e-11	-4.0756423e-11	-4.0417624e-11	-4.064148e-11	-4.114576e-11	-4.1502298e-11	-4.152689e-11	-4.2150217e-11	-4.2060359e-11	-4.2207425e-11	-4.32515e-11	-4.436472e-11	-4.589067e-11	-4.8767781e-11	-5.4738741e-11	-6.1472376e-11	-6.5643331e-11	-6.8586539e-11	-7.0664599e-11	-7.3829061e-11	-8.3629353e-11	-9.5344406e-11	-1.0241488e-10	-1.0396305e-10	-1.0636499e-10
	8.33333333333331	-5.8280158e-11	-3.7571318e-11	-3.7135846e-11	-3.69559e-11	-3.7091743e-11	-3.6690505e-11	-3.6561514e-11	-3.6618909e-11	-3.6580156e-11	-3.7325053e-11	-3.6685457e-11	-3.6570101e-11	-3.7138972e-11	-3.7252368e-11	-3.6843747e-11	-3.7193429e-11	-3.6699466e-11	-3.6484649e-11	-3.6893797e-11	-3.6642488e-11	-3.703883e-11	-3.7161191e-11	-3.6553042e-11	-3.8452359e-11	-4.0053367e-11	-4.0191885e-11	-4.0433101e-11	-3.9694269e-11	-4.0455736e-11	-4.1060988e-11	-4.0990371e-11	-4.1317533e-11	-4.1709584e-11	-4.1400952e-11	-4.2457832e-11	-4.2740367e-11	-4.3112118e-11	-4.4223833e-11	-4.525209e-11	-4.8468562e-11	-5.4980676e-11	-6.1125667e-11	-6.5537124e-11	-6.7543179e-11	-6.8734657e-11	-7.175488e-11	-8.1799442e-11	-9.4596157e-11	-1.0127642e-10	-1.0233485e-10	-1.0406134e-10
	6.66666666666666	-5.6882558e-11	-3.7597342e-11	-3.6698866e-11	-3.6791962e-11	-3.6391626e-11	-3.6449323e-11	-3.6770535e-11	-3.6987462e-11	-3.7176859e-11	-3.6753323e-11	-3.649734e-11	-3.6413091e-11	-3.7056306e-11	-3.7065684e-11	-3.7115432e-11	-3.6603432e-11	-3.6108304e-11	-3.6331556e-11	-3.6287681e-11	-3.6616613e-11	-3.6357053e-11	-3.6533609e-11	-3.6824238e-11	-3.9168221e-11	-4.006764e-11	-4.039721e-11	-4.017953e-11	-4.009679e-11	-4.0647204e-11	-4.064649e-11	-4.0540436e-11	-4.1150017e-11	-4.1037673e-11	-4.1798613e-11	-4.2324248e-11	-4.2865024e-11	-4.3515202e-11	-4.3886238e-11	-4.5371287e-11	-4.854946e-11	-5.5095015e-11	-6.1817128e-11	-6.5110993e-11	-6.6529081e-11	-6.8434126e-11	-7.1157615e-11	-8.0801581e-11	-9.3794091e-11	-1.012263e-10	-1.0234186e-10	-1.0504863e-10
	5	-5.7644965e-11	-3.8060648e-11	-3.767707e-11	-3.764427e-11	-3.7204954e-11	-3.7139725e-11	-3.7646754e-11	-3.7334281e-11	-3.7424969e-11	-3.7016838e-11	-3.7294588e-11	-3.7102592e-11	-3.7282195e-11	-3.6987913e-11	-3.6719013e-11	-3.6912667e-11	-3.7030507e-11	-3.6775354e-11	-3.7487524e-11	-3.7297786e-11	-3.638417e-11	-3.6462694e-11	-3.6684177e-11	-3.9341537e-11	-3.9891989e-11	-4.0132831e-11	-4.0405235e-11	-3.9851351e-11	-4.0411258e-11	-4.087464e-11	-4.1180784e-11	-4.1112922e-11	-4.0927817e-11	-4.1165949e-11	-4.2186071e-11	-4.2720896e-11	-4.3447565e-11	-4.4068253e-11	-4.492056e-11	-4.7093825e-11	-5.3604204e-11	-6.0147089e-11	-6.4404884e-11	-6.631859e-11	-6.6980373e-11	-6.9961766e-11	-7.8887306e-11	-9.2416304e-11	-1.0008743e-10	-1.0150544e-10	-1.0378819e-10
	3.33333333333331	-5.627275e-11	-3.7153884e-11	-3.6714985e-11	-3.6993186e-11	-3.6523402e-11	-3.6762475e-11	-3.6711179e-11	-3.6789214e-11	-3.6959515e-11	-3.6414222e-11	-3.6232281e-11	-3.6813767e-11	-3.6779947e-11	-3.6987122e-11	-3.6899372e-11	-3.6845367e-11	-3.6674459e-11	-3.6698526e-11	-3.6871953e-11	-3.7185557e-11	-3.9347674e-11	-3.9246443e-11	-3.932233e-11	-3.9629491e-11	-3.9942681e-11	-4.01192e-11	-4.0157159e-11	-4.0261103e-11	-4.009611e-11	-4.0394084e-11	-4.062747e-11	-4.1068746e-11	-4.0851555e-11	-4.0661703e-11	-4.1474164e-11	-4.2361382e-11	-4.3023012e-11	-4.3715483e-11	-4.4794019e-11	-4.7580783e-11	-5.4035575e-11	-6.0960341e-11	-6.4287499e-11	-6.5268756e-11	-6.6717798e-11	-6.9125997e-11	-7.8080722e-11	-9.1271109e-11	-9.8832831e-11	-9.979078e-11	-1.0247047e-10
	1.66666666666666	-5.7177329e-11	-3.729515e-11	-3.6893197e-11	-3.6749818e-11	-3.7181112e-11	-3.6822354e-11	-3.7239111e-11	-3.7063047e-11	-3.715396e-11	-3.6660751e-11	-3.6728127e-11	-3.7110724e-11	-3.7677635e-11	-3.7159196e-11	-3.6387445e-11	-3.6795615e-11	-3.7103456e-11	-3.7180287e-11	-3.693899e-11	-3.6983056e-11	-3.6845929e-11	-3.6999247e-11	-3.8170807e-11	-3.9635593e-11	-4.0038868e-11	-3.9318451e-11	-3.9190064e-11	-3.9482688e-11	-3.9844048e-11	-4.0283853e-11	-4.0751263e-11	-4.0616021e-11	-4.0615344e-11	-4.1436014e-11	-4.1531976e-11	-4.1919919e-11	-4.267103e-11	-4.3352356e-11	-4.4237766e-11	-4.7920033e-11	-5.4044762e-11	-6.0502492e-11	-6.3826902e-11	-6.4975678e-11	-6.5994862e-11	-6.8863006e-11	-7.9132936e-11	-9.1505019e-11	-9.8238882e-11	-9.9923493e-11	-1.0273542e-10
	0	-5.2417883e-11	-3.8519132e-11	-3.7245214e-11	-3.7152604e-11	-3.6852674e-11	-3.7203973e-11	-3.695157e-11	-3.7660687e-11	-3.7551472e-11	-3.7032728e-11	-3.7285248e-11	-3.7364861e-11	-3.7782371e-11	-3.7536144e-11	-3.7223481e-11	-3.7191208e-11	-3.7112494e-11	-3.727376e-11	-3.7863906e-11	-3.7467262e-11	-3.7110422e-11	-3.7388325e-11	-3.7961599e-11	-4.014266e-11	-4.044828e-11	-4.009133e-11	-4.0187478e-11	-3.987331e-11	-4.0795967e-11	-4.1084112e-11	-4.1073943e-11	-4.1035227e-11	-4.1732971e-11	-4.2158277e-11	-4.2244784e-11	-4.2380252e-11	-4.2520237e-11	-4.3636133e-11	-4.4883767e-11	-4.7927037e-11	-5.3924813e-11	-5.9687172e-11	-6.2775035e-11	-6.3966964e-11	-6.5380756e-11	-6.8421581e-11	-7.876913e-11	-9.1165617e-11	-9.8293942e-11	-9.9824482e-11	-1.0281315e-10
