I1_784
																																										
		350	352	354	356	358	360	362	364	366	368	370	372	374	376	378	380	382	384	386	388	390	392	394	396	398	400	402	404	406	408	410	412	414	416	418	420	422	424	426	428	430
	325	-1.2542616e-12	-3.9335397e-12	-4.6841988e-12	-4.4693802e-12	-5.0537283e-12	-4.6081988e-12	-3.8957279e-12	-3.7523149e-12	-2.5348859e-12	-1.8679851e-14	-1.8755173e-13	-5.564788e-13	-1.5477161e-12	-6.9597507e-13	4.3660383e-12	8.4279268e-12	1.1430035e-11	3.5585642e-11	4.2377653e-11	5.1230246e-11	8.3008059e-11	8.1771576e-11	8.2457981e-12	3.1928987e-13	-3.2125578e-12	-2.9395156e-12	-4.3620463e-12	-3.6592925e-12	-4.1550617e-12	-4.2764056e-12	-2.448341e-12	-2.3105018e-12	-2.8890499e-12	-2.3434928e-12	-2.8091331e-12	-3.4903452e-12	-1.8273113e-12	-4.7724005e-13	2.9722053e-13	1.5014683e-12	3.0748691e-12
	326.875	1.4766874e-12	-3.6154551e-13	-1.707474e-12	-4.4424905e-13	-9.6638106e-13	-2.7165624e-12	-3.2978223e-12	-3.4319706e-12	-1.9614596e-12	-1.6691351e-13	-1.2208939e-12	-2.0251066e-12	-6.1703767e-13	2.0088371e-12	8.8618566e-12	1.2645204e-11	2.8709651e-11	4.1391234e-11	4.0491215e-11	6.843439e-11	9.2251873e-11	4.6959638e-11	9.2123297e-12	-1.1464758e-12	-3.7319783e-12	-3.6153045e-12	-3.9367784e-12	-4.373646e-12	-2.731627e-12	-3.2545121e-12	-2.6178155e-12	-1.8228672e-12	-2.9398923e-12	-2.3646582e-12	-3.5234116e-12	-2.4889394e-12	-1.4566517e-12	7.8877177e-13	6.1696232e-13	8.6386779e-13	3.3016636e-12
	328.75	3.3915227e-12	-1.5045566e-12	-8.347935e-13	-2.7005943e-12	-2.8933431e-12	-1.9639453e-12	-2.4884875e-12	-3.1837094e-12	-1.2863487e-12	-9.5184386e-13	-1.8183479e-12	-1.6990379e-12	-8.6921566e-14	5.8594475e-12	1.3122821e-11	1.6685023e-11	3.6542307e-11	4.6259899e-11	7.7559799e-11	9.6208388e-11	8.1621758e-11	4.24068e-11	3.4871817e-12	-1.9805162e-12	-3.0466235e-12	-3.6210288e-12	-4.2532063e-12	-4.3197156e-12	-3.6290129e-12	-2.4059346e-12	-1.9969363e-12	-2.2445949e-12	-2.9511905e-12	-2.4981289e-12	-3.4651123e-12	-1.1535561e-12	-8.3758044e-13	-3.1559908e-13	1.0336435e-12	2.7472185e-12	5.8849817e-12
	330.625	2.1909657e-12	3.0309566e-13	2.01185e-13	-3.6915303e-13	-4.1140865e-13	3.7322042e-13	-2.3455266e-12	-7.7973316e-13	-4.0862173e-13	1.7162113e-12	3.7684339e-12	1.0837326e-12	2.883476e-12	1.0019857e-11	1.4970395e-11	2.4007074e-11	5.3985448e-11	5.1261578e-11	7.3238422e-11	9.5241634e-11	5.7086981e-11	1.1030527e-11	-2.1246824e-12	-2.7955752e-12	-3.6714191e-12	-3.6308959e-12	-2.8876187e-12	-3.6551495e-12	-3.0978423e-12	-3.3848944e-12	-4.5671483e-12	-4.6792275e-12	-3.3937824e-12	-2.6818391e-12	-2.1157191e-12	-1.1064799e-13	4.9019545e-13	-4.4891901e-13	1.8385341e-12	5.1525507e-12	8.0011527e-12
	332.5	6.9398658e-12	1.519395e-12	9.4062085e-13	1.0438873e-12	3.2930771e-13	9.1561394e-13	1.5358904e-12	2.8551549e-12	3.8763706e-12	2.8943224e-12	2.9570656e-12	2.9232461e-12	9.4060584e-12	1.2826354e-11	2.0605533e-11	5.0335645e-11	5.853331e-11	7.6761833e-11	1.0909341e-10	9.0577691e-11	4.3677711e-11	6.8631129e-12	-1.503954e-12	-3.7974329e-12	-4.1839852e-12	-4.2235295e-12	-2.368349e-12	-1.6568576e-12	-1.9010514e-12	-9.2389941e-13	-1.6931628e-12	-3.2524031e-12	-2.5402339e-12	-1.961761e-12	1.254111e-13	6.0378097e-13	2.3726423e-13	2.5137958e-12	5.0800909e-12	8.3574259e-12	1.2409146e-11
	334.375	5.99691e-12	1.838007e-12	-5.8894258e-13	-3.046774e-13	2.1615901e-12	5.4819338e-13	-4.8635401e-13	-1.0050965e-12	-1.6043581e-12	-1.8636917e-12	1.037033e-12	5.1082615e-12	1.1684774e-11	1.3386825e-11	3.0779497e-11	5.7664776e-11	6.9867764e-11	8.8036252e-11	9.461254e-11	3.2863656e-11	3.0344212e-12	-1.2349791e-12	-3.2742465e-12	-3.0964866e-12	-3.5234116e-12	-3.4997604e-12	-2.1490867e-12	-1.9943001e-12	-1.4027213e-12	-1.2248107e-12	-2.3072629e-12	-3.2242327e-12	-1.4202712e-12	-5.177633e-13	-1.9169444e-13	-7.6986594e-13	1.9852613e-12	3.360716e-12	1.9476757e-12	9.1199851e-12	1.1392901e-11
	336.25	4.8215104e-12	-1.5065902e-12	-8.2326924e-13	-2.5800037e-12	-3.833663e-12	-2.4985808e-12	-1.793115e-12	-4.5517073e-13	-3.372165e-13	6.8987399e-13	2.233146e-12	5.5975528e-12	1.3809532e-11	2.3821329e-11	4.5876507e-11	7.525381e-11	7.2148593e-11	8.3517089e-11	6.983613e-11	3.168163e-11	1.7815908e-12	-2.2303591e-12	-2.4644598e-12	-2.2627475e-12	-3.0852636e-12	-2.8098864e-12	-1.5821382e-12	-6.470911e-13	-1.9111446e-12	-2.2294553e-12	-2.7234168e-12	-1.563383e-12	-2.005071e-13	-2.1542086e-13	-8.5565767e-13	1.2202914e-12	3.5542183e-12	6.7427483e-12	1.0018576e-11	1.2999745e-11	1.2928792e-11
	338.125	3.8097858e-12	-1.8816183e-12	-2.7874404e-12	-2.5526619e-12	-1.1057266e-13	3.306409e-12	1.8261061e-12	-1.1328426e-13	-2.6803327e-12	-4.1344233e-12	-1.0657307e-12	9.0039894e-12	1.654967e-11	3.691018e-11	7.4747049e-11	8.8904113e-11	8.9355898e-11	9.9542215e-11	2.75457e-11	5.5057356e-12	-5.3327964e-13	-3.4468845e-12	-3.6570326e-12	-3.8579916e-12	-4.7764678e-12	-4.796353e-12	-4.2594578e-12	-2.5629811e-12	-1.3241604e-12	-2.2055782e-12	-2.3530587e-12	-6.6064911e-13	1.2810763e-12	3.8204813e-12	7.3071358e-12	8.8902531e-12	9.4267719e-12	1.1520572e-11	1.1895224e-11	1.2422327e-11	1.3907676e-11
	340	1.2677743e-11	-1.2013856e-12	-1.7125959e-12	5.9007237e-13	3.1809978e-12	2.8506357e-12	1.9120484e-12	-2.0419035e-12	-4.1552122e-12	-2.32647e-12	3.25519e-12	1.4952619e-11	2.9547833e-11	5.800636e-11	8.7085616e-11	8.7128547e-11	9.1464537e-11	6.7656915e-11	2.9499101e-11	3.4176596e-12	-2.4188147e-12	-3.7699405e-12	-5.1574465e-12	-5.526675e-12	-4.1774323e-12	-3.6314233e-12	-1.6121164e-12	-1.6200252e-12	-1.2151695e-12	-1.0219686e-12	-1.5328023e-12	2.3808525e-12	4.504857e-12	6.3532582e-12	8.5375205e-12	9.9625369e-12	1.0876268e-11	1.2309721e-11	1.3727431e-11	1.2628031e-11	1.3525492e-11
	341.875	1.3733758e-11	7.6963999e-13	4.8462162e-13	4.2905657e-12	5.0172722e-12	1.8597749e-12	-1.5450045e-12	-1.8566114e-12	-3.8576152e-12	1.2993042e-12	1.5893013e-11	2.7936847e-11	5.6532685e-11	8.9898818e-11	9.6068362e-11	6.6904447e-11	6.1615789e-11	4.7391008e-11	5.984708e-12	-1.0194076e-12	-3.6127434e-12	-4.7767693e-12	-5.4764353e-12	-4.5289601e-12	-3.7768699e-12	-2.5583864e-12	-1.5577339e-12	-9.5485674e-13	-7.9924153e-13	-9.9063466e-13	9.5847223e-13	4.3832871e-12	6.0344204e-12	7.9350953e-12	1.0511107e-11	1.0759595e-11	1.2587734e-11	1.3934265e-11	1.3008181e-11	1.4027438e-11	1.5559035e-11
	343.75	1.9394054e-11	4.6264268e-12	5.245498e-12	5.2009074e-12	2.6843248e-12	-1.4958945e-13	-3.3556695e-12	-3.8003706e-12	-1.3372665e-12	7.8896004e-12	2.5368142e-11	5.5511019e-11	8.1294409e-11	1.0831767e-10	1.0133058e-10	9.49823e-11	8.8749855e-11	3.6173682e-11	2.6920829e-12	-1.9328374e-12	-3.3141671e-12	-4.9614588e-12	-5.1288244e-12	-3.611237e-12	-2.0904862e-12	-2.1963889e-12	-1.3425389e-12	-8.9753671e-13	-1.2111774e-12	1.7541736e-12	4.6137725e-12	6.6133453e-12	8.1709283e-12	9.8989653e-12	1.0673501e-11	1.1263875e-11	1.4310423e-11	1.3825575e-11	1.3042904e-11	1.5481227e-11	1.6963262e-11
	345.625	2.4943929e-11	1.0036427e-11	7.0590252e-12	4.7760914e-12	-2.0065775e-13	-4.008184e-12	-3.9318826e-12	-2.4676988e-12	5.2494146e-12	2.097009e-11	5.2796791e-11	8.2177563e-11	1.2216426e-10	1.2524237e-10	8.4502974e-11	7.0099683e-11	6.835605e-11	1.8585021e-11	1.5196209e-12	-3.3426389e-12	-5.1926219e-12	-4.0930718e-12	-3.2585041e-12	-2.731627e-12	-1.6788516e-12	-2.2184583e-12	-1.2579524e-12	-5.9120222e-13	8.0338421e-13	4.3737969e-12	7.1034654e-12	8.1890059e-12	1.0279492e-11	1.0319487e-11	1.1318559e-11	1.4561999e-11	1.5325914e-11	1.2972177e-11	1.344874e-11	1.6736168e-11	1.6914605e-11
	347.5	4.2391663e-11	1.2140246e-11	4.7495029e-12	7.5721184e-13	-2.6324279e-12	-3.5103055e-12	-4.2325679e-12	4.4839176e-12	2.9129796e-11	5.4842988e-11	8.8925055e-11	1.2125513e-10	1.4112198e-10	9.0467724e-11	6.7558847e-11	9.6586052e-11	3.945546e-11	5.5302902e-12	-2.7501562e-12	-5.1631711e-12	-4.3848692e-12	-4.7394098e-12	-2.0519966e-12	-2.1179788e-12	-2.0248055e-12	-8.1596302e-13	3.2847916e-13	1.7382806e-12	4.8180457e-12	6.0127276e-12	7.6054111e-12	9.6324762e-12	1.0003738e-11	1.1518312e-11	1.4881891e-11	1.4761527e-11	1.4020885e-11	1.3047273e-11	1.3502971e-11	1.5748545e-11	1.4167387e-11
	349.375	2.8335301e-11	1.17787e-11	4.3334242e-12	9.0853372e-13	-2.6566815e-12	-3.52891e-12	2.0400205e-12	2.1947695e-11	4.8162457e-11	9.88961e-11	1.320197e-10	1.4714947e-10	1.297034e-10	8.3298653e-11	8.4422837e-11	7.0670921e-11	2.571417e-11	1.574606e-12	-2.0767776e-12	-2.4097007e-12	-2.1194851e-12	-2.2795444e-12	-2.7974584e-13	5.6868095e-13	-3.1913922e-13	-9.8174669e-13	2.9021558e-13	1.1735917e-12	3.8033834e-12	5.8414454e-12	8.9075769e-12	9.6406858e-12	1.0836121e-11	1.0852316e-11	1.3215844e-11	1.5000372e-11	1.4448413e-11	1.6082901e-11	1.6795596e-11	1.1167011e-11	7.4705849e-12
	351.25	2.406929e-11	7.9918129e-12	1.4717914e-12	-2.0502643e-12	-3.5347851e-12	-6.2517244e-15	1.9360912e-11	4.888389e-11	1.0275975e-10	1.364298e-10	1.5247872e-10	1.5822955e-10	9.6563528e-11	5.216981e-11	4.7840228e-11	4.0679442e-11	6.7571348e-12	-8.0127522e-13	-2.3471834e-12	-3.0960347e-12	-3.1095172e-12	-1.3340276e-12	4.4778916e-13	6.9665297e-13	-1.4687786e-13	-1.1365334e-12	1.0925453e-12	3.723015e-12	6.76655e-12	7.664991e-12	9.3852695e-12	1.0619721e-11	1.1428528e-11	1.3604656e-11	1.5182652e-11	1.4629185e-11	1.5826503e-11	1.7268693e-11	1.4859896e-11	6.7492262e-12	3.0157415e-12
	353.125	4.6308932e-11	7.8230165e-12	1.8928414e-13	-3.189208e-12	-2.419568e-12	2.0183202e-11	5.8995864e-11	1.3002653e-10	1.5783434e-10	1.6439941e-10	1.6633714e-10	1.390983e-10	7.7104927e-11	7.9096216e-11	5.4297053e-11	2.4180916e-11	5.0749691e-12	-2.9167684e-12	-2.2178557e-12	-2.7239441e-12	-1.5966e-12	-5.3817557e-13	9.3775865e-14	-3.6576354e-13	-9.2435131e-13	1.4217024e-12	3.6993637e-12	6.1475538e-12	7.6088753e-12	9.262419e-12	9.9848324e-12	1.1065025e-11	1.2485823e-11	1.3862182e-11	1.6000045e-11	1.6386824e-11	1.7077903e-11	1.6995726e-11	1.1660294e-11	4.0544317e-12	1.3017897e-12
	355	5.5546571e-11	1.0581759e-11	-2.211378e-12	-1.8989424e-12	2.0177101e-11	7.4437623e-11	1.1502216e-10	1.5349971e-10	1.6547531e-10	1.9022928e-10	1.709534e-10	1.0400248e-10	8.8519671e-11	1.1694529e-10	5.4347218e-11	9.2963137e-12	3.4331758e-13	-3.4059092e-12	-2.9645225e-12	-1.1906899e-12	-1.6887187e-13	-2.0690948e-13	2.9111945e-13	-5.6664726e-13	1.3413338e-12	4.2797948e-12	5.5140961e-12	7.7018981e-12	9.0531749e-12	9.3244848e-12	1.1607418e-11	1.2546759e-11	1.3950534e-11	1.5734912e-11	1.5455845e-11	1.5746888e-11	1.8606713e-11	1.4061408e-11	5.2607129e-12	1.9770513e-12	1.5227092e-12
	356.875	3.8766265e-11	2.9764234e-12	2.0466489e-12	2.4065147e-11	5.9073975e-11	7.0957296e-11	8.2057798e-11	1.4007689e-10	1.7602288e-10	1.5776083e-10	1.1321579e-10	6.5350933e-11	8.0352211e-11	8.4911973e-11	2.1933911e-11	5.1652801e-12	-9.384365e-13	-3.0624411e-12	-1.651585e-12	4.7083767e-13	6.8354697e-13	7.4787192e-13	-4.1344234e-13	2.2670409e-12	3.1394954e-12	5.442917e-12	7.7743584e-12	9.0970122e-12	8.9669314e-12	1.0639154e-11	1.3026861e-11	1.4422126e-11	1.6435256e-11	1.4402768e-11	1.5293451e-11	1.8416074e-11	1.6391419e-11	8.4469836e-12	3.9828002e-12	2.6447807e-12	2.6917062e-12
	358.75	4.0819015e-11	1.617419e-11	5.043168e-11	8.1691806e-11	8.1818427e-11	6.341222e-11	5.766387e-11	5.4951751e-11	7.799892e-11	9.5927814e-11	8.1799144e-11	9.2417657e-11	1.2823831e-10	6.557991e-11	1.4710986e-11	-2.6438014e-14	-1.7568099e-12	-6.3330721e-13	-3.7563071e-13	1.6254484e-13	-5.6032018e-13	-3.0000744e-13	2.8224651e-12	4.9707235e-12	5.9219647e-12	8.0342191e-12	8.7717715e-12	8.063444e-12	9.0831526e-12	1.1907877e-11	1.3358504e-11	1.4903658e-11	1.4495037e-11	1.4259053e-11	1.6512234e-11	1.6347054e-11	8.8143286e-12	5.5190674e-12	3.6004661e-12	3.5021708e-12	4.2485364e-12
	360.625	8.4246055e-11	7.1806103e-11	7.7448693e-11	9.3802452e-11	1.2173727e-10	1.3047891e-10	1.451838e-10	1.6496854e-10	9.2870191e-11	3.6105743e-11	2.6328799e-11	1.3103298e-10	8.8258303e-11	3.5054397e-11	8.5735993e-12	7.5080952e-13	-5.818623e-13	5.287603e-13	-1.0842599e-12	-1.1386423e-12	8.5038514e-13	1.9026332e-12	4.896757e-12	6.3652347e-12	6.7749109e-12	7.6816366e-12	8.6193205e-12	8.9225667e-12	1.1007403e-11	1.4259656e-11	1.455989e-11	1.4121817e-11	1.3689544e-11	1.4682061e-11	1.5625997e-11	1.1819977e-11	6.7590178e-12	4.5001117e-12	4.7967299e-12	4.404001e-12	3.9159899e-12
	362.5	9.5003616e-11	4.7169938e-11	4.1803547e-11	7.3335817e-11	8.8493081e-11	1.2835392e-10	1.5840808e-10	1.4561606e-10	1.0721052e-10	3.3025066e-10	3.9680403e-10	2.6009486e-10	9.000773e-11	3.2978072e-11	6.8405915e-12	1.1113005e-12	1.1524262e-12	4.4221536e-13	-7.5879364e-13	5.2597336e-13	2.7315515e-12	4.703707e-12	4.7560558e-12	6.259558e-12	7.145947e-12	7.6366699e-12	7.6437502e-12	1.0535134e-11	1.314248e-11	1.5912672e-11	1.4731322e-11	1.3300205e-11	1.4306883e-11	1.444781e-11	1.2940844e-11	8.7417937e-12	4.3858485e-12	4.3151207e-12	5.2931769e-12	3.9782058e-12	3.3215488e-12
	364.375	6.2209703e-11	2.4073507e-11	1.2812495e-11	1.5292245e-11	3.851951e-11	6.585122e-11	8.624864e-11	9.7578043e-11	9.0011575e-11	2.8526612e-10	3.2798084e-10	1.6235058e-10	7.740697e-11	2.0575179e-11	4.6826922e-12	1.6505305e-12	5.9466706e-13	-5.7380283e-13	1.0069042e-12	3.6590665e-12	5.2808994e-12	5.3363364e-12	5.0811456e-12	5.7051126e-12	4.6487219e-12	5.7597213e-12	9.2441159e-12	1.1143661e-11	1.2932332e-11	1.3730217e-11	1.3071376e-11	1.1895977e-11	1.4250392e-11	1.3223904e-11	9.261817e-12	5.6740801e-12	5.8855841e-12	5.2857198e-12	5.4225799e-12	1.1076398e-11	1.1298523e-11
	366.25	4.0928382e-11	2.1111997e-12	-2.2006823e-12	-2.7350164e-12	-7.5397303e-14	2.4860999e-11	5.1496057e-11	4.9421536e-11	5.5200542e-11	6.5458042e-11	1.2151785e-10	1.198683e-10	6.1363761e-11	1.3483388e-11	2.8624611e-12	5.7335094e-13	6.9605042e-13	1.2542616e-12	3.3875307e-12	4.724571e-12	5.4478882e-12	5.8903295e-12	4.3287544e-12	3.5917287e-12	4.9625135e-12	7.351124e-12	8.6969772e-12	1.116106e-11	1.3188954e-11	1.1859446e-11	1.1603502e-11	1.256235e-11	1.2571389e-11	1.1453083e-11	7.8819182e-12	5.3132876e-12	1.0393303e-11	1.8114709e-11	1.5262644e-11	1.1864718e-11	9.7691855e-12
	368.125	8.0037886e-12	-3.0641735e-12	-4.047276e-12	-1.8943477e-12	-8.4383217e-13	1.6299676e-13	1.9981415e-12	6.6879141e-12	1.0570386e-11	4.1438464e-11	8.9282082e-11	7.470969e-11	3.300353e-11	6.8774994e-12	1.8620346e-12	1.5505782e-12	2.1073583e-12	3.4440222e-12	5.5875352e-12	6.1287989e-12	4.4072398e-12	3.9323345e-12	3.6889693e-12	3.3354831e-12	5.717767e-12	8.6702381e-12	1.0433526e-11	1.0543721e-11	1.0658662e-11	1.0820605e-11	9.8681584e-12	1.1436588e-11	1.0713799e-11	8.365259e-12	1.7755424e-11	2.8851029e-11	2.1811362e-11	1.635323e-11	1.0817215e-11	9.2734917e-12	7.031081e-12
	370	-6.2148165e-13	-4.2081638e-12	-3.6647157e-12	-1.6214562e-12	-1.3616708e-12	2.8592225e-13	4.7912309e-13	1.7465661e-12	4.8832748e-12	8.0449146e-12	8.6756609e-12	6.5765128e-12	4.578748e-12	2.6243684e-12	1.3331237e-12	2.9224928e-12	4.4592871e-12	4.8807889e-12	6.1565926e-12	5.7210812e-12	2.4448761e-12	1.8841792e-12	2.4870564e-12	4.8336374e-12	8.6252706e-12	9.4133642e-12	1.0628082e-11	1.1078131e-11	9.4714375e-12	8.2654578e-12	1.0504629e-11	1.3996557e-11	3.547123e-11	4.6982536e-11	3.4458752e-11	2.2878224e-11	1.7390414e-11	1.1009965e-11	7.5920789e-12	5.6351386e-12	3.5757603e-12
	371.875	8.4488666e-13	-2.4875085e-12	-2.9355236e-12	-1.3289057e-12	5.0541049e-13	1.5508795e-12	2.3337009e-12	4.9102397e-12	4.5168331e-12	3.503376e-12	3.6450565e-12	3.2998558e-12	2.3163769e-12	2.1785375e-12	4.1126555e-12	4.7099586e-12	6.5500747e-12	7.0098402e-12	5.4849467e-12	3.4968228e-12	1.7147802e-12	2.6531414e-12	4.2947087e-12	7.0000481e-12	9.9229175e-12	1.0113106e-11	1.0820153e-11	1.0243714e-11	8.6675259e-12	2.7470529e-11	6.2327504e-11	7.0731782e-11	5.5711977e-11	3.7000718e-11	2.4454109e-11	1.4964519e-11	1.1586629e-11	7.0952554e-12	3.6952962e-12	1.6686079e-12	-1.3952643e-12
	373.75	2.975896e-12	-1.7558307e-12	-2.1273187e-12	-1.497401e-13	4.2903401e-13	2.0255588e-12	4.1058012e-12	4.689396e-12	3.3347301e-12	2.2760043e-12	2.2929516e-12	1.0727357e-12	1.528057e-12	3.6522122e-12	5.9273125e-12	6.2527787e-12	7.1914415e-12	4.9143827e-12	2.8459657e-12	1.8897531e-12	2.2898636e-12	5.229304e-12	6.409599e-12	7.2477822e-12	8.5293101e-12	1.0191742e-11	1.139275e-11	7.3594998e-11	1.1566081e-10	1.1284151e-10	8.018243e-11	5.9336695e-11	3.9927204e-11	2.5473743e-11	1.603394e-11	1.0523008e-11	7.0861411e-12	3.3641809e-12	5.2830835e-13	-1.1079863e-12	-2.930477e-12
	375.625	4.3331983e-12	-1.3344795e-12	-2.8245742e-14	1.6381778e-12	3.0658306e-12	4.549975e-12	5.4649861e-12	4.3182844e-12	4.2510218e-12	2.829169e-12	1.2142657e-12	6.6027246e-13	2.4894667e-12	5.3470318e-12	6.4481641e-12	8.6017703e-12	7.1488089e-12	4.8686623e-12	2.7162612e-12	3.272514e-12	4.7450589e-12	7.9430039e-12	9.607243e-12	9.6943157e-12	2.4146194e-11	1.111476e-10	1.8471058e-10	1.9176306e-10	1.3970269e-10	9.0887194e-11	6.376262e-11	4.1042041e-11	2.4022666e-11	1.7004389e-11	1.1472968e-11	6.6815867e-12	3.2700283e-12	-4.4688531e-13	-2.324135e-12	-3.028245e-12	-2.8845305e-12
	377.5	1.0388106e-11	2.173491e-12	1.7007703e-12	4.047276e-12	3.7624084e-12	4.5209006e-12	5.3596862e-12	3.7061426e-12	3.460367e-12	2.0886784e-12	2.7251493e-12	3.2910432e-12	3.405608e-12	4.7580893e-12	5.3470318e-12	5.3092205e-12	5.0177245e-12	3.3994316e-12	4.5737767e-12	1.2893797e-10	1.9069213e-10	1.5087347e-10	1.1126887e-10	1.6908602e-10	2.6532762e-10	2.9321806e-10	2.4610802e-10	1.6870587e-10	1.0781882e-10	7.0611718e-11	4.4993811e-11	2.7830342e-11	1.7498577e-11	1.3093672e-11	7.5940374e-12	1.1559664e-12	-1.1926482e-12	-3.4504246e-12	-2.6687331e-12	-2.3508743e-12	-2.0433347e-12
	379.375	4.2209233e-11	1.0010969e-11	2.9169943e-12	-1.6729012e-13	4.3837391e-14	8.8653972e-14	1.751688e-12	2.8517655e-12	3.1820523e-12	2.264706e-12	2.2796951e-12	2.4989574e-12	4.2310617e-12	3.5390033e-12	4.3843418e-12	3.651007e-12	3.7290405e-12	4.7622323e-12	2.6164182e-10	2.9730526e-10	2.9138422e-10	2.5612154e-10	2.2423241e-10	3.0042488e-10	3.4185038e-10	3.0188718e-10	2.0507607e-10	1.2817135e-10	8.1071608e-11	4.9555911e-11	3.0675629e-11	1.8501714e-11	1.3433449e-11	6.1820514e-12	2.1471284e-12	-2.3619466e-12	-2.6810106e-12	-3.5693579e-12	-3.4663175e-12	-2.5589136e-12	-2.4069139e-12
	381.25	3.8034964e-11	1.0425918e-11	5.7371248e-12	5.2288516e-12	5.0382871e-12	5.1752981e-12	4.3741733e-12	3.4956931e-12	2.9526217e-12	2.2220737e-12	2.5545449e-12	3.4028965e-12	3.1128314e-12	4.1384157e-12	3.1664608e-12	1.3690523e-12	9.2156447e-13	6.4663166e-12	1.8400301e-10	3.1755265e-10	3.058013e-10	2.3752372e-10	2.5254873e-10	3.4855155e-10	3.387505e-10	2.4247171e-10	1.5469613e-10	9.2183032e-11	5.4121402e-11	3.4332436e-11	2.0516954e-11	1.5278612e-11	8.0387381e-12	3.7550267e-12	-1.5177379e-12	-2.4422398e-12	-3.248637e-12	-2.9090103e-12	-3.9812186e-12	-1.941424e-12	3.3450491e-13
	383.125	1.09421e-11	5.4505246e-12	5.5920546e-12	4.6442026e-12	3.1719592e-12	3.8429273e-12	3.0311825e-12	2.8989925e-12	2.8855098e-12	3.4318954e-12	2.6755874e-12	3.0012043e-12	2.3178833e-12	1.3550424e-12	1.521504e-13	-6.6057375e-14	2.5660691e-12	7.306232e-12	1.9760421e-11	1.767248e-10	2.6228145e-10	2.7471439e-10	3.6028905e-10	3.7276435e-10	2.7647423e-10	1.7193123e-10	1.0082005e-10	6.2156523e-11	3.6379386e-11	2.2320916e-11	1.6218554e-11	1.0476685e-11	1.8416223e-12	-2.3574274e-12	-3.8317045e-12	-4.299529e-12	-3.8597242e-12	-2.4594886e-12	-2.4269495e-12	6.0626661e-13	3.319741e-12
	385	9.0174725e-12	5.9365017e-12	4.6453323e-12	3.3402285e-12	3.8987411e-12	4.5614992e-12	4.2797948e-12	3.0720823e-12	3.1167482e-12	2.0919174e-12	1.3072883e-12	2.1303315e-12	6.3398511e-13	-6.7865106e-14	4.1329172e-13	2.9066751e-12	4.0933732e-12	6.0674113e-12	1.1302063e-11	5.7904827e-11	1.8689975e-10	3.1394082e-10	3.733788e-10	2.9746172e-10	2.014991e-10	1.2659433e-10	7.5337951e-11	4.6321058e-11	2.694335e-11	1.6906169e-11	7.8331092e-12	2.5289354e-12	-2.4615975e-12	-3.5603194e-12	-4.174269e-12	-3.0984449e-12	-3.8265827e-12	-2.363227e-12	-1.1141627e-12	2.2384939e-12	4.0289729e-12
	386.875	9.1746688e-12	4.3768851e-12	4.1056503e-12	4.4436954e-12	4.4529601e-12	4.274899e-12	4.2024392e-12	2.1640758e-12	1.5502017e-12	1.0563908e-12	1.2238315e-12	1.2752011e-12	-1.8371031e-13	1.1884302e-12	1.0832807e-12	3.7920851e-12	4.3026173e-12	4.0452424e-12	1.1229754e-11	4.8578308e-11	1.9925986e-10	3.3007666e-10	3.3638772e-10	2.302535e-10	1.4441529e-10	8.5505138e-11	4.9151735e-11	2.9684619e-11	1.8711787e-11	1.2868233e-11	6.1120774e-12	-9.6547716e-13	-2.9292718e-12	-4.0823759e-12	-2.7346398e-12	-3.6527396e-12	-2.6390563e-12	-1.5690321e-12	1.3646083e-12	3.4614969e-12	5.1022355e-12
	388.75	8.977024e-12	4.0353749e-12	2.4154253e-12	4.2238305e-12	4.749051e-12	3.7529931e-12	3.1705281e-12	1.6561044e-12	1.4320215e-12	5.5421911e-13	3.0392418e-13	-3.2267936e-13	-1.7715729e-13	1.764568e-12	3.1965895e-12	2.551984e-12	1.6762154e-12	3.164653e-12	1.8451475e-11	7.0783678e-11	2.0880683e-10	2.7736904e-10	2.4135782e-10	1.6406573e-10	9.3264049e-11	5.4977287e-11	3.299035e-11	2.1106951e-11	1.5500962e-11	7.0873463e-12	5.5406851e-13	-3.4778417e-12	-3.8697422e-12	-3.4959943e-12	-3.9135041e-12	-2.9987187e-12	-1.5709152e-12	1.8596997e-13	1.2988522e-12	3.014687e-12	3.866428e-12
	390.625	2.3747062e-11	5.1423067e-12	3.4882362e-12	4.3624232e-12	5.3001063e-12	3.661326e-12	1.4173337e-12	2.182831e-13	6.8543004e-14	-3.1627701e-13	-9.6027992e-13	-4.7754135e-14	3.0212399e-12	2.6328046e-12	6.2961642e-13	-1.1689971e-13	1.3768858e-13	4.6498517e-12	2.1092112e-11	8.3548946e-11	1.8474161e-10	2.1745734e-10	1.6650775e-10	1.1882487e-10	7.0428087e-11	4.4370143e-11	2.5608042e-11	1.7367441e-11	6.1440137e-12	-1.3807272e-12	-2.620979e-12	-3.2212952e-12	-3.3668172e-12	-3.4629281e-12	-3.7622574e-12	-3.4999865e-12	-1.8712239e-12	-1.161239e-12	-8.0940999e-13	2.9089348e-12	3.1529029e-12
	392.5	5.6610493e-12	3.1876262e-12	5.0450664e-12	4.3241595e-12	3.1472535e-12	2.6059146e-12	1.1184561e-12	-2.6189454e-13	1.5990856e-13	-9.4965951e-13	4.9938471e-13	1.2703805e-12	2.2779625e-12	8.9497577e-13	-9.2472796e-13	-7.9314044e-14	1.4167311e-12	1.025343e-11	3.0827629e-11	1.0804765e-10	1.7239402e-10	1.588023e-10	1.2252604e-10	8.1450249e-11	5.2533165e-11	2.8571586e-11	1.710773e-11	9.1765519e-12	2.1182047e-12	-3.3590589e-12	-3.2457747e-12	-3.1809978e-12	-3.9880729e-12	-3.4403314e-12	-3.2707064e-12	-2.5076193e-12	-2.7210818e-12	-6.9891266e-13	1.8673073e-12	3.193426e-12	2.1423078e-12
	394.375	1.1286998e-11	4.974565e-12	5.5060366e-12	3.9383605e-12	1.9977648e-12	2.6957736e-13	-8.9633154e-15	-5.7749362e-13	8.6846241e-14	9.7557032e-13	2.2976217e-12	2.8263819e-12	7.9095611e-13	-1.9955051e-12	-2.496773e-12	-1.7708197e-13	4.9655263e-12	1.5804962e-11	6.4365041e-11	1.2938614e-10	1.3724478e-10	1.2042041e-10	9.2914787e-11	5.8726739e-11	2.7499301e-11	1.8597825e-11	1.4786082e-11	5.0624656e-12	-1.7162866e-12	-2.9851607e-12	-3.7714467e-12	-4.5523099e-12	-3.866654e-12	-4.6437507e-12	-3.7504318e-12	-2.775841e-12	-2.8846812e-12	-1.1193599e-12	1.9852613e-12	2.8318051e-12	3.1685698e-12
	396.25	6.5226574e-12	4.1428597e-12	3.4099013e-12	3.1428848e-12	1.0743927e-12	-9.3105504e-13	-9.4446228e-13	-8.1332673e-13	8.6002635e-13	2.6453833e-12	2.1438142e-12	-2.9993212e-13	-1.2861228e-12	-2.787064e-12	-1.7421221e-12	1.4943881e-12	8.9097618e-12	2.2056234e-11	7.3254243e-11	1.1660069e-10	1.1519005e-10	9.2867485e-11	6.1452718e-11	4.1809122e-11	2.2759064e-11	1.288616e-11	5.9302502e-12	-1.3163269e-12	-3.3526567e-12	-3.9129767e-12	-3.5860796e-12	-5.0492089e-12	-4.4047539e-12	-4.1201122e-12	-4.369202e-12	-3.1231506e-12	-1.030932e-12	3.7563071e-13	2.5010664e-12	3.5368943e-12	2.9157891e-12
	398.125	1.1998942e-11	7.2162974e-12	3.5141469e-12	2.104722e-12	3.1469524e-13	-1.2213459e-12	-1.2207433e-12	9.6592905e-13	2.3266959e-12	2.0565914e-12	-1.682693e-13	-1.2743725e-12	-2.8588458e-12	-2.5280316e-12	-9.1817491e-14	4.2652579e-12	1.1469353e-11	4.1143578e-11	9.4567576e-11	1.0442473e-10	9.6972305e-11	8.2654723e-11	4.9098406e-11	2.201315e-11	1.5834563e-11	1.1343566e-11	2.8057437e-12	-3.3424129e-12	-3.6725492e-12	-3.7505073e-12	-4.7345136e-12	-4.0043424e-12	-3.1944805e-12	-1.8554817e-12	2.4758336e-12	5.656229e-12	7.1525754e-12	7.2973442e-12	7.8833494e-12	6.3192129e-12	3.54759e-12
	400	6.6416664e-12	3.1736163e-12	8.5000854e-13	9.7165352e-15	-2.0163694e-13	-4.0410242e-13	-4.767128e-13	-1.0472015e-12	-8.2123555e-13	3.9995971e-14	-1.2239068e-12	-8.8495796e-13	-6.3398511e-13	-9.8016495e-13	-1.2846164e-12	2.4222041e-12	1.4118578e-11	5.9607784e-11	9.230091e-11	9.599161e-11	8.9148307e-11	6.7663389e-11	3.97276e-11	2.223776e-11	1.6896e-11	6.9847578e-12	-3.1614141e-12	-4.9963328e-12	-4.4848214e-12	-3.2751503e-12	-3.4354355e-12	-3.5377981e-12	-4.4922028e-13	3.7810879e-12	5.0659303e-12	6.5216031e-12	7.2569715e-12	4.1195099e-12	2.1862204e-12	1.9236481e-12	1.1547613e-12
