I1_1757
																																																				
		262.5	262.48	262.46	262.44	262.42	262.4	262.38	262.36	262.34	262.32	262.3	262.28	262.26	262.24	262.22	262.2	262.18	262.16	262.14	262.12	262.1	262.08	262.06	262.04	262.02	262	261.98	261.96	261.94	261.92	261.9	261.88	261.86	261.84	261.82	261.8	261.78	261.76	261.74	261.72	261.7	261.68	261.66	261.64	261.62	261.6	261.58	261.56	261.54	261.52	261.5
	70	-9.7393614e-11	-9.7213786e-11	-9.7267756e-11	-9.6650229e-11	-9.6872954e-11	-9.7324621e-11	-9.7677845e-11	-9.7190776e-11	-9.7600643e-11	-9.7299689e-11	-9.7657694e-11	-9.8044926e-11	-9.8799427e-11	-9.8758342e-11	-9.7859179e-11	-9.7424534e-11	-9.7358781e-11	-9.7546485e-11	-9.8135049e-11	-9.8097128e-11	-9.8477691e-11	-9.8884463e-11	-9.8553464e-11	-9.8147178e-11	-9.8656881e-11	-9.9292255e-11	-9.4515222e-11	-9.1329444e-11	-9.064454e-11	-9.0903195e-11	-9.1602524e-11	-9.1858132e-11	-9.2520887e-11	-9.3313912e-11	-9.3999267e-11	-9.5103869e-11	-9.5649648e-11	-9.5469709e-11	-9.6227859e-11	-9.6137473e-11	-9.6396884e-11	-9.6532948e-11	-9.6890995e-11	-9.7044497e-11	-9.7209116e-11	-9.6699489e-11	-9.6813411e-11	-9.6949143e-11	-9.6682273e-11	-9.6840487e-11	-9.6850583e-11
	70.8888888888889	-9.7101369e-11	-9.7365824e-11	-9.7167274e-11	-9.7811127e-11	-9.7571756e-11	-9.7226061e-11	-9.7088337e-11	-9.7015278e-11	-9.7261539e-11	-9.7305337e-11	-9.8476782e-11	-9.7673473e-11	-9.8580803e-11	-9.7614389e-11	-9.7032452e-11	-9.7116773e-11	-9.7529422e-11	-9.8179416e-11	-9.8685317e-11	-9.8493921e-11	-9.9462674e-11	-9.8131281e-11	-9.8734874e-11	-9.8204271e-11	-9.8641699e-11	-9.776175e-11	-9.4256304e-11	-9.1668922e-11	-9.1102161e-11	-9.0986281e-11	-9.1011434e-11	-9.1649938e-11	-9.2331226e-11	-9.3482562e-11	-9.515045e-11	-9.4650468e-11	-9.5085786e-11	-9.5392125e-11	-9.5749263e-11	-9.6126586e-11	-9.5951726e-11	-9.5980841e-11	-9.7239584e-11	-9.6816347e-11	-9.6632001e-11	-9.586857e-11	-9.6183457e-11	-9.6725891e-11	-9.6402566e-11	-9.6724309e-11	-9.6801775e-11
	71.7777777777778	-9.7564526e-11	-9.7657771e-11	-9.7338707e-11	-9.7289482e-11	-9.7437683e-11	-9.7795459e-11	-9.7648882e-11	-9.8108952e-11	-9.7707557e-11	-9.7868977e-11	-9.7791691e-11	-9.7560716e-11	-9.8459345e-11	-9.8155387e-11	-9.8199227e-11	-9.7436025e-11	-9.7608886e-11	-9.7246253e-11	-9.777535e-11	-9.8688967e-11	-9.8350168e-11	-9.7967606e-11	-9.8069032e-11	-9.8263245e-11	-9.8239146e-11	-9.8763574e-11	-9.3882895e-11	-9.099637e-11	-9.0669847e-11	-9.1199888e-11	-9.138236e-11	-9.2149552e-11	-9.2436524e-11	-9.3288606e-11	-9.412645e-11	-9.4982973e-11	-9.570806e-11	-9.5767075e-11	-9.4942755e-11	-9.6025958e-11	-9.6023661e-11	-9.6202366e-11	-9.6494916e-11	-9.6612301e-11	-9.5856635e-11	-9.6544626e-11	-9.6266647e-11	-9.7045628e-11	-9.6450771e-11	-9.6121729e-11	-9.6939123e-11
	72.6666666666667	-9.6404003e-11	-9.7187459e-11	-9.6722574e-11	-9.6986086e-11	-9.6438156e-11	-9.6629628e-11	-9.7328277e-11	-9.6291052e-11	-9.6455142e-11	-9.6928313e-11	-9.7011885e-11	-9.7089767e-11	-9.6696137e-11	-9.6157582e-11	-9.639229e-11	-9.6892577e-11	-9.6998104e-11	-9.828701e-11	-9.7244025e-11	-9.7064162e-11	-9.7479219e-11	-9.7784766e-11	-9.7771055e-11	-9.8731523e-11	-9.8695635e-11	-9.9273388e-11	-9.5828241e-11	-9.1950024e-11	-9.0924025e-11	-9.1594919e-11	-9.1990131e-11	-9.1960682e-11	-9.3166287e-11	-9.3368674e-11	-9.3993882e-11	-9.4674345e-11	-9.5509024e-11	-9.6269964e-11	-9.6298358e-11	-9.6205037e-11	-9.651898e-11	-9.6735002e-11	-9.6772139e-11	-9.6530089e-11	-9.6312895e-11	-9.5917309e-11	-9.803796e-11	-9.811494e-11	-9.7201247e-11	-9.7794293e-11	-9.6691467e-11
	73.5555555555556	-9.8043948e-11	-9.8352992e-11	-9.7903657e-11	-9.789048e-11	-9.8891208e-11	-9.8850456e-11	-9.7899182e-11	-9.7340441e-11	-9.7978604e-11	-9.7817268e-11	-9.8089821e-11	-9.7960563e-11	-9.8724029e-11	-9.8633268e-11	-9.7768342e-11	-9.8055883e-11	-9.9018196e-11	-9.8732467e-11	-9.8004854e-11	-9.7432708e-11	-9.7587008e-11	-9.7611565e-11	-9.8059387e-11	-9.8719248e-11	-9.8726215e-11	-9.892695e-11	-9.3355004e-11	-9.1127585e-11	-9.043722e-11	-9.0168692e-11	-9.139358e-11	-9.2005646e-11	-9.2798748e-11	-9.290646e-11	-9.4028153e-11	-9.4586332e-11	-9.5373258e-11	-9.4990321e-11	-9.5940957e-11	-9.605413e-11	-9.5900808e-11	-9.5886313e-11	-9.6206806e-11	-9.671907e-11	-9.6448668e-11	-9.6626089e-11	-9.5714991e-11	-9.6158449e-11	-9.6267064e-11	-9.6738055e-11	-9.7105171e-11
	74.4444444444444	-9.7370341e-11	-9.6983713e-11	-9.7544264e-11	-9.7166296e-11	-9.7736486e-11	-9.7356935e-11	-9.7433346e-11	-9.7483667e-11	-9.7138124e-11	-9.7723073e-11	-9.8466651e-11	-9.754543e-11	-9.7529124e-11	-9.7838695e-11	-9.830068e-11	-9.7905732e-11	-9.7904636e-11	-9.7693097e-11	-9.7711401e-11	-9.7729588e-11	-9.8810238e-11	-9.918711e-11	-9.8263737e-11	-9.8119492e-11	-9.8671946e-11	-9.9651842e-11	-9.4665678e-11	-9.3078607e-11	-9.1675736e-11	-9.1487845e-11	-9.200482e-11	-9.22434e-11	-9.272761e-11	-9.3830735e-11	-9.4323986e-11	-9.5751407e-11	-9.6098907e-11	-9.5910037e-11	-9.5693564e-11	-9.6853595e-11	-9.693054e-11	-9.7691175e-11	-9.7238641e-11	-9.7372603e-11	-9.7584482e-11	-9.7690425e-11	-9.7793953e-11	-9.768978e-11	-9.6533136e-11	-9.7615326e-11	-9.7276603e-11
	75.3333333333333	-9.7429134e-11	-9.7686956e-11	-9.8166725e-11	-9.8345873e-11	-9.8489251e-11	-9.805242e-11	-9.8328588e-11	-9.7800698e-11	-9.750694e-11	-9.8209316e-11	-9.8231159e-11	-9.846108e-11	-9.8105711e-11	-9.7777043e-11	-9.812548e-11	-9.804086e-11	-9.9226842e-11	-9.9025767e-11	-9.9427272e-11	-9.867842e-11	-9.8203175e-11	-9.8644377e-11	-9.8737664e-11	-9.8923786e-11	-9.9777561e-11	-9.9038652e-11	-9.4826945e-11	-9.1583845e-11	-9.1000853e-11	-9.1409623e-11	-9.2337256e-11	-9.3466859e-11	-9.4420624e-11	-9.4261016e-11	-9.4807662e-11	-9.5329078e-11	-9.606814e-11	-9.6064483e-11	-9.6488664e-11	-9.6652374e-11	-9.7327334e-11	-9.7081558e-11	-9.6591402e-11	-9.6957012e-11	-9.7435719e-11	-9.7867429e-11	-9.7755387e-11	-9.7455002e-11	-9.7537221e-11	-9.795631e-11	-9.7425214e-11
	76.2222222222222	-9.8800031e-11	-9.8996429e-11	-9.8728664e-11	-9.7748531e-11	-9.8562915e-11	-9.8718644e-11	-9.8685914e-11	-9.8766322e-11	-1.0022753e-10	-9.8504128e-11	-9.8220501e-11	-9.8792537e-11	-1.0050385e-10	-1.0041339e-10	-9.8873056e-11	-9.9439887e-11	-9.8884463e-11	-9.8448159e-11	-9.8303657e-11	-9.8869704e-11	-9.9121877e-11	-9.9161838e-11	-9.9188879e-11	-9.9499999e-11	-1.0010378e-10	-1.0015824e-10	-9.5401159e-11	-9.2339358e-11	-9.2065494e-11	-9.1857376e-11	-9.2435587e-11	-9.219444e-11	-9.3119318e-11	-9.4295245e-11	-9.5485828e-11	-9.6151483e-11	-9.5948187e-11	-9.6029837e-11	-9.6327585e-11	-9.6312971e-11	-9.6911139e-11	-9.6820378e-11	-9.7555561e-11	-9.6791644e-11	-9.7200074e-11	-9.7448001e-11	-9.6385434e-11	-9.6468812e-11	-9.7456439e-11	-9.6976219e-11	-9.656289e-11
	77.1111111111111	-9.7836475e-11	-9.795733e-11	-9.8075242e-11	-9.7374483e-11	-9.7162001e-11	-9.7567496e-11	-9.784254e-11	-9.7680371e-11	-9.708849e-11	-9.7005674e-11	-9.7273668e-11	-9.7270053e-11	-9.7472891e-11	-9.7348386e-11	-9.8108348e-11	-9.8227246e-11	-9.7341267e-11	-9.7666548e-11	-9.7514732e-11	-9.8162617e-11	-9.7649486e-11	-9.9431227e-11	-9.8086206e-11	-9.8361992e-11	-9.7912171e-11	-9.823508e-11	-9.3697494e-11	-9.1334003e-11	-9.0434396e-11	-9.1028872e-11	-9.0963154e-11	-9.1683723e-11	-9.2604271e-11	-9.3857852e-11	-9.4214539e-11	-9.468952e-11	-9.5080589e-11	-9.5879797e-11	-9.5343428e-11	-9.5652021e-11	-9.6183832e-11	-9.6354397e-11	-9.6891557e-11	-9.6593775e-11	-9.6587863e-11	-9.6979987e-11	-9.724143e-11	-9.6791415e-11	-9.6568767e-11	-9.6260999e-11	-9.6088512e-11
	78	-9.6447496e-11	-9.7143814e-11	-9.7498953e-11	-9.7359461e-11	-9.8438861e-11	-9.7310049e-11	-9.7926632e-11	-9.8245509e-11	-9.8161375e-11	-9.7746762e-11	-9.834987e-11	-9.7991934e-11	-9.7373054e-11	-9.7781415e-11	-9.8020675e-11	-9.7943015e-11	-9.8244378e-11	-9.8479759e-11	-9.8578694e-11	-9.8121941e-11	-9.8531391e-11	-9.8405985e-11	-9.722527e-11	-9.749071e-11	-9.8528456e-11	-9.8527436e-11	-9.4230963e-11	-9.1711215e-11	-9.073866e-11	-9.1075349e-11	-9.1651443e-11	-9.1653476e-11	-9.2403307e-11	-9.3391989e-11	-9.4122876e-11	-9.4975215e-11	-9.5960691e-11	-9.6189293e-11	-9.6373722e-11	-9.6508204e-11	-9.6325475e-11	-9.606211e-11	-9.6947672e-11	-9.7405521e-11	-9.7777723e-11	-9.6536605e-11	-9.659272e-11	-9.682697e-11	-9.6079172e-11	-9.6711729e-11	-9.6333011e-11
	78.8888888888889	-9.6764305e-11	-9.6964096e-11	-9.6643978e-11	-9.6576899e-11	-9.6704721e-11	-9.7318972e-11	-9.7727819e-11	-9.716343e-11	-9.7605535e-11	-9.7391699e-11	-9.7618642e-11	-9.7188931e-11	-9.7800962e-11	-9.7990692e-11	-9.8470385e-11	-9.8373067e-11	-9.8642983e-11	-9.8124238e-11	-9.7920005e-11	-9.8032159e-11	-9.8183253e-11	-9.869202e-11	-9.8662155e-11	-9.8863716e-11	-9.774552e-11	-9.8684637e-11	-9.4531306e-11	-9.2419884e-11	-9.1873793e-11	-9.2001691e-11	-9.2096636e-11	-9.1947651e-11	-9.2411523e-11	-9.3277948e-11	-9.4037229e-11	-9.4700817e-11	-9.5306596e-11	-9.5406696e-11	-9.6784074e-11	-9.609883e-11	-9.592107e-11	-9.6448405e-11	-9.6440834e-11	-9.6839696e-11	-9.7287262e-11	-9.709817e-11	-9.6963979e-11	-9.6946583e-11	-9.7013654e-11	-9.7073613e-11	-9.6944772e-11
	79.7777777777778	-9.7378813e-11	-9.7153452e-11	-9.7124225e-11	-9.74602e-11	-9.7944861e-11	-9.714822e-11	-9.699961e-11	-9.6790215e-11	-9.7275174e-11	-9.7227497e-11	-9.7508258e-11	-9.7964442e-11	-9.7037718e-11	-9.7504491e-11	-9.7389853e-11	-9.7383074e-11	-9.7826157e-11	-9.8129928e-11	-9.7714226e-11	-9.8059574e-11	-9.7305525e-11	-9.7638224e-11	-9.7776141e-11	-9.7479934e-11	-9.8112678e-11	-9.8462627e-11	-9.3842149e-11	-9.1449924e-11	-9.0624806e-11	-9.093129e-11	-9.1113721e-11	-9.1666549e-11	-9.2877837e-11	-9.41228e-11	-9.3663334e-11	-9.4373655e-11	-9.5887707e-11	-9.6553175e-11	-9.6280622e-11	-9.6482294e-11	-9.6473711e-11	-9.6102827e-11	-9.6373305e-11	-9.6057821e-11	-9.6333871e-11	-9.7156089e-11	-9.636035e-11	-9.6487797e-11	-9.7258715e-11	-9.6689053e-11	-9.6678811e-11
	80.6666666666667	-9.7012454e-11	-9.7529609e-11	-9.7234949e-11	-9.771603e-11	-9.7823215e-11	-9.8133016e-11	-9.7417456e-11	-9.7624707e-11	-9.7370154e-11	-9.742529e-11	-9.8015554e-11	-9.7786383e-11	-9.8097239e-11	-9.823805e-11	-9.7817338e-11	-9.8360452e-11	-9.8435399e-11	-9.8187319e-11	-9.7057716e-11	-9.714566e-11	-9.8192669e-11	-9.8084506e-11	-9.7851012e-11	-9.8155609e-11	-9.7733585e-11	-9.8001579e-11	-9.4186672e-11	-9.1845399e-11	-9.1692723e-11	-9.1263309e-11	-9.1563583e-11	-9.1615632e-11	-9.2293638e-11	-9.3276144e-11	-9.4475906e-11	-9.5252216e-11	-9.4999057e-11	-9.5690587e-11	-9.5085752e-11	-9.5921222e-11	-9.696801e-11	-9.6501994e-11	-9.7026727e-11	-9.6541233e-11	-9.6225784e-11	-9.6365513e-11	-9.6507607e-11	-9.6387426e-11	-9.5976359e-11	-9.6503347e-11	-9.7048682e-11
	81.5555555555556	-9.6973964e-11	-9.6416236e-11	-9.6855704e-11	-9.6655087e-11	-9.7426608e-11	-9.7877109e-11	-9.7587646e-11	-9.717168e-11	-9.7561285e-11	-9.7617699e-11	-9.8300985e-11	-9.8431971e-11	-9.7731399e-11	-9.7869463e-11	-9.8036981e-11	-9.7932357e-11	-9.7607041e-11	-9.7395238e-11	-9.7457868e-11	-9.7442762e-11	-9.7422501e-11	-9.7836621e-11	-9.7518237e-11	-9.7267111e-11	-9.7732301e-11	-9.8447445e-11	-9.4283047e-11	-9.1502909e-11	-9.1587044e-11	-9.1527237e-11	-9.189681e-11	-9.2663245e-11	-9.2545444e-11	-9.3395715e-11	-9.4657546e-11	-9.5384214e-11	-9.5259932e-11	-9.5472151e-11	-9.6211476e-11	-9.5448878e-11	-9.6114991e-11	-9.6349768e-11	-9.6047274e-11	-9.6802413e-11	-9.6438871e-11	-9.677692e-11	-9.6445726e-11	-9.6960141e-11	-9.6597015e-11	-9.6550198e-11	-9.6894721e-11
	82.4444444444444	-9.7086984e-11	-9.8504767e-11	-9.6802795e-11	-9.7101181e-11	-9.7145958e-11	-9.7581658e-11	-9.6991928e-11	-9.7049431e-11	-9.7211829e-11	-9.7435268e-11	-9.744032e-11	-9.7526938e-11	-9.7673702e-11	-9.8030729e-11	-9.8452115e-11	-9.7384351e-11	-9.7952167e-11	-9.7676492e-11	-9.7963013e-11	-9.7722885e-11	-9.8091701e-11	-9.8574364e-11	-9.831759e-11	-9.7816026e-11	-9.7856882e-11	-9.8299251e-11	-9.3840116e-11	-9.1569759e-11	-9.1396821e-11	-9.1290128e-11	-9.0988161e-11	-9.1982262e-11	-9.2371034e-11	-9.3176869e-11	-9.4463139e-11	-9.453914e-11	-9.5181071e-11	-9.4783445e-11	-9.5725539e-11	-9.5605475e-11	-9.6315574e-11	-9.588861e-11	-9.594088e-11	-9.5534899e-11	-9.5378906e-11	-9.6231849e-11	-9.6250001e-11	-9.6094278e-11	-9.6725697e-11	-9.6854649e-11	-9.6951933e-11
	83.3333333333333	-9.7253032e-11	-9.7397458e-11	-9.7386911e-11	-9.7344958e-11	-9.731483e-11	-9.7063857e-11	-9.6638135e-11	-9.6944321e-11	-9.7118501e-11	-9.6909182e-11	-9.7447286e-11	-9.746487e-11	-9.8731599e-11	-9.9715833e-11	-9.8247126e-11	-9.7590734e-11	-9.7766989e-11	-9.783218e-11	-9.6831376e-11	-9.7253629e-11	-9.7160724e-11	-9.7231188e-11	-9.7689558e-11	-9.7249001e-11	-9.734432e-11	-9.7889724e-11	-9.4262938e-11	-9.1367178e-11	-9.0948013e-11	-9.091751e-11	-9.0924587e-11	-9.1583616e-11	-9.2045795e-11	-9.3180783e-11	-9.383503e-11	-9.4510705e-11	-9.4458094e-11	-9.4740139e-11	-9.5772654e-11	-9.4861445e-11	-9.6085008e-11	-9.5393665e-11	-9.5722825e-11	-9.5807071e-11	-9.5653381e-11	-9.6101807e-11	-9.6192082e-11	-9.6520181e-11	-9.6134121e-11	-9.6359483e-11	-9.5706332e-11
	84.2222222222222	-9.6474086e-11	-9.6450362e-11	-9.6125198e-11	-9.6947596e-11	-9.5762481e-11	-9.7526522e-11	-9.6332033e-11	-9.6763174e-11	-9.7075077e-11	-9.6883765e-11	-9.6756957e-11	-9.6705553e-11	-9.7382692e-11	-9.681473e-11	-9.7880495e-11	-9.691329e-11	-9.732349e-11	-9.647292e-11	-9.648693e-11	-9.6896678e-11	-9.6083884e-11	-9.709903e-11	-9.6249439e-11	-9.7341267e-11	-9.6880483e-11	-9.7079074e-11	-9.3207032e-11	-9.069015e-11	-9.0510772e-11	-9.1290503e-11	-9.1147916e-11	-9.1038212e-11	-9.2202052e-11	-9.2902165e-11	-9.3302394e-11	-9.3663709e-11	-9.409229e-11	-9.3919879e-11	-9.4369214e-11	-9.4501594e-11	-9.5225099e-11	-9.4634571e-11	-9.4754753e-11	-9.4523923e-11	-9.4897444e-11	-9.4768908e-11	-9.508673e-11	-9.4840878e-11	-9.5094488e-11	-9.4265644e-11	-9.5451591e-11
	85.1111111111111	-9.577792e-11	-9.5699587e-11	-9.5359172e-11	-9.60498e-11	-9.6608048e-11	-9.5764889e-11	-9.5875807e-11	-9.5276433e-11	-9.5524727e-11	-9.5433966e-11	-9.558785e-11	-9.4650579e-11	-9.4687563e-11	-9.4915825e-11	-9.4817904e-11	-9.5427145e-11	-9.587825e-11	-9.6477215e-11	-9.6082711e-11	-9.6031946e-11	-9.5862998e-11	-9.646825e-11	-9.6488435e-11	-9.6853255e-11	-9.6558525e-11	-9.690037e-11	-9.3231811e-11	-9.1018894e-11	-9.158637e-11	-9.0917773e-11	-9.1441937e-11	-9.1405786e-11	-9.1708502e-11	-9.2203328e-11	-9.2993648e-11	-9.4159257e-11	-9.4602902e-11	-9.5006628e-11	-9.4524076e-11	-9.4358403e-11	-9.4997815e-11	-9.4573335e-11	-9.4875413e-11	-9.5343164e-11	-9.5615529e-11	-9.572132e-11	-9.5339174e-11	-9.449877e-11	-9.4938613e-11	-9.4412034e-11	-9.4527317e-11
	86	-9.4936843e-11	-9.4544109e-11	-9.4824947e-11	-9.5505368e-11	-9.5712015e-11	-9.5320529e-11	-9.6291204e-11	-9.543856e-11	-9.5391937e-11	-9.5944613e-11	-9.5787787e-11	-9.5914145e-11	-9.5652999e-11	-9.5799729e-11	-9.5405496e-11	-9.5568865e-11	-9.5542539e-11	-9.6199951e-11	-9.568539e-11	-9.6009353e-11	-9.660929e-11	-9.5754196e-11	-9.5059426e-11	-9.5268973e-11	-9.6344197e-11	-9.6189862e-11	-9.3046862e-11	-9.0354703e-11	-9.0843541e-11	-9.0442077e-11	-9.0882822e-11	-9.1060472e-11	-9.1796744e-11	-9.2187209e-11	-9.3635877e-11	-9.3469794e-11	-9.3729205e-11	-9.3495968e-11	-9.4595783e-11	-9.4706201e-11	-9.5039733e-11	-9.535725e-11	-9.464772e-11	-9.4481631e-11	-9.4338405e-11	-9.40059e-11	-9.4773432e-11	-9.4961622e-11	-9.5079576e-11	-9.5076787e-11	-9.5024141e-11
	86.8888888888889	-9.5290741e-11	-9.5306783e-11	-9.5701884e-11	-9.5478479e-11	-9.5097881e-11	-9.5349381e-11	-9.5948076e-11	-9.511953e-11	-9.5014649e-11	-9.5519641e-11	-9.5487972e-11	-9.5113133e-11	-9.5001916e-11	-9.6263338e-11	-9.5684412e-11	-9.5460029e-11	-9.5346252e-11	-9.5344371e-11	-9.4597136e-11	-9.5864393e-11	-9.5848648e-11	-9.622575e-11	-9.5288291e-11	-9.5232856e-11	-9.5323131e-11	-9.5327274e-11	-9.3076012e-11	-9.1413425e-11	-9.0314027e-11	-9.0462714e-11	-9.0562668e-11	-9.1374901e-11	-9.2018261e-11	-9.2820251e-11	-9.2921566e-11	-9.3855257e-11	-9.3805429e-11	-9.3791759e-11	-9.4186256e-11	-9.5130716e-11	-9.5169962e-11	-9.440819e-11	-9.441109e-11	-9.4605948e-11	-9.4134547e-11	-9.4815572e-11	-9.5260723e-11	-9.567059e-11	-9.5707914e-11	-9.5251536e-11	-9.5040899e-11
	87.7777777777778	-9.5608146e-11	-9.5371294e-11	-9.6121507e-11	-9.5899642e-11	-9.4952962e-11	-9.4953899e-11	-9.4972807e-11	-9.5325914e-11	-9.5286751e-11	-9.5785567e-11	-9.6012323e-11	-9.6227935e-11	-9.579483e-11	-9.5468085e-11	-9.5550186e-11	-9.581453e-11	-9.5578621e-11	-9.5321848e-11	-9.6116719e-11	-9.6021323e-11	-9.6242923e-11	-9.6413939e-11	-9.5829629e-11	-9.5969545e-11	-9.5897686e-11	-9.6228157e-11	-9.242937e-11	-9.0876459e-11	-9.1126003e-11	-9.0453749e-11	-9.0378732e-11	-9.1116885e-11	-9.1803481e-11	-9.2161716e-11	-9.3173066e-11	-9.4197594e-11	-9.4262556e-11	-9.428075e-11	-9.4585235e-11	-9.424124e-11	-9.4826196e-11	-9.5059537e-11	-9.5415023e-11	-9.4936274e-11	-9.5311641e-11	-9.5325463e-11	-9.5015329e-11	-9.584511e-11	-9.5798182e-11	-9.5833966e-11	-9.57203e-11
	88.6666666666667	-9.5708289e-11	-9.5671832e-11	-9.5737022e-11	-9.573288e-11	-9.592431e-11	-9.598649e-11	-9.6321597e-11	-9.64945e-11	-9.6317079e-11	-9.6737486e-11	-9.6156381e-11	-9.6130166e-11	-9.5489179e-11	-9.5950525e-11	-9.595745e-11	-9.6114387e-11	-9.5426354e-11	-9.6069722e-11	-9.6139617e-11	-9.5559567e-11	-9.6547936e-11	-9.6199278e-11	-9.7076472e-11	-9.694285e-11	-9.626025e-11	-9.6185337e-11	-9.3130052e-11	-9.1309939e-11	-9.0763515e-11	-9.1683085e-11	-9.1763937e-11	-9.1008985e-11	-9.2121304e-11	-9.2484284e-11	-9.3366717e-11	-9.4136018e-11	-9.4393507e-11	-9.4584826e-11	-9.4741791e-11	-9.5138175e-11	-9.5422253e-11	-9.543491e-11	-9.4941624e-11	-9.5788655e-11	-9.5707463e-11	-9.5141901e-11	-9.4444834e-11	-9.412246e-11	-9.4642745e-11	-9.4744886e-11	-9.4939591e-11
	89.5555555555556	-9.5580356e-11	-9.4792299e-11	-9.5104542e-11	-9.513712e-11	-9.5081498e-11	-9.4615177e-11	-9.6101058e-11	-9.6031155e-11	-9.6475404e-11	-9.6090323e-11	-9.5978357e-11	-9.6038386e-11	-9.862227e-11	-1.0005972e-10	-9.7743223e-11	-9.5567138e-11	-9.6090663e-11	-9.5868952e-11	-9.655212e-11	-9.6679303e-11	-9.7228926e-11	-9.6424903e-11	-9.6439662e-11	-9.5867668e-11	-9.6805883e-11	-9.6062977e-11	-9.3609329e-11	-9.1384164e-11	-9.0648274e-11	-9.0442452e-11	-9.0613059e-11	-9.1547013e-11	-9.1803523e-11	-9.2369036e-11	-9.3102935e-11	-9.3596859e-11	-9.4486606e-11	-9.4550479e-11	-9.4437909e-11	-9.4948702e-11	-9.6702084e-11	-9.6423092e-11	-9.5872303e-11	-9.4341118e-11	-9.4821373e-11	-9.5284489e-11	-9.5120738e-11	-9.4844119e-11	-9.4855679e-11	-9.4238457e-11	-9.4233857e-11
	90.4444444444444	-9.5437998e-11	-9.5799695e-11	-9.6510168e-11	-9.6546625e-11	-9.6152274e-11	-9.5931769e-11	-9.5438747e-11	-9.6139922e-11	-9.6374131e-11	-9.6183117e-11	-9.6233958e-11	-9.6028747e-11	-9.5839309e-11	-9.5430087e-11	-9.6024376e-11	-9.554834e-11	-9.6081469e-11	-9.5558471e-11	-9.6427498e-11	-9.590484e-11	-9.6295007e-11	-9.5459952e-11	-9.5924803e-11	-9.6123762e-11	-9.7410149e-11	-9.655788e-11	-9.3260774e-11	-9.1282711e-11	-9.1771736e-11	-9.1103139e-11	-9.1212961e-11	-9.1632542e-11	-9.3024942e-11	-9.2682112e-11	-9.3018468e-11	-9.3295233e-11	-9.4096363e-11	-9.4263874e-11	-9.4298222e-11	-9.4556613e-11	-9.3687925e-11	-9.4359499e-11	-9.4565918e-11	-9.5502807e-11	-9.5430913e-11	-9.5127406e-11	-9.5409639e-11	-9.5330362e-11	-9.5063006e-11	-9.539796e-11	-9.5892752e-11
	91.3333333333333	-9.5889512e-11	-9.6036241e-11	-9.5568192e-11	-9.5344406e-11	-9.6914948e-11	-9.5575686e-11	-9.5509628e-11	-9.5807827e-11	-9.6263601e-11	-9.6155472e-11	-9.6222814e-11	-9.6340429e-11	-9.5995982e-11	-9.5782667e-11	-9.5165632e-11	-9.5660306e-11	-9.5231878e-11	-9.5885258e-11	-9.6480754e-11	-9.6564361e-11	-9.5864282e-11	-9.5803497e-11	-9.5800479e-11	-9.5574819e-11	-9.5568192e-11	-9.4818889e-11	-9.2645357e-11	-9.0653242e-11	-9.0380009e-11	-9.024153e-11	-9.0515741e-11	-9.072261e-11	-9.0637088e-11	-9.1606292e-11	-9.2555082e-11	-9.230991e-11	-9.3117548e-11	-9.3154082e-11	-9.3441359e-11	-9.3483277e-11	-9.3617648e-11	-9.3382461e-11	-9.3206019e-11	-9.3901047e-11	-9.3672563e-11	-9.4069245e-11	-9.3838569e-11	-9.3813263e-11	-9.3521052e-11	-9.2911283e-11	-9.3153853e-11
	92.2222222222222	-9.3950007e-11	-9.3123086e-11	-9.3793223e-11	-9.3883352e-11	-9.3514758e-11	-9.3355192e-11	-9.256898e-11	-9.4008946e-11	-9.4552963e-11	-9.4587269e-11	-9.4016482e-11	-9.3883651e-11	-9.8391975e-11	-1.002345e-10	-9.6116233e-11	-9.4623913e-11	-9.4427251e-11	-9.3941951e-11	-9.5045076e-11	-9.4760248e-11	-9.4716332e-11	-9.4689971e-11	-9.5454832e-11	-9.4879292e-11	-9.4648699e-11	-9.4915638e-11	-9.1953903e-11	-8.986737e-11	-8.9774084e-11	-9.0005774e-11	-9.0274677e-11	-9.0427693e-11	-9.1152662e-11	-9.2198436e-11	-9.2913996e-11	-9.3318513e-11	-9.4029395e-11	-9.323016e-11	-9.3555358e-11	-9.3722086e-11	-9.3309097e-11	-9.3404375e-11	-9.3013833e-11	-9.3220778e-11	-9.3336061e-11	-9.4354184e-11	-9.397351e-11	-9.3982662e-11	-9.4298375e-11	-9.3220175e-11	-9.3314176e-11
	93.1111111111111	-9.3627446e-11	-9.4289826e-11	-9.4028833e-11	-9.425815e-11	-9.3735228e-11	-9.3521316e-11	-9.3023325e-11	-9.3446292e-11	-9.4096321e-11	-9.3733084e-11	-9.3947149e-11	-9.3422679e-11	-9.4204408e-11	-9.307085e-11	-9.3348752e-11	-9.4196428e-11	-9.4276378e-11	-9.4071466e-11	-9.4839261e-11	-9.5359623e-11	-9.4958381e-11	-9.3878079e-11	-9.481866e-11	-9.3974675e-11	-9.4175182e-11	-9.454814e-11	-9.2433818e-11	-9.0069757e-11	-9.035267e-11	-8.9460821e-11	-9.0686535e-11	-9.0694556e-11	-9.0921159e-11	-9.195842e-11	-9.2743542e-11	-9.3262398e-11	-9.286262e-11	-9.3265104e-11	-9.3247479e-11	-9.297689e-11	-9.3418988e-11	-9.3022569e-11	-9.3078913e-11	-9.3987554e-11	-9.3825503e-11	-9.3957543e-11	-9.3590045e-11	-9.4635404e-11	-9.3905793e-11	-9.3443961e-11	-9.3802639e-11
	94	-9.4191453e-11	-9.4060391e-11	-9.462045e-11	-9.423793e-11	-9.433701e-11	-9.4572732e-11	-9.4254347e-11	-9.3984619e-11	-9.3955323e-11	-9.4520614e-11	-9.2957718e-11	-9.3611702e-11	-9.3919691e-11	-9.4182641e-11	-9.3548017e-11	-9.3149224e-11	-9.3017032e-11	-9.326518e-11	-9.3461357e-11	-9.3538975e-11	-9.4011923e-11	-9.3906098e-11	-9.36645e-11	-9.4012756e-11	-9.4097827e-11	-9.3490396e-11	-9.1645344e-11	-8.9884281e-11	-8.9944427e-11	-8.9551241e-11	-8.928773e-11	-8.961052e-11	-9.0642813e-11	-9.1093348e-11	-9.2246454e-11	-9.2168759e-11	-9.2094526e-11	-9.3007615e-11	-9.3164365e-11	-9.3014922e-11	-9.3219724e-11	-9.2987618e-11	-9.270746e-11	-9.2260914e-11	-9.2879156e-11	-9.3919657e-11	-9.4128483e-11	-9.4138579e-11	-9.3195958e-11	-9.3102637e-11	-9.3543194e-11
	94.8888888888889	-9.3175245e-11	-9.3685212e-11	-9.3328151e-11	-9.3075901e-11	-9.4676413e-11	-9.3742042e-11	-9.3096759e-11	-9.2959147e-11	-9.3432206e-11	-9.3927373e-11	-9.4115077e-11	-9.3839887e-11	-9.3968652e-11	-9.3506286e-11	-9.3648499e-11	-9.2902769e-11	-9.2792496e-11	-9.2822361e-11	-9.3600142e-11	-9.3224622e-11	-9.3460871e-11	-9.3274596e-11	-9.338242e-11	-9.2773407e-11	-9.2523295e-11	-9.2135015e-11	-9.0467162e-11	-8.9196553e-11	-8.9090312e-11	-8.8945087e-11	-8.9317748e-11	-8.9386103e-11	-8.9783722e-11	-9.0492051e-11	-9.0898941e-11	-9.1451846e-11	-9.1386954e-11	-9.1675889e-11	-9.1810975e-11	-9.2199304e-11	-9.2616435e-11	-9.2210559e-11	-9.2214743e-11	-9.2206041e-11	-9.2770652e-11	-9.2863411e-11	-9.3048895e-11	-9.2492264e-11	-9.2332544e-11	-9.3036884e-11	-9.2471628e-11
	95.7777777777778	-9.3062225e-11	-9.3110172e-11	-9.2390998e-11	-9.2211801e-11	-9.2473695e-11	-9.1903964e-11	-9.2615339e-11	-9.3342917e-11	-9.4054181e-11	-9.3880188e-11	-9.3268872e-11	-9.2849554e-11	-9.6411983e-11	-9.7772297e-11	-9.4313814e-11	-9.258156e-11	-9.3058124e-11	-9.3294483e-11	-9.3072737e-11	-9.2807824e-11	-9.2242235e-11	-9.2229731e-11	-9.306185e-11	-9.2370354e-11	-9.2880703e-11	-9.3298098e-11	-9.0099816e-11	-8.8710879e-11	-8.8783411e-11	-8.9113619e-11	-8.9830463e-11	-8.9480402e-11	-9.0072547e-11	-8.9937648e-11	-9.0358353e-11	-9.1142913e-11	-9.1556353e-11	-9.1560495e-11	-9.1676791e-11	-9.1781562e-11	-9.2636919e-11	-9.3068858e-11	-9.1911874e-11	-9.1732608e-11	-9.2058784e-11	-9.2390803e-11	-9.221026e-11	-9.2820973e-11	-9.2626906e-11	-9.2384704e-11	-9.2482057e-11
	96.6666666666667	-9.2841235e-11	-9.3029841e-11	-9.2640388e-11	-9.2370771e-11	-9.1985121e-11	-9.2429675e-11	-9.3199691e-11	-9.3168244e-11	-9.4667378e-11	-9.3286649e-11	-9.2542654e-11	-9.2052796e-11	-9.2494033e-11	-9.2214777e-11	-9.3300132e-11	-9.3275464e-11	-9.2887288e-11	-9.1746576e-11	-9.1806007e-11	-9.201747e-11	-9.2112797e-11	-9.1458098e-11	-9.2202461e-11	-9.2580617e-11	-9.2141489e-11	-9.192818e-11	-9.0009764e-11	-8.8880465e-11	-8.8339724e-11	-8.8429548e-11	-8.8101901e-11	-8.8564829e-11	-8.8912891e-11	-8.9581523e-11	-9.0368109e-11	-9.0877472e-11	-9.1010949e-11	-9.1319993e-11	-9.1194767e-11	-9.1297511e-11	-9.2044324e-11	-9.1782693e-11	-9.1880767e-11	-9.1911118e-11	-9.1810941e-11	-9.1804314e-11	-9.2119951e-11	-9.2215534e-11	-9.184261e-11	-9.2751563e-11	-9.1978605e-11
	97.5555555555556	-9.2130081e-11	-9.1678901e-11	-9.2321886e-11	-9.2061199e-11	-9.1878012e-11	-9.2706218e-11	-9.2428544e-11	-9.2706592e-11	-9.2045906e-11	-9.2340226e-11	-9.2176738e-11	-9.2749718e-11	-9.2780034e-11	-9.2241027e-11	-9.2757059e-11	-9.2377585e-11	-9.2010698e-11	-9.2519194e-11	-9.2615526e-11	-9.2389638e-11	-9.1552738e-11	-9.1527917e-11	-9.1824576e-11	-9.1768759e-11	-9.1569079e-11	-9.0805578e-11	-9.0114687e-11	-8.9091366e-11	-8.8452294e-11	-8.7417337e-11	-8.803426e-11	-8.8522273e-11	-8.8956426e-11	-9.0010333e-11	-9.0405357e-11	-9.0540977e-11	-9.0251737e-11	-9.0425618e-11	-9.0625486e-11	-9.1647682e-11	-9.1853497e-11	-9.2042068e-11	-9.2139796e-11	-9.1615479e-11	-9.2177495e-11	-9.2172978e-11	-9.2188757e-11	-9.2199449e-11	-9.2195307e-11	-9.197601e-11	-9.1722324e-11
	98.4444444444444	-9.1793087e-11	-9.1901028e-11	-9.2053323e-11	-9.2375593e-11	-9.2348476e-11	-9.129171e-11	-9.20908e-11	-9.2399241e-11	-9.2278012e-11	-9.2708591e-11	-9.2427975e-11	-9.2414305e-11	-9.6611434e-11	-9.8635489e-11	-9.4792299e-11	-9.3050775e-11	-9.2423763e-11	-9.1930699e-11	-9.2116675e-11	-9.2881793e-11	-9.2016943e-11	-9.3014325e-11	-9.2727007e-11	-9.2497426e-11	-9.2023916e-11	-9.206786e-11	-8.9751748e-11	-8.8125778e-11	-8.8648811e-11	-8.8452599e-11	-8.8580684e-11	-8.849519e-11	-8.9191841e-11	-9.0165646e-11	-9.1249751e-11	-9.0939957e-11	-9.1040286e-11	-9.1347784e-11	-9.1152849e-11	-9.0759372e-11	-9.0963119e-11	-9.1394822e-11	-9.269658e-11	-9.1725599e-11	-9.1833083e-11	-9.1364999e-11	-9.0879811e-11	-9.0934343e-11	-9.1685604e-11	-9.1022849e-11	-9.1061866e-11
	99.3333333333333	-9.1279997e-11	-9.0808257e-11	-9.1557102e-11	-9.2281967e-11	-9.2607241e-11	-9.2260463e-11	-9.1760058e-11	-9.1463288e-11	-9.2079615e-11	-9.1619622e-11	-9.1073649e-11	-9.1316982e-11	-9.2043685e-11	-9.2327611e-11	-9.136198e-11	-9.2183934e-11	-9.1473461e-11	-9.1844234e-11	-9.2317785e-11	-9.2170792e-11	-9.2176815e-11	-9.1305193e-11	-9.1898274e-11	-9.1183505e-11	-9.1223883e-11	-9.0769767e-11	-8.9640725e-11	-8.855093e-11	-8.749778e-11	-8.7922065e-11	-8.8446722e-11	-8.9306111e-11	-8.8781413e-11	-9.0174569e-11	-9.0754099e-11	-9.0439857e-11	-9.0912652e-11	-9.0617423e-11	-9.123495e-11	-9.176198e-11	-9.1477187e-11	-9.1280525e-11	-9.1270921e-11	-9.1786495e-11	-9.173283e-11	-9.1626443e-11	-9.1174845e-11	-9.1788271e-11	-9.1590284e-11	-9.1407555e-11	-9.207167e-11
	100.222222222222	-9.1962715e-11	-9.1265079e-11	-9.1731817e-11	-9.2066431e-11	-9.2014986e-11	-9.1632167e-11	-9.1260222e-11	-9.1293105e-11	-9.0949068e-11	-9.1446344e-11	-9.182239e-11	-9.106902e-11	-9.1270692e-11	-9.1085021e-11	-9.1455045e-11	-9.2080892e-11	-9.1851429e-11	-9.224118e-11	-9.1513006e-11	-9.0987558e-11	-8.9542734e-11	-9.0687929e-11	-9.1429017e-11	-9.1568857e-11	-9.113018e-11	-9.1115754e-11	-8.9324527e-11	-8.7833942e-11	-8.8003528e-11	-8.8342139e-11	-8.8629902e-11	-8.8541889e-11	-8.9270064e-11	-8.9666295e-11	-8.9730584e-11	-9.0195587e-11	-9.0923422e-11	-9.0996939e-11	-9.1583879e-11	-9.1316073e-11	-9.0633695e-11	-9.1601282e-11	-9.1327376e-11	-9.1555749e-11	-9.1159177e-11	-9.1071088e-11	-9.0893369e-11	-9.0656441e-11	-9.060059e-11	-9.1214203e-11	-9.0372369e-11
	101.111111111111	-9.1715732e-11	-9.1625686e-11	-9.0287174e-11	-9.0277459e-11	-9.0414322e-11	-9.1059715e-11	-9.0383548e-11	-9.0708455e-11	-9.0252868e-11	-9.0539132e-11	-9.040494e-11	-9.1806535e-11	-9.1550253e-11	-9.1355506e-11	-9.1572999e-11	-9.0838836e-11	-9.126945e-11	-9.0688075e-11	-9.0937202e-11	-9.060451e-11	-9.0943607e-11	-9.0519134e-11	-9.0093939e-11	-8.9639747e-11	-8.9545593e-11	-8.8997587e-11	-8.8508978e-11	-8.760534e-11	-8.7860719e-11	-8.7526777e-11	-8.7803133e-11	-8.7870621e-11	-8.8052149e-11	-8.8593188e-11	-8.9427417e-11	-8.9979413e-11	-8.984722e-11	-8.9857392e-11	-9.0210728e-11	-9.008648e-11	-8.9598204e-11	-8.9308894e-11	-8.9680006e-11	-9.0122333e-11	-9.0104181e-11	-9.0314554e-11	-8.9853056e-11	-8.9996621e-11	-9.0219388e-11	-9.0492239e-11	-8.9851064e-11
	102	-9.0371911e-11	-8.9597794e-11	-8.9504092e-11	-8.9479271e-11	-9.016312e-11	-9.0881844e-11	-9.0600971e-11	-9.0374326e-11	-8.9867482e-11	-8.9794908e-11	-8.9667732e-11	-9.0435187e-11	-9.5704222e-11	-9.8694462e-11	-9.4174543e-11	-8.9359062e-11	-8.9553427e-11	-8.9973348e-11	-9.016346e-11	-8.9864886e-11	-8.9843681e-11	-8.9370511e-11	-8.9387754e-11	-8.9532375e-11	-8.9083421e-11	-8.8795048e-11	-8.860411e-11	-8.7461587e-11	-8.7487836e-11	-8.7514426e-11	-8.7223832e-11	-8.787996e-11	-8.858686e-11	-8.939996e-11	-8.9805455e-11	-9.0265108e-11	-9.082652e-11	-9.0733122e-11	-9.0216189e-11	-9.0637012e-11	-9.0826145e-11	-9.0649023e-11	-9.1376781e-11	-9.0309357e-11	-9.073519e-11	-9.0708226e-11	-9.0779183e-11	-9.079161e-11	-9.0924178e-11	-9.0756395e-11	-9.0433189e-11
	102.888888888889	-9.0642507e-11	-9.0168581e-11	-9.0774888e-11	-8.9613532e-11	-8.9653118e-11	-9.0302807e-11	-9.0219915e-11	-9.0937279e-11	-9.0098685e-11	-9.0506325e-11	-9.0403851e-11	-9.0447955e-11	-9.0072658e-11	-9.0216487e-11	-9.076577e-11	-9.0872504e-11	-9.0610311e-11	-8.9717782e-11	-8.9780031e-11	-9.0062305e-11	-8.9634175e-11	-8.9583556e-11	-9.0596898e-11	-9.0416508e-11	-8.9454041e-11	-8.8962449e-11	-8.8351625e-11	-8.7608691e-11	-8.7922856e-11	-8.7592045e-11	-8.7463356e-11	-8.8068983e-11	-8.8139107e-11	-8.9285961e-11	-8.9141229e-11	-8.9767117e-11	-9.019728e-11	-9.0706158e-11	-9.0365472e-11	-8.9728551e-11	-9.0899392e-11	-9.0462415e-11	-9.0351275e-11	-9.0512542e-11	-9.1317204e-11	-9.0087986e-11	-9.0930388e-11	-9.1310841e-11	-9.1110862e-11	-9.0478042e-11	-9.0308608e-11
	103.777777777778	-9.0214225e-11	-9.0495819e-11	-9.0319675e-11	-9.001376e-11	-9.0050627e-11	-9.0195733e-11	-9.1249827e-11	-9.0586094e-11	-9.0125463e-11	-9.0226958e-11	-8.9340833e-11	-9.0214641e-11	-8.9963481e-11	-9.0621455e-11	-9.0044791e-11	-9.0223232e-11	-9.0039295e-11	-8.9795962e-11	-8.9923111e-11	-9.0858078e-11	-9.0433001e-11	-8.9438824e-11	-8.9157799e-11	-8.9361282e-11	-8.9242273e-11	-8.9401278e-11	-8.8277885e-11	-8.7861655e-11	-8.7846105e-11	-8.7894352e-11	-8.7686726e-11	-8.7324842e-11	-8.8109429e-11	-8.8438923e-11	-8.8951381e-11	-8.9540361e-11	-8.9693752e-11	-9.0409083e-11	-9.0000805e-11	-8.9949888e-11	-8.9946724e-11	-9.0546022e-11	-9.0369996e-11	-8.9715894e-11	-8.9535726e-11	-9.0098234e-11	-8.951509e-11	-8.9056117e-11	-8.9134297e-11	-9.0095181e-11	-8.9769261e-11
	104.666666666667	-8.9147634e-11	-8.9601181e-11	-8.9270105e-11	-8.8921176e-11	-8.8951645e-11	-8.8925957e-11	-8.8515563e-11	-8.9670819e-11	-8.9352956e-11	-8.9463492e-11	-8.9318157e-11	-8.8880875e-11	-9.4220416e-11	-9.8474527e-11	-9.241969e-11	-9.0347285e-11	-8.8617134e-11	-8.9106916e-11	-8.8883366e-11	-8.9474865e-11	-8.8264403e-11	-8.9025273e-11	-8.9369942e-11	-8.8617627e-11	-8.8261655e-11	-8.7012557e-11	-8.7589748e-11	-8.8022471e-11	-8.7800496e-11	-8.7027545e-11	-8.6650631e-11	-8.7167114e-11	-8.711401e-11	-8.7895365e-11	-8.8564711e-11	-8.9081423e-11	-8.9232101e-11	-9.02401e-11	-8.9511433e-11	-8.9583667e-11	-8.9504466e-11	-8.9812421e-11	-9.0130396e-11	-9.0095785e-11	-8.9669688e-11	-8.9418188e-11	-8.9788281e-11	-8.9917421e-11	-9.0088818e-11	-8.979717e-11	-8.9886654e-11
	105.555555555556	-9.0318024e-11	-8.9113925e-11	-8.9239671e-11	-8.957704e-11	-8.9645888e-11	-8.9561185e-11	-8.8629944e-11	-8.9786401e-11	-8.9723388e-11	-8.890863e-11	-8.9107936e-11	-8.8467324e-11	-8.8965349e-11	-8.9333076e-11	-8.8594729e-11	-8.9787983e-11	-8.8723119e-11	-8.9292816e-11	-8.8870633e-11	-8.8627265e-11	-8.8088606e-11	-8.8363601e-11	-8.7425359e-11	-8.7556865e-11	-8.7836315e-11	-8.7808559e-11	-8.8100915e-11	-8.741944e-11	-8.8079717e-11	-8.7088066e-11	-8.6771111e-11	-8.8667115e-11	-8.8831803e-11	-8.8946406e-11	-8.9436111e-11	-8.9414871e-11	-8.9029638e-11	-8.9609202e-11	-8.9957569e-11	-9.0057593e-11	-9.0229671e-11	-9.0002651e-11	-8.9585478e-11	-9.0354856e-11	-9.0148167e-11	-9.0124935e-11	-9.0734441e-11	-9.0956867e-11	-9.0549332e-11	-9.0879998e-11	-8.9693981e-11
	106.444444444444	-9.0197204e-11	-9.0772286e-11	-9.0470513e-11	-8.9980391e-11	-9.0073525e-11	-9.0141616e-11	-8.9642009e-11	-9.0132575e-11	-9.0974901e-11	-9.0275801e-11	-8.9762975e-11	-9.0495778e-11	-9.015725e-11	-8.9631462e-11	-8.9593499e-11	-8.9102961e-11	-8.8705154e-11	-8.9589246e-11	-8.9049185e-11	-8.8975258e-11	-8.9423045e-11	-8.8577333e-11	-8.8366425e-11	-8.8407934e-11	-8.8376709e-11	-8.8111428e-11	-8.7890202e-11	-8.724492e-11	-8.771079e-11	-8.7328492e-11	-8.7144555e-11	-8.7571631e-11	-8.8064202e-11	-8.8584411e-11	-8.8763601e-11	-8.9509851e-11	-9.039014e-11	-9.0304916e-11	-9.0432432e-11	-9.0923574e-11	-9.0873711e-11	-9.0151185e-11	-9.0365659e-11	-9.0333879e-11	-9.0577615e-11	-9.0725739e-11	-9.075056e-11	-9.0668459e-11	-9.0257614e-11	-9.0629552e-11	-9.0101919e-11
	107.333333333333	-8.9838186e-11	-8.9194291e-11	-8.9677668e-11	-8.8824087e-11	-8.899706e-11	-8.9549583e-11	-8.9657372e-11	-8.9885523e-11	-8.928272e-11	-8.916981e-11	-9.0158374e-11	-8.9963141e-11	-9.8179638e-11	-9.999486e-11	-9.3606053e-11	-8.9912938e-11	-8.9307353e-11	-8.9435397e-11	-8.8377201e-11	-8.8361193e-11	-8.9607807e-11	-8.871389e-11	-8.8225725e-11	-8.8813047e-11	-8.7449346e-11	-8.7763172e-11	-8.8452218e-11	-8.795694e-11	-8.77695e-11	-8.7324724e-11	-8.7203307e-11	-8.7595549e-11	-8.8684511e-11	-8.8919858e-11	-8.9050274e-11	-8.9356383e-11	-8.950006e-11	-8.9835583e-11	-8.9962239e-11	-8.9614059e-11	-8.9413671e-11	-9.0794393e-11	-8.9434835e-11	-9.0134684e-11	-8.8747745e-11	-8.9669348e-11	-8.9616925e-11	-8.9290443e-11	-8.9982875e-11	-8.9884919e-11	-8.9848316e-11
	108.222222222222	-8.9604421e-11	-8.8815837e-11	-8.8531758e-11	-8.910718e-11	-8.9284379e-11	-8.9192785e-11	-8.8977589e-11	-8.8870709e-11	-8.8729822e-11	-8.8913529e-11	-8.8656568e-11	-8.8861786e-11	-9.5225966e-11	-9.8586306e-11	-9.1663462e-11	-8.7570617e-11	-8.7072773e-11	-8.8034899e-11	-8.8884421e-11	-8.8029251e-11	-8.8525243e-11	-8.7618177e-11	-8.8178541e-11	-8.7721747e-11	-8.7206319e-11	-8.6446433e-11	-8.7814353e-11	-8.7178001e-11	-8.6518175e-11	-8.6376684e-11	-8.6491404e-11	-8.6605063e-11	-8.7182331e-11	-8.7495441e-11	-8.8104343e-11	-8.8759347e-11	-8.8968104e-11	-8.7941952e-11	-8.8551118e-11	-8.9023539e-11	-8.9068919e-11	-8.9806246e-11	-8.8917033e-11	-8.9218286e-11	-8.9592257e-11	-8.9511586e-11	-8.9804178e-11	-8.9977678e-11	-8.973209e-11	-8.8963885e-11	-8.9248976e-11
	109.111111111111	-8.9712203e-11	-8.9561754e-11	-8.9402971e-11	-8.8991335e-11	-8.8746392e-11	-8.8506869e-11	-8.8655625e-11	-8.8638305e-11	-8.9488313e-11	-8.9534935e-11	-8.9565438e-11	-8.9070085e-11	-9.6936938e-11	-9.9461543e-11	-9.3216185e-11	-8.8882839e-11	-8.9904917e-11	-8.8587949e-11	-8.7997838e-11	-8.8585313e-11	-8.8374523e-11	-8.8235329e-11	-8.8139822e-11	-8.8069281e-11	-8.7522295e-11	-8.6799769e-11	-8.7649291e-11	-8.7267631e-11	-8.7774885e-11	-8.6978279e-11	-8.6833214e-11	-8.7222625e-11	-8.7743965e-11	-8.8044579e-11	-8.9488576e-11	-8.980628e-11	-8.9528197e-11	-8.9163975e-11	-8.9218737e-11	-8.9356161e-11	-8.9176971e-11	-9.04977e-11	-8.9309574e-11	-8.9020485e-11	-8.9132264e-11	-8.9187741e-11	-8.9197982e-11	-8.9626528e-11	-8.9084698e-11	-8.9279029e-11	-8.9398079e-11
	110	-8.9271611e-11	-9.015514e-11	-9.0098304e-11	-8.9294398e-11	-8.9193389e-11	-8.9088424e-11	-8.9552823e-11	-8.9094641e-11	-8.9229277e-11	-9.0093828e-11	-9.0155779e-11	-8.9103079e-11	-9.6247177e-11	-9.978874e-11	-9.2970596e-11	-8.7760015e-11	-8.7589103e-11	-8.8976194e-11	-8.8319088e-11	-8.7860004e-11	-8.8185168e-11	-8.8440207e-11	-8.8461752e-11	-8.7728109e-11	-8.7859664e-11	-8.7097288e-11	-8.8570325e-11	-8.8050338e-11	-8.8149273e-11	-8.7268609e-11	-8.6095658e-11	-8.7168807e-11	-8.7449645e-11	-8.8529802e-11	-8.8814178e-11	-8.8686058e-11	-8.8648623e-11	-8.8323196e-11	-8.9150194e-11	-8.9499269e-11	-8.9298575e-11	-8.9265852e-11	-8.8779761e-11	-8.9000717e-11	-8.8681951e-11	-8.8692574e-11	-8.9850495e-11	-9.0333879e-11	-8.9712696e-11	-8.8710574e-11	-8.9200279e-11
	110.888888888889	-8.9340188e-11	-8.8771886e-11	-8.9426286e-11	-8.9225287e-11	-8.824249e-11	-8.8297508e-11	-8.8215595e-11	-8.684127e-11	-8.6985287e-11	-8.6645809e-11	-8.71902e-11	-8.6382859e-11	-8.644252e-11	-8.6087824e-11	-8.5645498e-11	-8.6189812e-11	-8.6663024e-11	-8.6631875e-11	-8.7073189e-11	-8.7342952e-11	-8.7470697e-11	-8.8194924e-11	-8.7605451e-11	-8.7382344e-11	-8.6961036e-11	-8.7078081e-11	-8.7615658e-11	-8.8073278e-11	-8.796263e-11	-8.7613361e-11	-8.7007096e-11	-8.7785508e-11	-8.7753346e-11	-8.8812714e-11	-8.8812638e-11	-8.8827438e-11	-8.8796782e-11	-8.9328593e-11	-8.8743117e-11	-8.8806761e-11	-8.8609189e-11	-8.9175008e-11	-8.8876094e-11	-8.8868107e-11	-8.9600917e-11	-8.9247096e-11	-8.8865061e-11	-8.8949834e-11	-8.8968326e-11	-8.9114188e-11	-8.9291873e-11
	111.777777777778	-8.8626287e-11	-8.8561478e-11	-8.8051358e-11	-8.8133119e-11	-8.8206331e-11	-8.8355885e-11	-8.8727858e-11	-8.85736e-11	-8.882612e-11	-8.8576348e-11	-8.8604034e-11	-8.8624823e-11	-9.5810464e-11	-9.965994e-11	-9.3147753e-11	-8.8522835e-11	-8.9083532e-11	-8.8669072e-11	-8.8279696e-11	-8.8381871e-11	-8.7964809e-11	-8.7574982e-11	-8.7386154e-11	-8.7374552e-11	-8.6845378e-11	-8.5804239e-11	-8.716828e-11	-8.8261919e-11	-8.746151e-11	-8.6876034e-11	-8.6638544e-11	-8.7019898e-11	-8.7127756e-11	-8.7466409e-11	-8.8754039e-11	-8.8633184e-11	-8.8923924e-11	-8.9589579e-11	-8.8952623e-11	-8.9115847e-11	-8.939597e-11	-8.9774237e-11	-8.9517609e-11	-8.8901213e-11	-8.8859489e-11	-8.97728e-11	-8.9300685e-11	-8.9136407e-11	-8.9513057e-11	-8.955147e-11	-8.8752339e-11
	112.666666666667	-8.8275554e-11	-8.8619133e-11	-8.8529163e-11	-8.7965378e-11	-8.7606693e-11	-8.815014e-11	-8.9184916e-11	-8.8642108e-11	-8.8563962e-11	-8.8494212e-11	-8.8369138e-11	-8.7973094e-11	-8.853112e-11	-8.6899724e-11	-8.7989366e-11	-8.7983641e-11	-8.7639306e-11	-8.7453302e-11	-8.7495441e-11	-8.7352292e-11	-8.7454502e-11	-8.6158664e-11	-8.6519382e-11	-8.5939741e-11	-8.5503479e-11	-8.5068869e-11	-8.692401e-11	-8.7620404e-11	-8.719378e-11	-8.6670025e-11	-8.6769605e-11	-8.6595946e-11	-8.730891e-11	-8.7963081e-11	-8.8779498e-11	-8.8591488e-11	-8.7956337e-11	-8.8605803e-11	-8.8319844e-11	-8.8501671e-11	-8.9303773e-11	-8.8254841e-11	-8.8874172e-11	-8.7741557e-11	-8.790832e-11	-8.8312274e-11	-8.8515528e-11	-8.8776445e-11	-8.9092907e-11	-8.8730273e-11	-8.8322745e-11
	113.555555555556	-8.7961236e-11	-8.7794473e-11	-8.80555e-11	-8.890931e-11	-8.8448457e-11	-8.8395576e-11	-8.7844787e-11	-8.7635205e-11	-8.752734e-11	-8.822712e-11	-8.8148523e-11	-8.7980102e-11	-9.6693799e-11	-1.0055676e-10	-9.3130767e-11	-8.8374114e-11	-8.8477607e-11	-8.7781137e-11	-8.7812702e-11	-8.730789e-11	-8.7260699e-11	-8.7406339e-11	-8.7447237e-11	-8.5438587e-11	-8.5702438e-11	-8.5406314e-11	-8.6279407e-11	-8.5829094e-11	-8.5594809e-11	-8.5962418e-11	-8.581915e-11	-8.6478824e-11	-8.6379848e-11	-8.642493e-11	-8.7455147e-11	-8.8068268e-11	-8.7518603e-11	-8.7611286e-11	-8.8383599e-11	-8.7583003e-11	-8.797453e-11	-8.7805735e-11	-8.7051498e-11	-8.7477331e-11	-8.7774885e-11	-8.8041338e-11	-8.8187013e-11	-8.809263e-11	-8.8401189e-11	-8.7776696e-11	-8.8224449e-11
	114.444444444444	-8.8126832e-11	-8.7129755e-11	-8.7952763e-11	-8.790798e-11	-8.596765e-11	-8.6806284e-11	-8.6985627e-11	-8.7586355e-11	-8.768096e-11	-8.7839548e-11	-8.8327415e-11	-8.6732017e-11	-8.7170202e-11	-8.6666146e-11	-8.7279454e-11	-8.743891e-11	-8.6685395e-11	-8.6801843e-11	-8.6835622e-11	-8.6985252e-11	-8.7411085e-11	-8.7190463e-11	-8.7055564e-11	-8.6337444e-11	-8.6055246e-11	-8.6095131e-11	-8.7268123e-11	-8.8014075e-11	-8.7248798e-11	-8.7533668e-11	-8.7075111e-11	-8.6544015e-11	-8.6655717e-11	-8.7046446e-11	-8.7820154e-11	-8.8566786e-11	-8.825906e-11	-8.7634074e-11	-8.8073875e-11	-8.9047041e-11	-8.8363379e-11	-8.8789323e-11	-8.8540987e-11	-8.8881291e-11	-8.8378707e-11	-8.821157e-11	-8.8519109e-11	-8.9362413e-11	-8.8526152e-11	-8.827495e-11	-8.824972e-11
	115.333333333333	-8.7663751e-11	-8.7139393e-11	-8.7792926e-11	-8.8112857e-11	-8.759099e-11	-8.6764068e-11	-8.6876638e-11	-8.6030731e-11	-8.7072433e-11	-8.7053607e-11	-8.7487156e-11	-8.7660094e-11	-8.7149114e-11	-8.7403362e-11	-8.7267478e-11	-8.7500417e-11	-9.0213059e-11	-9.0583416e-11	-8.8411847e-11	-8.7422833e-11	-8.7325217e-11	-8.6431404e-11	-8.6982879e-11	-8.5522533e-11	-8.538014e-11	-8.421272e-11	-8.5837004e-11	-8.5996425e-11	-8.6568079e-11	-8.5822766e-11	-8.6288407e-11	-8.597198e-11	-8.6729568e-11	-8.7107647e-11	-8.6817699e-11	-8.708622e-11	-8.7636107e-11	-8.7632568e-11	-8.8079072e-11	-8.7572762e-11	-8.7561951e-11	-8.8501671e-11	-8.7993286e-11	-8.83685e-11	-8.7967897e-11	-8.7788221e-11	-8.8874248e-11	-8.8006616e-11	-8.7839361e-11	-8.8211417e-11	-8.8345449e-11
	116.222222222222	-8.8638076e-11	-8.8172553e-11	-8.782456e-11	-8.6762486e-11	-8.757476e-11	-8.7718811e-11	-8.7639118e-11	-8.747443e-11	-8.6649805e-11	-8.6615305e-11	-8.7076353e-11	-8.5601054e-11	-9.4118956e-11	-9.8359619e-11	-9.2085527e-11	-8.7943722e-11	-8.721001e-11	-8.7137589e-11	-8.6719888e-11	-8.7411307e-11	-8.7265972e-11	-8.7690188e-11	-8.6844136e-11	-8.6430349e-11	-8.6644344e-11	-8.6157158e-11	-8.7461587e-11	-8.7085054e-11	-8.6119646e-11	-8.5647454e-11	-8.5927279e-11	-8.6052727e-11	-8.692725e-11	-8.757408e-11	-8.7650082e-11	-8.7562138e-11	-8.7519131e-11	-8.7911518e-11	-8.795329e-11	-8.8153491e-11	-8.833792e-11	-8.7699341e-11	-8.7964511e-11	-8.7793758e-11	-8.7954005e-11	-8.7978257e-11	-8.7568279e-11	-8.758274e-11	-8.7959202e-11	-8.7099328e-11	-8.7198297e-11
	117.111111111111	-8.8148482e-11	-8.7667928e-11	-8.803324e-11	-8.8061447e-11	-8.7521733e-11	-8.73654e-11	-8.7689099e-11	-8.9241704e-11	-8.8221888e-11	-8.7465882e-11	-8.7519207e-11	-8.773101e-11	-8.7603001e-11	-8.7099397e-11	-8.7287441e-11	-8.7170354e-11	-8.7367398e-11	-8.7475027e-11	-8.7017824e-11	-8.6910458e-11	-8.6758191e-11	-8.6760453e-11	-8.6409824e-11	-8.6211205e-11	-8.5692689e-11	-8.4887569e-11	-8.6210108e-11	-8.6951127e-11	-8.6570938e-11	-8.6540018e-11	-8.5950365e-11	-8.6254739e-11	-8.6019247e-11	-8.7401517e-11	-8.8000968e-11	-8.7712594e-11	-8.8235932e-11	-8.8525208e-11	-8.8258456e-11	-8.8187013e-11	-8.8514134e-11	-8.8654722e-11	-8.9025273e-11	-8.8789552e-11	-8.8804838e-11	-8.8592807e-11	-8.922299e-11	-8.8935526e-11	-8.8399794e-11	-8.8881402e-11	-8.9048692e-11
	118	-8.8837e-11	-8.866094e-11	-8.82023e-11	-8.7648763e-11	-8.8329781e-11	-8.8435238e-11	-8.8919934e-11	-8.8303538e-11	-8.7979082e-11	-8.8130746e-11	-8.7550765e-11	-8.8426537e-11	-8.8565356e-11	-8.7810703e-11	-8.8163546e-11	-8.8245612e-11	-8.7811078e-11	-8.7500604e-11	-8.7919956e-11	-8.7952499e-11	-8.8164191e-11	-8.7561125e-11	-8.7863883e-11	-8.6547138e-11	-8.6078374e-11	-8.5456517e-11	-8.6586988e-11	-8.8388463e-11	-8.7578035e-11	-8.754425e-11	-8.5960308e-11	-8.5986628e-11	-8.6531622e-11	-8.726285e-11	-8.7115481e-11	-8.8004999e-11	-8.7881695e-11	-8.8345789e-11	-8.8516548e-11	-8.8855194e-11	-8.8350161e-11	-8.7926395e-11	-8.834794e-11	-8.7958335e-11	-8.8759118e-11	-8.7489342e-11	-8.7862072e-11	-8.7824636e-11	-8.7826975e-11	-8.7849193e-11	-8.8082125e-11
	118.888888888889	-8.8076629e-11	-8.7877511e-11	-8.7610461e-11	-8.8300034e-11	-8.8132703e-11	-8.8624295e-11	-8.8310539e-11	-8.8087058e-11	-8.7633019e-11	-8.7966016e-11	-8.807275e-11	-8.7608386e-11	-8.7865083e-11	-8.7527943e-11	-8.8042129e-11	-8.7742313e-11	-8.7601343e-11	-8.7422007e-11	-8.7810932e-11	-8.7969257e-11	-8.7705287e-11	-8.8303122e-11	-8.7675159e-11	-8.717977e-11	-8.7744909e-11	-8.7181498e-11	-8.9157196e-11	-8.8836515e-11	-8.7715085e-11	-8.737109e-11	-8.7032929e-11	-8.7494088e-11	-8.744102e-11	-8.8230777e-11	-8.8230021e-11	-8.8792675e-11	-8.8965731e-11	-8.8642559e-11	-8.8665721e-11	-8.913302e-11	-8.8692199e-11	-8.8683574e-11	-8.8576202e-11	-8.8296717e-11	-8.8737198e-11	-8.8297356e-11	-8.8240602e-11	-8.7784606e-11	-8.8046841e-11	-8.8206144e-11	-8.812856e-11
	119.777777777778	-8.7659081e-11	-8.8037008e-11	-8.7434129e-11	-8.8058588e-11	-8.7767203e-11	-8.7164553e-11	-8.7344576e-11	-8.7354367e-11	-8.7158114e-11	-8.6951807e-11	-8.7176114e-11	-8.7418912e-11	-8.7473521e-11	-8.7762311e-11	-8.7665937e-11	-8.7507154e-11	-8.7620931e-11	-8.7100716e-11	-8.7956642e-11	-8.7995923e-11	-8.7934611e-11	-8.7631513e-11	-8.7715869e-11	-8.7909485e-11	-8.6929436e-11	-8.6361092e-11	-8.755062e-11	-8.7462301e-11	-8.7065508e-11	-8.6808241e-11	-8.6387945e-11	-8.6870608e-11	-8.7520415e-11	-8.7200636e-11	-8.7339302e-11	-8.7696551e-11	-8.8307486e-11	-8.8633066e-11	-8.8632053e-11	-8.90183e-11	-8.8490937e-11	-8.860878e-11	-8.8297168e-11	-8.86545e-11	-8.9419583e-11	-8.8153151e-11	-8.851421e-11	-8.8248964e-11	-8.8534888e-11	-8.8524757e-11	-8.8240977e-11
	120.666666666667	-8.7917285e-11	-8.7885949e-11	-8.8220264e-11	-8.762345e-11	-8.8576653e-11	-8.8652613e-11	-8.8663049e-11	-8.8786575e-11	-8.8152291e-11	-8.7997429e-11	-8.8200607e-11	-8.8920198e-11	-8.8549161e-11	-8.819296e-11	-8.8074707e-11	-8.8219022e-11	-8.8709894e-11	-8.880198e-11	-8.8829694e-11	-8.9272818e-11	-8.9494863e-11	-8.9100026e-11	-8.90963e-11	-8.841667e-11	-8.8605727e-11	-8.8585389e-11	-8.9166348e-11	-8.9613574e-11	-8.8678336e-11	-8.8147656e-11	-8.788173e-11	-8.7510131e-11	-8.8110408e-11	-8.8691859e-11	-8.8203396e-11	-8.8787477e-11	-8.9509664e-11	-9.0465122e-11	-8.9350055e-11	-9.0047879e-11	-8.9946606e-11	-8.9498103e-11	-8.9393257e-11	-9.0400271e-11	-9.0144968e-11	-8.9844965e-11	-8.9266754e-11	-8.9630484e-11	-8.9321023e-11	-8.9832419e-11	-8.9281554e-11
	121.555555555556	-8.985792e-11	-8.9352734e-11	-8.9905784e-11	-8.9373481e-11	-8.9277939e-11	-9.0031912e-11	-8.9612026e-11	-9.0020873e-11	-9.0417632e-11	-8.9857802e-11	-8.9185444e-11	-9.0118565e-11	-9.674099e-11	-1.0075987e-10	-9.431287e-11	-8.9520967e-11	-8.9086058e-11	-8.9295488e-11	-8.9741242e-11	-8.9463832e-11	-8.9650933e-11	-8.9395213e-11	-8.9794908e-11	-8.8759042e-11	-8.8559819e-11	-8.8793806e-11	-8.8941965e-11	-8.8239853e-11	-8.8314571e-11	-8.7908923e-11	-8.7843545e-11	-8.8363192e-11	-8.7882937e-11	-8.8722023e-11	-8.9362601e-11	-9.0469153e-11	-9.0028637e-11	-9.0504368e-11	-8.9442745e-11	-8.9701434e-11	-8.9839802e-11	-9.0076765e-11	-8.9936933e-11	-9.0425958e-11	-9.0230122e-11	-9.0410741e-11	-8.995403e-11	-9.1228212e-11	-9.0845616e-11	-9.0416508e-11	-8.98569e-11
	122.444444444444	-9.0286049e-11	-9.0359865e-11	-9.0185456e-11	-9.0125199e-11	-9.0318551e-11	-9.0167832e-11	-8.9667239e-11	-8.9456678e-11	-8.9724561e-11	-9.0356396e-11	-9.0052583e-11	-9.0347098e-11	-9.1036782e-11	-9.0019936e-11	-9.0578295e-11	-8.9335407e-11	-8.9490117e-11	-8.9957604e-11	-8.956412e-11	-8.9198475e-11	-8.9838748e-11	-8.9399432e-11	-8.9406399e-11	-8.9351714e-11	-8.9396796e-11	-8.9297819e-11	-8.9367909e-11	-8.9086544e-11	-8.8440547e-11	-8.8140238e-11	-8.8389927e-11	-8.8425968e-11	-8.8223241e-11	-8.8220341e-11	-8.8820583e-11	-8.8802507e-11	-8.9128947e-11	-9.0107234e-11	-8.9811443e-11	-9.027968e-11	-9.0936828e-11	-9.0662318e-11	-9.0767352e-11	-9.064266e-11	-9.0912874e-11	-9.0532686e-11	-9.0409652e-11	-9.0635728e-11	-9.0886403e-11	-9.1131311e-11	-9.1111951e-11
	123.333333333333	-9.1651485e-11	-8.98282e-11	-9.0444145e-11	-9.0143087e-11	-9.1364243e-11	-9.1044429e-11	-9.1152891e-11	-9.0879922e-11	-9.1211795e-11	-9.1175942e-11	-9.060775e-11	-9.0869604e-11	-9.073195e-11	-9.205442e-11	-9.1949455e-11	-9.048147e-11	-9.1140762e-11	-9.0524893e-11	-9.1226665e-11	-9.1555562e-11	-9.1099413e-11	-9.1305456e-11	-9.0947298e-11	-9.0477292e-11	-9.0561912e-11	-9.0651771e-11	-9.0007654e-11	-8.9248789e-11	-8.9921112e-11	-8.8999551e-11	-8.9505035e-11	-8.8762962e-11	-8.9091103e-11	-8.9182502e-11	-9.0188808e-11	-9.0471339e-11	-9.0456538e-11	-9.0645859e-11	-9.038683e-11	-9.1129992e-11	-9.1642936e-11	-9.1438135e-11	-9.1337091e-11	-9.1932399e-11	-9.0837893e-11	-9.1001151e-11	-9.0924102e-11	-9.088659e-11	-9.1278943e-11	-9.1532365e-11	-9.1362508e-11
	124.222222222222	-9.0880713e-11	-9.1560794e-11	-9.0649703e-11	-9.0616972e-11	-9.0687548e-11	-9.0327211e-11	-9.1063782e-11	-9.0613093e-11	-9.0421289e-11	-8.9963634e-11	-9.101038e-11	-9.0653207e-11	-9.1666848e-11	-9.059016e-11	-9.002931e-11	-9.0118829e-11	-9.0014322e-11	-9.1038059e-11	-9.0744794e-11	-9.0616861e-11	-9.047002e-11	-9.0028332e-11	-9.0278174e-11	-8.9681665e-11	-9.0494952e-11	-9.1305193e-11	-9.0350449e-11	-8.9735101e-11	-8.8963052e-11	-8.9186346e-11	-8.8914286e-11	-8.9385312e-11	-8.9609126e-11	-8.9809181e-11	-9.1102313e-11	-9.0361184e-11	-9.0904249e-11	-9.0613135e-11	-9.1423938e-11	-9.2445114e-11	-9.1421863e-11	-9.1568482e-11	-9.151116e-11	-9.1170703e-11	-9.0967525e-11	-9.1534356e-11	-9.1570779e-11	-9.1367858e-11	-9.0834278e-11	-9.1029774e-11	-9.0663407e-11
	125.111111111111	-9.0994635e-11	-9.1849917e-11	-9.1369023e-11	-9.128346e-11	-9.1664398e-11	-9.1536806e-11	-9.134455e-11	-9.1546562e-11	-9.1657661e-11	-9.1561508e-11	-9.0704916e-11	-9.1231148e-11	-9.1591755e-11	-9.1755201e-11	-9.139027e-11	-9.163962e-11	-9.2028885e-11	-9.1392109e-11	-9.1769439e-11	-9.1649861e-11	-9.210846e-11	-9.1962486e-11	-9.2685956e-11	-9.1929159e-11	-9.1862726e-11	-9.2173651e-11	-9.1297733e-11	-9.0456163e-11	-8.9661362e-11	-9.0088104e-11	-8.9105716e-11	-8.9405233e-11	-8.9921827e-11	-8.9786546e-11	-9.0896492e-11	-9.1272954e-11	-9.1525731e-11	-9.1245497e-11	-9.1435762e-11	-9.1472933e-11	-9.146954e-11	-9.2105788e-11	-9.2310097e-11	-9.1853761e-11	-9.1426346e-11	-9.1552696e-11	-9.1175636e-11	-9.208511e-11	-9.2181339e-11	-9.2588263e-11	-9.277875e-11
	126	-9.2587132e-11	-9.1960377e-11	-9.2126994e-11	-9.2618094e-11	-9.2096678e-11	-9.2538699e-11	-9.1994384e-11	-9.2247057e-11	-9.213072e-11	-9.2041839e-11	-9.222894e-11	-9.220627e-11	-9.2404404e-11	-9.3445994e-11	-9.284018e-11	-9.2981824e-11	-9.3116688e-11	-9.2527555e-11	-9.2315558e-11	-9.2770541e-11	-9.3195132e-11	-9.2727159e-11	-9.1706504e-11	-9.2126126e-11	-9.2547851e-11	-9.264272e-11	-9.1303798e-11	-9.0521576e-11	-8.9841988e-11	-8.8944033e-11	-8.9171281e-11	-8.9690477e-11	-9.0028859e-11	-9.0593207e-11	-9.1619094e-11	-9.1159823e-11	-9.1708578e-11	-9.2443948e-11	-9.3056389e-11	-9.2251873e-11	-9.2887066e-11	-9.3132467e-11	-9.2310326e-11	-9.1826949e-11	-9.2356268e-11	-9.2537235e-11	-9.3017941e-11	-9.3242587e-11	-9.3110922e-11	-9.2536138e-11	-9.2925931e-11
	126.888888888889	-9.2810648e-11	-9.3314745e-11	-9.3362464e-11	-9.2982309e-11	-9.3219273e-11	-9.3245786e-11	-9.3212986e-11	-9.3512198e-11	-9.4027779e-11	-9.4259316e-11	-9.3975917e-11	-9.3616934e-11	-9.3188957e-11	-9.3548919e-11	-9.3838042e-11	-9.3930086e-11	-9.3171026e-11	-9.3832997e-11	-9.3370631e-11	-9.3100493e-11	-9.3658553e-11	-9.3524175e-11	-9.4110636e-11	-9.3838007e-11	-9.3826218e-11	-9.2907591e-11	-9.2101909e-11	-9.1382395e-11	-9.1298039e-11	-9.031139e-11	-8.9873921e-11	-9.0267557e-11	-9.0198182e-11	-9.1127994e-11	-9.2133128e-11	-9.1929124e-11	-9.2989012e-11	-9.3052885e-11	-9.2592933e-11	-9.3141543e-11	-9.2098107e-11	-9.3514647e-11	-9.3701144e-11	-9.3557842e-11	-9.4037229e-11	-9.4063521e-11	-9.3925569e-11	-9.3751007e-11	-9.3988421e-11	-9.3829944e-11	-9.4272277e-11
	127.777777777778	-9.4746086e-11	-9.4268961e-11	-9.4779379e-11	-9.4462535e-11	-9.4383563e-11	-9.4447138e-11	-9.4730834e-11	-9.5084995e-11	-9.4989717e-11	-9.3982475e-11	-9.4352005e-11	-9.3647062e-11	-9.4473533e-11	-9.5171357e-11	-9.4822275e-11	-9.4437153e-11	-9.4385035e-11	-9.4571115e-11	-9.4760019e-11	-9.5286369e-11	-9.47021e-11	-9.4636868e-11	-9.4714188e-11	-9.5004442e-11	-9.5263249e-11	-9.4591036e-11	-9.3055223e-11	-9.1891349e-11	-9.1114172e-11	-9.1159746e-11	-9.1279505e-11	-9.110028e-11	-9.0910168e-11	-9.1379043e-11	-9.2390089e-11	-9.3024456e-11	-9.375372e-11	-9.3927373e-11	-9.3895815e-11	-9.4050413e-11	-9.33097e-11	-9.4330758e-11	-9.4214275e-11	-9.4836923e-11	-9.4756029e-11	-9.5009528e-11	-9.4798586e-11	-9.4489652e-11	-9.451244e-11	-9.4574917e-11	-9.5112605e-11
	128.666666666667	-9.5643361e-11	-9.5793554e-11	-9.5491136e-11	-9.5663248e-11	-9.6123047e-11	-9.5656018e-11	-9.5651799e-11	-9.5422177e-11	-9.570339e-11	-9.5242876e-11	-9.5863525e-11	-9.6323213e-11	-1.0114925e-10	-1.0208125e-10	-9.7617359e-11	-9.5412386e-11	-9.5979745e-11	-9.604012e-11	-9.6060909e-11	-9.5897235e-11	-9.5824626e-11	-9.6451264e-11	-9.5609506e-11	-9.5041953e-11	-9.4120121e-11	-9.2096032e-11	-9.2485901e-11	-9.1626477e-11	-9.2110347e-11	-9.1357769e-11	-9.1131422e-11	-9.1106941e-11	-9.2142204e-11	-9.3418238e-11	-9.3812548e-11	-9.4060391e-11	-9.4465699e-11	-9.4874622e-11	-9.4524902e-11	-9.4474102e-11	-9.5423683e-11	-9.564257e-11	-9.5675974e-11	-9.5507741e-11	-9.7494589e-11	-9.5711904e-11	-9.5294994e-11	-9.5528981e-11	-9.6618102e-11	-9.5597336e-11	-9.5285314e-11
	129.555555555556	-9.3848249e-11	-9.6240779e-11	-9.6333046e-11	-9.6269853e-11	-9.5889026e-11	-9.5969954e-11	-9.6211324e-11	-9.5999861e-11	-9.5229394e-11	-9.6067272e-11	-9.624556e-11	-9.6090622e-11	-9.6261304e-11	-9.5945099e-11	-9.5277897e-11	-9.5544836e-11	-9.5522881e-11	-9.5933352e-11	-9.6073975e-11	-9.610663e-11	-9.6730672e-11	-9.5979218e-11	-9.6504367e-11	-9.6634596e-11	-9.6630946e-11	-9.689792e-11	-9.3637119e-11	-9.1824388e-11	-9.1312007e-11	-9.0876723e-11	-9.0459099e-11	-9.1168031e-11	-9.271936e-11	-9.2835885e-11	-9.2981067e-11	-9.4228923e-11	-9.3465576e-11	-9.3579353e-11	-9.3774058e-11	-9.3983488e-11	-9.5180093e-11	-9.4689333e-11	-9.5201222e-11	-9.5973236e-11	-9.5423384e-11	-9.5330285e-11	-9.5687007e-11	-9.5283358e-11	-9.5946605e-11	-9.6319529e-11	-9.5792839e-11
	130.444444444444	-9.5747757e-11	-9.5710662e-11	-9.6014287e-11	-9.5936252e-11	-9.63657e-11	-9.6274523e-11	-9.6582402e-11	-9.6623716e-11	-9.6641639e-11	-9.6086972e-11	-9.651261e-11	-9.6601005e-11	-9.601319e-11	-9.5666634e-11	-9.548104e-11	-9.5400521e-11	-9.5816716e-11	-9.6541088e-11	-9.6393643e-11	-9.6458043e-11	-9.5828574e-11	-9.575047e-11	-9.6897851e-11	-9.6563306e-11	-9.7183393e-11	-9.7632916e-11	-9.3922065e-11	-9.1153113e-11	-9.0795413e-11	-9.11086e-11	-9.1185316e-11	-9.1682821e-11	-9.2143376e-11	-9.3246237e-11	-9.3180935e-11	-9.3846028e-11	-9.4766459e-11	-9.5880325e-11	-9.538105e-11	-9.5175721e-11	-9.5091476e-11	-9.5385644e-11	-9.5728814e-11	-9.6229177e-11	-9.641684e-11	-9.6069833e-11	-9.5973833e-11	-9.6288082e-11	-9.5569844e-11	-9.6413794e-11	-9.6158151e-11
	131.333333333333	-9.6886665e-11	-9.6366866e-11	-9.7077527e-11	-9.6985975e-11	-9.6985447e-11	-9.6977648e-11	-9.7031619e-11	-9.6982845e-11	-9.703309e-11	-9.6372438e-11	-9.643341e-11	-9.6496984e-11	-9.7044123e-11	-9.6760953e-11	-9.6999457e-11	-9.7283875e-11	-9.6837628e-11	-9.6830023e-11	-9.6642395e-11	-9.6802302e-11	-9.6847495e-11	-9.6906663e-11	-9.7094062e-11	-9.7567156e-11	-9.7280448e-11	-9.7783524e-11	-9.4718823e-11	-9.1995557e-11	-9.1152551e-11	-9.1703346e-11	-9.1922005e-11	-9.187677e-11	-9.2227885e-11	-9.3524855e-11	-9.3713988e-11	-9.4814406e-11	-9.4828527e-11	-9.5335032e-11	-9.5016155e-11	-9.5359734e-11	-9.5538327e-11	-9.6191971e-11	-9.682697e-11	-9.7208776e-11	-9.6177996e-11	-9.5945668e-11	-9.6110016e-11	-9.6082489e-11	-9.6196301e-11	-9.6136911e-11	-9.6209332e-11
	132.222222222222	-9.7070074e-11	-9.7439189e-11	-9.7146298e-11	-9.7027442e-11	-9.8208108e-11	-9.813482e-11	-9.7147693e-11	-9.7558871e-11	-9.7825741e-11	-9.7833651e-11	-9.7832333e-11	-9.7460276e-11	-9.7215819e-11	-9.6739936e-11	-9.7624443e-11	-9.7245871e-11	-9.7153716e-11	-9.9114765e-11	-9.8139379e-11	-9.9068552e-11	-9.8736873e-11	-9.8105184e-11	-9.8506724e-11	-9.8205812e-11	-9.846899e-11	-9.9021139e-11	-9.507705e-11	-9.1970771e-11	-9.1448946e-11	-9.1157595e-11	-9.1721873e-11	-9.219233e-11	-9.3086969e-11	-9.3533292e-11	-9.4367597e-11	-9.4861896e-11	-9.5225813e-11	-9.5832682e-11	-9.5059009e-11	-9.671941e-11	-9.6165527e-11	-9.6054165e-11	-9.6287742e-11	-9.7030869e-11	-9.6967448e-11	-9.7057452e-11	-9.7168364e-11	-9.6424563e-11	-9.7106413e-11	-9.6654254e-11	-9.6104479e-11
	133.111111111111	-9.6632265e-11	-9.7173866e-11	-9.737313e-11	-9.75394e-11	-9.7465813e-11	-9.767491e-11	-9.7490557e-11	-9.6784337e-11	-9.6869041e-11	-9.6592984e-11	-9.7620113e-11	-9.8380484e-11	-9.6887491e-11	-9.7820842e-11	-9.7391283e-11	-9.7216533e-11	-9.7510063e-11	-9.7608435e-11	-9.8133619e-11	-9.803363e-11	-9.812149e-11	-9.8417732e-11	-9.869567e-11	-9.8785341e-11	-9.9301373e-11	-1.002081e-10	-9.6159088e-11	-9.2670628e-11	-9.1758254e-11	-9.1847661e-11	-9.2315482e-11	-9.219904e-11	-9.3225636e-11	-9.3995388e-11	-9.488596e-11	-9.5347723e-11	-9.5986073e-11	-9.5521979e-11	-9.6321673e-11	-9.6749241e-11	-9.6333309e-11	-9.6945944e-11	-9.6249175e-11	-9.7238419e-11	-9.6498864e-11	-9.6198938e-11	-9.7327597e-11	-9.6866591e-11	-9.6320278e-11	-9.6956075e-11	-9.6896942e-11
	134	-9.79739e-11	-9.8355213e-11	-9.806831e-11	-9.8341585e-11	-9.7844607e-11	-9.766956e-11	-9.7549462e-11	-9.8213798e-11	-9.8092263e-11	-9.9087342e-11	-9.9867191e-11	-9.8750168e-11	-9.9298438e-11	-9.91148e-11	-9.8521261e-11	-9.8392197e-11	-9.8900395e-11	-9.8426434e-11	-9.7702547e-11	-9.7777494e-11	-9.7936347e-11	-9.8839124e-11	-9.9140557e-11	-9.9218744e-11	-9.9855971e-11	-9.9984278e-11	-9.5451362e-11	-9.2716008e-11	-9.2061463e-11	-9.1717807e-11	-9.1427102e-11	-9.3166773e-11	-9.410777e-11	-9.4010043e-11	-9.5167624e-11	-9.5808125e-11	-9.6285931e-11	-9.7523885e-11	-9.6707732e-11	-9.785097e-11	-9.7465397e-11	-9.7915599e-11	-9.761951e-11	-9.788502e-11	-9.7876734e-11	-9.7673404e-11	-9.8108383e-11	-9.7545694e-11	-9.746276e-11	-9.8105073e-11	-9.8288627e-11
	134.888888888889	-9.8476186e-11	-9.8990482e-11	-9.8725687e-11	-9.9340688e-11	-9.8822096e-11	-9.865718e-11	-9.8687912e-11	-9.9362081e-11	-9.9434093e-11	-9.9701934e-11	-9.9042753e-11	-9.92001e-11	-9.9387165e-11	-9.9446139e-11	-1.0023902e-10	-9.9599572e-11	-9.9958215e-11	-9.9698812e-11	-1.0023416e-10	-9.9349279e-11	-9.9569103e-11	-1.0018027e-10	-1.0034568e-10	-1.0034119e-10	-9.9702163e-11	-9.9769651e-11	-9.4453646e-11	-9.2051408e-11	-9.1909425e-11	-9.2565594e-11	-9.266863e-11	-9.3306682e-11	-9.3421701e-11	-9.4436022e-11	-9.6270415e-11	-9.6547e-11	-9.6684577e-11	-9.6857133e-11	-9.6759031e-11	-9.7129839e-11	-9.7541662e-11	-9.7572429e-11	-9.7926674e-11	-9.79632e-11	-9.8155123e-11	-9.8729525e-11	-9.8309874e-11	-9.8252476e-11	-9.856909e-11	-9.8898702e-11	-9.8876782e-11
	135.777777777778	-9.9399815e-11	-9.9282166e-11	-9.9943796e-11	-9.9180629e-11	-9.9162817e-11	-9.9634412e-11	-9.9303142e-11	-9.993046e-11	-9.973835e-11	-9.9737898e-11	-1.0010811e-10	-9.9973432e-11	-1.0004337e-10	-9.9904855e-11	-9.9960179e-11	-9.9784112e-11	-9.949766e-11	-9.9777145e-11	-9.9921425e-11	-9.8881452e-11	-9.9688036e-11	-1.0010585e-10	-1.0092298e-10	-1.007535e-10	-9.9976145e-11	-1.0070153e-10	-9.587961e-11	-9.254808e-11	-9.2839049e-11	-9.1959322e-11	-9.2212328e-11	-9.2750994e-11	-9.3295496e-11	-9.4209945e-11	-9.5780182e-11	-9.5819165e-11	-9.6448065e-11	-9.6354251e-11	-9.6748297e-11	-9.713718e-11	-9.6893063e-11	-9.7446155e-11	-9.6976975e-11	-9.7483854e-11	-9.8111699e-11	-9.6835179e-11	-9.6822002e-11	-9.7664814e-11	-9.774432e-11	-9.8616094e-11	-9.870512e-11
	136.666666666667	-9.8545443e-11	-9.8541182e-11	-9.8440554e-11	-9.8814526e-11	-9.8973912e-11	-9.9765585e-11	-9.9284352e-11	-9.9189219e-11	-9.9036952e-11	-9.9029611e-11	-9.8915195e-11	-9.9556072e-11	-1.0137514e-10	-1.010006e-10	-9.983616e-11	-9.9254036e-11	-9.8889209e-11	-9.8912337e-11	-9.9371796e-11	-9.9716319e-11	-9.9723139e-11	-9.9856158e-11	-1.0009413e-10	-1.0001577e-10	-1.005101e-10	-1.012527e-10	-9.615423e-11	-9.3012285e-11	-9.3046938e-11	-9.1880011e-11	-9.2363242e-11	-9.2373442e-11	-9.3267179e-11	-9.5434979e-11	-9.5768053e-11	-9.5866877e-11	-9.7159482e-11	-9.7732149e-11	-9.7116468e-11	-9.7520762e-11	-9.8009864e-11	-9.8064626e-11	-9.7847848e-11	-9.8182164e-11	-9.8293415e-11	-9.9021513e-11	-9.8536103e-11	-9.8360903e-11	-9.8522697e-11	-9.8545255e-11	-9.8229619e-11
	137.555555555556	-9.9354851e-11	-9.9964322e-11	-9.9994561e-11	-1.0044668e-10	-1.0074808e-10	-1.0112017e-10	-1.0057435e-10	-9.9613019e-11	-9.9243183e-11	-1.0007964e-10	-1.0104236e-10	-1.0117136e-10	-1.0135955e-10	-1.0116582e-10	-1.0028847e-10	-1.0056015e-10	-1.0110733e-10	-1.0126031e-10	-1.0162121e-10	-1.0128004e-10	-1.0188529e-10	-1.0091816e-10	-1.0126863e-10	-1.0073332e-10	-1.0097559e-10	-1.0203454e-10	-9.6215994e-11	-9.3528393e-11	-9.3430624e-11	-9.3494879e-11	-9.3538371e-11	-9.4049699e-11	-9.4444043e-11	-9.618658e-11	-9.7548178e-11	-9.7323004e-11	-9.7892403e-11	-9.8219863e-11	-9.8378375e-11	-9.8983738e-11	-9.9042531e-11	-9.9536039e-11	-9.882771e-11	-9.8354234e-11	-9.9112954e-11	-9.9408745e-11	-9.9781135e-11	-9.9292977e-11	-9.9626238e-11	-9.9557314e-11	-9.9703364e-11
	138.444444444444	-1.0082336e-10	-1.0047414e-10	-1.0096587e-10	-1.0131398e-10	-1.0051891e-10	-1.0006099e-10	-1.0057895e-10	-1.0083331e-10	-1.0137487e-10	-1.0149222e-10	-1.0151385e-10	-1.0100184e-10	-1.0145893e-10	-1.0083685e-10	-1.0083463e-10	-1.0047801e-10	-1.0177472e-10	-1.0149162e-10	-1.0109501e-10	-1.0196544e-10	-1.0155064e-10	-1.0128306e-10	-1.0206256e-10	-1.0194631e-10	-1.0179457e-10	-1.0253543e-10	-9.6328563e-11	-9.3049762e-11	-9.3206581e-11	-9.3382836e-11	-9.2563408e-11	-9.3407726e-11	-9.5076225e-11	-9.54943e-11	-9.596126e-11	-9.6512465e-11	-9.6416465e-11	-9.7703456e-11	-9.9165488e-11	-9.83226e-11	-9.8895878e-11	-9.8648631e-11	-9.9157356e-11	-9.8628217e-11	-9.9594749e-11	-9.9713536e-11	-9.9667101e-11	-1.0012634e-10	-9.8669684e-11	-9.9909372e-11	-1.0009402e-10
	139.333333333333	-9.9991057e-11	-1.0103107e-10	-1.0136971e-10	-1.0158099e-10	-1.0071875e-10	-1.011526e-10	-1.0108282e-10	-1.0155293e-10	-1.0115693e-10	-1.009058e-10	-1.0190495e-10	-1.0083975e-10	-1.0132475e-10	-1.012011e-10	-1.0154544e-10	-1.0193941e-10	-1.016968e-10	-1.0129074e-10	-1.014441e-10	-1.0149705e-10	-1.0251242e-10	-1.0208927e-10	-9.9040116e-11	-9.4948327e-11	-9.860826e-11	-1.0193098e-10	-9.7021863e-11	-9.3619876e-11	-9.3466103e-11	-9.3495177e-11	-9.3217316e-11	-9.3887564e-11	-9.4903169e-11	-9.5309385e-11	-9.6859812e-11	-9.7177141e-11	-9.7690384e-11	-9.7609754e-11	-9.7678109e-11	-9.8259782e-11	-9.9136345e-11	-9.8943929e-11	-9.9316326e-11	-9.9267289e-11	-9.8663848e-11	-9.9405581e-11	-9.8934895e-11	-9.9970268e-11	-9.9597913e-11	-1.0024361e-10	-9.9005547e-11
	140.222222222222	-1.0045527e-10	-1.0116762e-10	-1.0122204e-10	-1.0147761e-10	-1.012022e-10	-1.0096418e-10	-1.0108289e-10	-1.0056874e-10	-1.0130644e-10	-1.0182488e-10	-1.0131307e-10	-1.0188514e-10	-1.0187573e-10	-1.0178564e-10	-1.0144304e-10	-1.0179427e-10	-1.0265794e-10	-1.020057e-10	-1.0174538e-10	-1.0266114e-10	-1.0278125e-10	-1.0341994e-10	-1.0287947e-10	-1.0225885e-10	-1.0274732e-10	-1.0288975e-10	-9.8003272e-11	-9.4088036e-11	-9.4308394e-11	-9.4695925e-11	-9.4463479e-11	-9.4955856e-11	-9.5902432e-11	-9.6286874e-11	-9.7055121e-11	-9.8474749e-11	-9.847765e-11	-9.8818259e-11	-9.9102296e-11	-9.9579837e-11	-9.9597199e-11	-9.9486516e-11	-9.9842447e-11	-1.0006759e-10	-9.9683289e-11	-9.944949e-11	-9.9467497e-11	-1.0007933e-10	-9.9874685e-11	-1.0050954e-10	-1.0077689e-10
	141.111111111111	-1.0106402e-10	-1.0120133e-10	-1.0127386e-10	-1.0154808e-10	-1.0061755e-10	-1.0087055e-10	-1.0085222e-10	-1.0214478e-10	-1.0130467e-10	-1.0164848e-10	-1.0200332e-10	-1.0251175e-10	-1.0350389e-10	-1.0186028e-10	-1.0179479e-10	-1.0154081e-10	-1.0211058e-10	-1.0212436e-10	-1.0206874e-10	-1.0277379e-10	-1.0275722e-10	-1.0239892e-10	-1.029181e-10	-1.0303241e-10	-1.0342498e-10	-1.0345768e-10	-9.731705e-11	-9.3386639e-11	-9.3258255e-11	-9.384829e-11	-9.4242558e-11	-9.5041579e-11	-9.6037671e-11	-9.7175712e-11	-9.7255738e-11	-9.7847321e-11	-9.7941433e-11	-9.8371297e-11	-9.9261904e-11	-9.9376167e-11	-9.9814539e-11	-1.0018622e-10	-9.9698472e-11	-1.0038567e-10	-1.0063148e-10	-1.0075125e-10	-1.0091421e-10	-1.0084054e-10	-1.0107882e-10	-1.0102723e-10	-1.0213913e-10
	142	-1.0250783e-10	-1.0265836e-10	-1.0256263e-10	-1.0163601e-10	-1.0160024e-10	-1.0200622e-10	-1.0242878e-10	-1.0249532e-10	-1.0203315e-10	-1.0198144e-10	-1.023884e-10	-1.0331302e-10	-1.0262051e-10	-1.0213491e-10	-1.0194393e-10	-1.0205469e-10	-1.029612e-10	-1.0258842e-10	-1.0260533e-10	-1.0311021e-10	-1.0318215e-10	-1.0342107e-10	-1.0344743e-10	-1.0298278e-10	-1.0379023e-10	-1.0428482e-10	-9.758535e-11	-9.4065061e-11	-9.4419604e-11	-9.3779783e-11	-9.4294232e-11	-9.5065192e-11	-9.6169787e-11	-9.718637e-11	-9.8096337e-11	-9.842259e-11	-9.8725382e-11	-9.8988595e-11	-9.934107e-11	-1.0026496e-10	-1.0054321e-10	-1.0099457e-10	-1.0061171e-10	-1.0136286e-10	-1.008756e-10	-1.0101028e-10	-1.0170885e-10	-1.0155015e-10	-1.0158593e-10	-1.0095548e-10	-1.0153324e-10
	142.888888888889	-1.0266947e-10	-1.0268288e-10	-1.0319273e-10	-1.0266691e-10	-1.0240148e-10	-1.0158258e-10	-1.0259392e-10	-1.0262288e-10	-1.0268032e-10	-1.0255159e-10	-1.0268495e-10	-1.0225965e-10	-1.0306608e-10	-1.0291201e-10	-1.0365694e-10	-1.0355707e-10	-1.037706e-10	-1.0255886e-10	-1.0280569e-10	-1.0247593e-10	-1.0292391e-10	-1.0338107e-10	-1.0297389e-10	-1.0407648e-10	-1.0451764e-10	-1.0469759e-10	-9.7855453e-11	-9.4042017e-11	-9.4441524e-11	-9.4214914e-11	-9.452969e-11	-9.5645845e-11	-9.7407929e-11	-9.7272121e-11	-9.7690911e-11	-9.8752541e-11	-9.9803242e-11	-1.002995e-10	-1.0044879e-10	-1.0120706e-10	-1.0119418e-10	-1.0056068e-10	-1.0065747e-10	-1.0139291e-10	-1.0099552e-10	-1.0086863e-10	-1.0045094e-10	-1.0052023e-10	-1.0019156e-10	-1.0037938e-10	-1.006261e-10
	143.777777777778	-1.0162076e-10	-1.0173642e-10	-1.0166844e-10	-1.0200788e-10	-1.0239074e-10	-1.0266171e-10	-1.0251947e-10	-1.0217908e-10	-1.0254775e-10	-1.0241714e-10	-1.0209107e-10	-1.0246135e-10	-1.0192277e-10	-1.028226e-10	-1.0292896e-10	-1.0334059e-10	-1.0315052e-10	-1.0311214e-10	-1.0327894e-10	-1.0336131e-10	-1.0381222e-10	-1.0429149e-10	-1.0425986e-10	-1.0427447e-10	-1.0393639e-10	-1.0421101e-10	-9.7670164e-11	-9.5107561e-11	-9.5053548e-11	-9.5394005e-11	-9.6027429e-11	-9.6215431e-11	-9.6171293e-11	-9.7561174e-11	-9.8248673e-11	-9.9065499e-11	-9.998051e-11	-9.9674102e-11	-1.0024851e-10	-1.0105509e-10	-1.0042842e-10	-1.013432e-10	-1.0171974e-10	-1.0111283e-10	-1.0097202e-10	-1.0181626e-10	-1.0182372e-10	-1.0178448e-10	-1.0194461e-10	-1.0214252e-10	-1.0232803e-10
	144.666666666667	-1.0296413e-10	-1.0294311e-10	-1.0346299e-10	-1.0257437e-10	-1.0325525e-10	-1.0323284e-10	-1.0381403e-10	-1.0357894e-10	-1.032258e-10	-1.0307602e-10	-1.0343564e-10	-1.0313198e-10	-1.0305636e-10	-1.0391714e-10	-1.0369114e-10	-1.0390697e-10	-1.0448296e-10	-1.0396087e-10	-1.0463341e-10	-1.0532619e-10	-1.0587867e-10	-1.0507797e-10	-1.052871e-10	-1.0534024e-10	-1.057463e-10	-1.0559403e-10	-9.906799e-11	-9.5591729e-11	-9.5126428e-11	-9.5024738e-11	-9.5795434e-11	-9.6274558e-11	-9.6834013e-11	-9.7960265e-11	-9.8189318e-11	-1.0037882e-10	-9.9930314e-11	-1.004454e-10	-1.0036533e-10	-1.0081681e-10	-1.0089368e-10	-1.0163778e-10	-1.0199865e-10	-1.0192081e-10	-1.0128083e-10	-1.0122333e-10	-1.0184337e-10	-1.030747e-10	-1.0266148e-10	-1.0289566e-10	-1.0231353e-10
	145.555555555556	-1.0299867e-10	-1.0431477e-10	-1.0379527e-10	-1.0350622e-10	-1.0334925e-10	-1.0393021e-10	-1.0387323e-10	-1.0432256e-10	-1.04432e-10	-1.0412447e-10	-1.0436459e-10	-1.0422035e-10	-1.0414401e-10	-1.0413192e-10	-1.0424848e-10	-1.0449799e-10	-1.0429055e-10	-1.0463778e-10	-1.0465839e-10	-1.03922e-10	-1.0351112e-10	-1.049329e-10	-1.0507145e-10	-1.0429635e-10	-1.0428403e-10	-1.0536046e-10	-9.8852565e-11	-9.5346363e-11	-9.4870257e-11	-9.4829471e-11	-9.5414454e-11	-9.6069944e-11	-9.693344e-11	-9.8405152e-11	-1.0001983e-10	-1.0003418e-10	-1.0029856e-10	-1.0165033e-10	-1.016832e-10	-1.0153395e-10	-1.0215095e-10	-1.0180624e-10	-1.0216504e-10	-1.0305798e-10	-1.0286779e-10	-1.026738e-10	-1.0244419e-10	-1.0271237e-10	-1.0245894e-10	-1.0253171e-10	-1.0332322e-10
	146.444444444444	-1.0353703e-10	-1.0426554e-10	-1.0413354e-10	-1.0454017e-10	-1.0448989e-10	-1.0443829e-10	-1.0420336e-10	-1.0420589e-10	-1.0415587e-10	-1.0312558e-10	-1.0381233e-10	-1.0410281e-10	-1.0429695e-10	-1.0432162e-10	-1.0422205e-10	-1.0332782e-10	-1.0413934e-10	-1.039417e-10	-1.0449863e-10	-1.0494084e-10	-1.0519118e-10	-1.0530969e-10	-1.0508915e-10	-1.0560364e-10	-1.0596315e-10	-1.0577556e-10	-9.9995123e-11	-9.5681546e-11	-9.5941748e-11	-9.6489074e-11	-9.6691051e-11	-9.6308038e-11	-9.7588999e-11	-9.9299263e-11	-1.0026504e-10	-1.0082939e-10	-1.0160513e-10	-1.0149671e-10	-1.013542e-10	-1.0179901e-10	-1.0245612e-10	-1.036058e-10	-1.0233978e-10	-1.0200309e-10	-1.0209506e-10	-1.0270464e-10	-1.0200912e-10	-1.0216662e-10	-1.0263444e-10	-1.0311014e-10	-1.0308446e-10
	147.333333333333	-1.0366033e-10	-1.0321337e-10	-1.0407392e-10	-1.0423481e-10	-1.0386901e-10	-1.0400048e-10	-1.0467718e-10	-1.041723e-10	-1.0462935e-10	-1.0399778e-10	-1.041222e-10	-1.0495888e-10	-1.044067e-10	-1.0468282e-10	-1.0505597e-10	-1.0430023e-10	-1.0414349e-10	-1.0508956e-10	-1.0474128e-10	-1.0486492e-10	-1.0529723e-10	-1.0499843e-10	-1.0498068e-10	-1.0552707e-10	-1.062566e-10	-1.0625936e-10	-9.9087606e-11	-9.6380161e-11	-9.5335372e-11	-9.5699212e-11	-9.5224342e-11	-9.639229e-11	-9.7464758e-11	-9.8392461e-11	-9.9124174e-11	-9.9617502e-11	-1.0019108e-10	-1.0117753e-10	-1.0110654e-10	-1.0147855e-10	-1.0232608e-10	-1.0240445e-10	-1.02384e-10	-1.0210233e-10	-1.0263203e-10	-1.0274528e-10	-1.0373079e-10	-1.0268171e-10	-1.0290813e-10	-1.0320885e-10	-1.0300469e-10
	148.222222222222	-1.0433796e-10	-1.051531e-10	-1.0373336e-10	-1.0419903e-10	-1.0394739e-10	-1.0495693e-10	-1.0612532e-10	-1.052828e-10	-1.0474305e-10	-1.0432553e-10	-1.0475879e-10	-1.0495474e-10	-1.0445678e-10	-1.0485317e-10	-1.0556153e-10	-1.0485264e-10	-1.0496355e-10	-1.0506109e-10	-1.0564175e-10	-1.0555754e-10	-1.0508339e-10	-1.0568649e-10	-1.0580908e-10	-1.0571816e-10	-1.064213e-10	-1.0683455e-10	-9.859244e-11	-9.5736044e-11	-9.5492753e-11	-9.5742747e-11	-9.7079525e-11	-9.7430258e-11	-9.9391079e-11	-1.0012449e-10	-1.0137453e-10	-1.028008e-10	-1.0459191e-10	-1.0418461e-10	-1.0515445e-10	-1.0472734e-10	-1.0515137e-10	-1.0598093e-10	-1.054609e-10	-1.0539809e-10	-1.0603576e-10	-1.0631878e-10	-1.055604e-10	-1.0632285e-10	-1.0581446e-10	-1.0620071e-10	-1.0592797e-10
	149.111111111111	-1.0666101e-10	-1.0707456e-10	-1.073342e-10	-1.0796788e-10	-1.0826785e-10	-1.0837323e-10	-1.0879164e-10	-1.0820891e-10	-1.087562e-10	-1.0865685e-10	-1.07984e-10	-1.0835097e-10	-1.0785467e-10	-1.0867403e-10	-1.0815254e-10	-1.0801786e-10	-1.086268e-10	-1.0898345e-10	-1.0957307e-10	-1.088142e-10	-1.0913477e-10	-1.0915714e-10	-1.0986837e-10	-1.1010205e-10	-1.1102814e-10	-1.1096159e-10	-1.0326565e-10	-9.9200814e-11	-9.9100714e-11	-9.9457179e-11	-1.0021341e-10	-1.0072526e-10	-1.0118653e-10	-1.0141223e-10	-1.0281582e-10	-1.0400192e-10	-1.052668e-10	-1.047145e-10	-1.0582749e-10	-1.0649488e-10	-1.0521811e-10	-1.0562266e-10	-1.0570325e-10	-1.0613635e-10	-1.0639147e-10	-1.0673682e-10	-1.0722249e-10	-1.0614897e-10	-1.0628285e-10	-1.0652102e-10	-1.0726441e-10
	150	-1.0831869e-10	-1.0830231e-10	-1.0862913e-10	-1.0859701e-10	-1.090796e-10	-1.0795361e-10	-1.088261e-10	-1.0895983e-10	-1.0879017e-10	-1.0922452e-10	-1.093163e-10	-1.0976126e-10	-1.084861e-10	-1.0732497e-10	-1.1001961e-10	-1.0956813e-10	-1.1053406e-10	-1.1001284e-10	-1.0956516e-10	-1.0942811e-10	-1.0960915e-10	-1.1023026e-10	-1.1060795e-10	-1.1062897e-10	-1.1166582e-10	-1.1131662e-10	-1.0499123e-10	-1.0055002e-10	-9.9656478e-11	-9.9530953e-11	-9.9284761e-11	-1.0026485e-10	-1.0107799e-10	-1.0260628e-10	-1.0391443e-10	-1.0534626e-10	-1.0509443e-10	-1.0520601e-10	-1.0589701e-10	-1.0588704e-10	-1.0639357e-10	-1.0715701e-10	-1.0720883e-10	-1.0679828e-10	-1.0703637e-10	-1.0691797e-10	-1.0726114e-10	-1.0713546e-10	-1.074964e-10	-1.0673527e-10	-1.0584682e-10
