I1_1756
																																																				
		261.5	261.52	261.54	261.56	261.58	261.6	261.62	261.64	261.66	261.68	261.7	261.72	261.74	261.76	261.78	261.8	261.82	261.84	261.86	261.88	261.9	261.92	261.94	261.96	261.98	262	262.02	262.04	262.06	262.08	262.1	262.12	262.14	262.16	262.18	262.2	262.22	262.24	262.26	262.28	262.3	262.32	262.34	262.36	262.38	262.4	262.42	262.44	262.46	262.48	262.5
	150	-9.9669134e-11	-9.8645848e-11	-9.890435e-11	-9.9396727e-11	-9.9764565e-11	-9.9354927e-11	-9.917208e-11	-9.838802e-11	-9.8412348e-11	-9.9253543e-11	-9.9491526e-11	-1.0008235e-10	-9.8758411e-11	-9.8380075e-11	-9.8002786e-11	-9.7846037e-11	-9.7490481e-11	-9.639349e-11	-9.5687874e-11	-9.5047678e-11	-9.3309811e-11	-9.2563561e-11	-9.2320492e-11	-9.2412841e-11	-9.3005437e-11	-9.991355e-11	-1.0207145e-10	-1.0191817e-10	-1.0267986e-10	-1.0137883e-10	-1.0178093e-10	-1.0132298e-10	-1.0161515e-10	-1.0116996e-10	-1.0178271e-10	-1.0150322e-10	-1.0098753e-10	-1.0140342e-10	-1.0085598e-10	-1.006673e-10	-1.0135891e-10	-1.0139359e-10	-1.0071038e-10	-1.0063585e-10	-1.014592e-10	-1.0046596e-10	-1.0084803e-10	-1.006548e-10	-1.0057721e-10	-1.0108481e-10	-1.0010819e-10
	149.111111111111	-1.0015394e-10	-1.0009176e-10	-9.9215428e-11	-9.9250795e-11	-9.9289167e-11	-9.9109713e-11	-9.8639555e-11	-9.8642684e-11	-9.9947557e-11	-9.921336e-11	-9.8285997e-11	-9.8625171e-11	-9.8507293e-11	-9.7971221e-11	-9.7757157e-11	-9.7138166e-11	-9.7650839e-11	-9.6339527e-11	-9.4420582e-11	-9.3706452e-11	-9.385371e-11	-9.2453663e-11	-9.2340753e-11	-9.1630016e-11	-9.1366956e-11	-9.9582509e-11	-1.0191553e-10	-1.0143754e-10	-1.0155851e-10	-1.0135841e-10	-1.0114939e-10	-1.00826e-10	-1.0096685e-10	-1.0047854e-10	-1.0122898e-10	-1.0179219e-10	-1.0126227e-10	-1.0055838e-10	-1.0117809e-10	-1.0121937e-10	-1.0137224e-10	-1.010586e-10	-1.004147e-10	-1.0039621e-10	-1.0011655e-10	-1.0043158e-10	-1.0019394e-10	-1.0145155e-10	-1.0114989e-10	-1.0121399e-10	-1.0045165e-10
	148.222222222222	-9.9717186e-11	-9.9334888e-11	-9.9673651e-11	-9.9711121e-11	-9.9635689e-11	-9.9043281e-11	-9.896909e-11	-9.9149106e-11	-9.8803042e-11	-9.811249e-11	-9.8865562e-11	-9.844018e-11	-9.7331816e-11	-9.8043233e-11	-9.7270164e-11	-9.6467834e-11	-9.7502798e-11	-9.6689205e-11	-9.5262083e-11	-9.3732855e-11	-9.3293991e-11	-9.2427302e-11	-9.1861935e-11	-9.1867881e-11	-9.2582574e-11	-9.7589228e-11	-1.0091236e-10	-1.013986e-10	-1.0121493e-10	-1.0106805e-10	-1.0058877e-10	-1.013676e-10	-1.0034929e-10	-1.0063649e-10	-1.0009139e-10	-1.0002266e-10	-9.9837291e-11	-1.0136587e-10	-1.0065739e-10	-1.0043275e-10	-1.0045719e-10	-1.003064e-10	-9.9802604e-11	-1.0053014e-10	-1.0108334e-10	-1.0057544e-10	-9.9551707e-11	-1.0013628e-10	-1.0010811e-10	-9.9448963e-11	-9.9007733e-11
	147.333333333333	-9.8745234e-11	-9.9005394e-11	-9.9199503e-11	-9.9354552e-11	-9.8522766e-11	-9.8480925e-11	-9.8813666e-11	-9.8380408e-11	-9.8163068e-11	-9.8348697e-11	-9.9255236e-11	-9.7810565e-11	-9.817188e-11	-9.7786196e-11	-9.7850748e-11	-9.7410337e-11	-9.6661373e-11	-9.6474724e-11	-9.5691642e-11	-9.3656895e-11	-9.2681661e-11	-9.4409772e-11	-9.2743202e-11	-9.2876408e-11	-9.1929457e-11	-9.7993932e-11	-1.0169853e-10	-1.0230585e-10	-1.0158333e-10	-1.023431e-10	-1.0144165e-10	-1.0235613e-10	-1.0124845e-10	-1.0152747e-10	-1.0051537e-10	-1.0050686e-10	-1.0038341e-10	-1.0067728e-10	-1.0053537e-10	-1.0094667e-10	-1.0130637e-10	-1.0109825e-10	-1.0037648e-10	-9.9743325e-11	-9.9836042e-11	-9.9407503e-11	-1.0031167e-10	-1.0048923e-10	-1.0056821e-10	-1.0104816e-10	-1.0046182e-10
	146.444444444444	-9.922884e-11	-9.9045543e-11	-9.8676692e-11	-9.8993869e-11	-9.8730468e-11	-9.9088925e-11	-9.9860523e-11	-9.8579221e-11	-9.8906196e-11	-9.9460905e-11	-9.866799e-11	-9.8570596e-11	-9.7921699e-11	-9.8087143e-11	-9.7655849e-11	-9.7042541e-11	-9.6924212e-11	-9.6376206e-11	-9.5559831e-11	-9.4250205e-11	-9.2989769e-11	-9.2507633e-11	-9.1679463e-11	-9.1345077e-11	-9.1504755e-11	-9.7092744e-11	-1.0075972e-10	-1.0048521e-10	-1.005234e-10	-1.0112533e-10	-1.0075354e-10	-1.0036601e-10	-1.0088645e-10	-1.000732e-10	-9.9578706e-11	-9.9861466e-11	-9.9645632e-11	-9.9501657e-11	-1.0014682e-10	-1.0021495e-10	-9.9582738e-11	-9.9136005e-11	-9.9781364e-11	-9.9568728e-11	-9.9559916e-11	-9.9339294e-11	-9.9080792e-11	-9.9052773e-11	-9.8469892e-11	-9.7992239e-11	-9.8960992e-11
	145.555555555556	-9.8458332e-11	-9.8028433e-11	-9.8144916e-11	-9.7487657e-11	-9.7248959e-11	-9.7077756e-11	-9.7920158e-11	-9.7861746e-11	-9.7524565e-11	-9.7134925e-11	-9.6830169e-11	-9.633308e-11	-9.6660471e-11	-9.6405807e-11	-9.6050286e-11	-9.5948756e-11	-9.5285731e-11	-9.4584146e-11	-9.3282319e-11	-9.278734e-11	-9.1875042e-11	-9.2454037e-11	-9.1013995e-11	-9.0749241e-11	-9.0467085e-11	-9.6811489e-11	-9.9785201e-11	-9.9969741e-11	-9.9507451e-11	-9.9522252e-11	-9.9271355e-11	-9.9388636e-11	-9.9135478e-11	-9.8522808e-11	-9.8365309e-11	-9.8800031e-11	-9.8728213e-11	-9.7729477e-11	-9.7932398e-11	-9.7606964e-11	-9.8942805e-11	-9.9524514e-11	-9.9372399e-11	-9.8999482e-11	-9.8225358e-11	-9.7996458e-11	-9.8965627e-11	-9.8453093e-11	-9.88662e-11	-9.8673111e-11	-9.8108875e-11
	144.666666666667	-9.7849166e-11	-9.7364054e-11	-9.7668769e-11	-9.7474737e-11	-9.7360439e-11	-9.7365331e-11	-9.8072266e-11	-9.7167309e-11	-9.7587875e-11	-9.7208588e-11	-9.7009401e-11	-9.6395378e-11	-9.6375116e-11	-9.6058987e-11	-9.5611012e-11	-9.5041842e-11	-9.4399835e-11	-9.4218723e-11	-9.3413152e-11	-9.2689495e-11	-9.1741455e-11	-9.1389063e-11	-9.0681941e-11	-9.0740727e-11	-9.079025e-11	-9.6363438e-11	-9.9544928e-11	-9.9602548e-11	-9.9888618e-11	-9.9453709e-11	-9.9089528e-11	-9.9964322e-11	-9.8387153e-11	-9.8869662e-11	-9.9051718e-11	-9.7936763e-11	-9.8085262e-11	-9.8301284e-11	-9.8476484e-11	-9.7878462e-11	-9.7661386e-11	-9.7832596e-11	-9.7615895e-11	-9.8037245e-11	-9.7923919e-11	-9.7739532e-11	-9.8156816e-11	-9.7871683e-11	-9.817621e-11	-9.8060934e-11	-9.6961272e-11
	143.777777777778	-9.6164209e-11	-9.5977185e-11	-9.6545077e-11	-9.7381755e-11	-9.5710773e-11	-9.6205301e-11	-9.597971e-11	-9.6547298e-11	-9.6241681e-11	-9.608761e-11	-9.6673579e-11	-9.5081838e-11	-9.5558964e-11	-9.4989676e-11	-9.538817e-11	-9.4649032e-11	-9.4834481e-11	-9.3747843e-11	-9.2667388e-11	-9.097622e-11	-9.0803018e-11	-9.0282053e-11	-9.0040801e-11	-8.9780183e-11	-9.0267821e-11	-9.548673e-11	-9.8072835e-11	-9.8570256e-11	-9.8266902e-11	-9.8755365e-11	-9.8665125e-11	-9.7978188e-11	-9.7989492e-11	-9.7339276e-11	-9.7411655e-11	-9.7625873e-11	-9.7280371e-11	-9.7029058e-11	-9.7149837e-11	-9.5914179e-11	-9.864095e-11	-9.7772637e-11	-9.5933803e-11	-9.6209478e-11	-9.6692862e-11	-9.6589028e-11	-9.613868e-11	-9.526404e-11	-9.5530681e-11	-9.5410915e-11	-9.5410242e-11
	142.888888888889	-9.5043383e-11	-9.5897193e-11	-9.5388926e-11	-9.5140999e-11	-9.500354e-11	-9.4928856e-11	-9.4893114e-11	-9.5957152e-11	-9.5660271e-11	-9.5645922e-11	-9.5557492e-11	-9.5383465e-11	-9.5274996e-11	-9.4481215e-11	-9.457217e-11	-9.4340369e-11	-9.45269e-11	-9.307808e-11	-9.3295233e-11	-9.1438211e-11	-9.1590624e-11	-9.0789008e-11	-9.0833223e-11	-9.0610873e-11	-9.0558526e-11	-9.5797016e-11	-9.9551631e-11	-9.9135589e-11	-9.8803382e-11	-9.8287725e-11	-9.8154519e-11	-9.8066277e-11	-9.7627871e-11	-9.810127e-11	-9.7545125e-11	-9.8224873e-11	-9.7910326e-11	-9.8082965e-11	-9.7551002e-11	-9.7484722e-11	-9.7484985e-11	-9.762708e-11	-9.7253559e-11	-9.7724773e-11	-9.7614916e-11	-9.685646e-11	-9.6821474e-11	-9.6829378e-11	-9.6645969e-11	-9.7801524e-11	-9.6762307e-11
	142	-9.6654899e-11	-9.6441848e-11	-9.5541679e-11	-9.5858897e-11	-9.6775296e-11	-9.578828e-11	-9.6022836e-11	-9.5684939e-11	-9.628303e-11	-9.5617791e-11	-9.5536176e-11	-9.6382347e-11	-9.5765118e-11	-9.5934705e-11	-9.5150526e-11	-9.4915978e-11	-9.3725853e-11	-9.3072959e-11	-9.1993857e-11	-9.2163596e-11	-9.1330915e-11	-9.0362121e-11	-9.0362801e-11	-8.9835771e-11	-8.9772766e-11	-9.5601554e-11	-9.9042566e-11	-9.8038376e-11	-9.8218919e-11	-9.7301271e-11	-9.779693e-11	-9.804877e-11	-9.815463e-11	-9.7914093e-11	-9.7875416e-11	-9.7632312e-11	-9.7427511e-11	-9.7971561e-11	-9.747067e-11	-9.6642847e-11	-9.7124156e-11	-9.7374747e-11	-9.6774887e-11	-9.6969745e-11	-9.633553e-11	-9.7675888e-11	-9.7527049e-11	-9.6795821e-11	-9.7583733e-11	-9.711304e-11	-9.6700731e-11
	141.111111111111	-9.6169975e-11	-9.6388598e-11	-9.5966984e-11	-9.6226839e-11	-9.6117961e-11	-9.5833737e-11	-9.6493862e-11	-9.5711716e-11	-9.5690851e-11	-9.578327e-11	-9.5312813e-11	-9.5061084e-11	-9.4557327e-11	-9.477049e-11	-9.4649032e-11	-9.4189719e-11	-9.3378201e-11	-9.3077858e-11	-9.2099876e-11	-9.1264066e-11	-9.0021067e-11	-9.0127794e-11	-8.9770094e-11	-9.040016e-11	-8.9979864e-11	-9.5258391e-11	-9.8160396e-11	-9.7966815e-11	-9.7951605e-11	-9.8013063e-11	-9.7397083e-11	-9.785097e-11	-9.7539594e-11	-9.7673404e-11	-9.7638078e-11	-9.7129048e-11	-9.7020697e-11	-9.7481634e-11	-9.7299314e-11	-9.8166988e-11	-9.8069594e-11	-9.7776856e-11	-9.6796425e-11	-9.7019566e-11	-9.7824499e-11	-9.6995842e-11	-9.675534e-11	-9.6912048e-11	-9.6818609e-11	-9.6895929e-11	-9.7514323e-11
	140.222222222222	-9.6277833e-11	-9.6237879e-11	-9.671685e-11	-9.6260513e-11	-9.6199278e-11	-9.6177843e-11	-9.6832847e-11	-9.6269624e-11	-9.6011005e-11	-9.556661e-11	-9.5575159e-11	-9.5067489e-11	-9.5200653e-11	-9.5261896e-11	-9.4781336e-11	-9.4422012e-11	-9.3802834e-11	-9.253727e-11	-9.167736e-11	-9.1174811e-11	-9.0166249e-11	-8.9735178e-11	-8.9110157e-11	-8.9277523e-11	-8.9173356e-11	-9.4455083e-11	-9.7622445e-11	-9.7620113e-11	-9.779124e-11	-9.7556047e-11	-9.683733e-11	-9.6829267e-11	-9.7376593e-11	-9.7725335e-11	-9.7053122e-11	-9.6627741e-11	-9.6681482e-11	-9.7119444e-11	-9.7610656e-11	-9.6607632e-11	-9.6548956e-11	-9.6502743e-11	-9.7565726e-11	-9.6964166e-11	-9.6711993e-11	-9.6616409e-11	-9.7275174e-11	-9.7061525e-11	-9.7848597e-11	-9.8699965e-11	-9.7446343e-11
	139.333333333333	-9.6374735e-11	-9.5377962e-11	-9.628371e-11	-9.5951198e-11	-9.6021475e-11	-9.6035221e-11	-9.5750317e-11	-9.533891e-11	-9.5118101e-11	-9.5216661e-11	-9.5164994e-11	-9.5405343e-11	-9.5026174e-11	-9.3903801e-11	-9.3959202e-11	-9.3170048e-11	-9.2657972e-11	-9.2748212e-11	-9.1190402e-11	-9.0468549e-11	-9.0248913e-11	-8.9709684e-11	-8.9255756e-11	-8.893989e-11	-8.888916e-11	-9.3805463e-11	-9.7154243e-11	-9.6869374e-11	-9.756234e-11	-9.7881779e-11	-9.7423028e-11	-9.7225006e-11	-9.7251297e-11	-9.6479019e-11	-9.6606653e-11	-9.6241189e-11	-9.7233749e-11	-9.6700356e-11	-9.6656932e-11	-9.6143309e-11	-9.6904172e-11	-9.6441737e-11	-9.6679449e-11	-9.6591249e-11	-9.6856571e-11	-9.6539124e-11	-9.6679449e-11	-9.6509641e-11	-9.6613731e-11	-9.7369814e-11	-9.6450133e-11
	138.444444444444	-9.5809367e-11	-9.5901072e-11	-9.6001894e-11	-9.6179203e-11	-9.6248912e-11	-9.5944121e-11	-9.6088512e-11	-9.5493655e-11	-9.521342e-11	-9.5820178e-11	-9.5459723e-11	-9.532275e-11	-9.5717857e-11	-9.4944601e-11	-9.4936989e-11	-9.455093e-11	-9.3696322e-11	-9.339101e-11	-9.2075549e-11	-9.1072407e-11	-9.06204e-11	-9.0139431e-11	-8.9273304e-11	-8.9403727e-11	-8.9624572e-11	-9.4727254e-11	-9.8184759e-11	-9.7832104e-11	-9.7271448e-11	-9.7177821e-11	-9.7228815e-11	-9.6839363e-11	-9.7217179e-11	-9.6843054e-11	-9.6297872e-11	-9.6492841e-11	-9.6562591e-11	-9.6684272e-11	-9.698093e-11	-9.7293854e-11	-9.6965561e-11	-9.6719827e-11	-9.6329396e-11	-9.6454504e-11	-9.6156791e-11	-9.7572811e-11	-9.733065e-11	-9.7281086e-11	-9.6899731e-11	-9.6356811e-11	-9.7105282e-11
	137.555555555556	-9.632932e-11	-9.5733033e-11	-9.6117059e-11	-9.6119245e-11	-9.5074115e-11	-9.5395102e-11	-9.5141568e-11	-9.517629e-11	-9.5010541e-11	-9.5101454e-11	-9.5249197e-11	-9.4974917e-11	-9.4705979e-11	-9.423759e-11	-9.4373356e-11	-9.3486476e-11	-9.3778763e-11	-9.3148621e-11	-9.2107336e-11	-9.1676264e-11	-9.0532949e-11	-8.9984797e-11	-8.9851515e-11	-8.9254777e-11	-8.9419847e-11	-8.9499456e-11	-9.0081394e-11	-9.5134976e-11	-9.7862912e-11	-9.7717313e-11	-9.7067548e-11	-9.7290162e-11	-9.6730894e-11	-9.5892377e-11	-9.7015951e-11	-9.6442868e-11	-9.7624665e-11	-9.5969052e-11	-9.6886471e-11	-9.6531595e-11	-9.6848703e-11	-9.6656141e-11	-9.6618741e-11	-9.6377677e-11	-9.6728257e-11	-9.734074e-11	-9.644565e-11	-9.6490697e-11	-9.608106e-11	-9.7126904e-11	-9.6773527e-11
	136.666666666667	-9.6399104e-11	-9.6048745e-11	-9.5382147e-11	-9.607435e-11	-9.5881456e-11	-9.5863567e-11	-9.5778753e-11	-9.5512341e-11	-9.5685619e-11	-9.4937107e-11	-9.5033703e-11	-9.4790002e-11	-9.4633634e-11	-9.4666282e-11	-9.4018592e-11	-9.338031e-11	-9.2692506e-11	-9.2538588e-11	-9.2460629e-11	-9.1853573e-11	-9.0500489e-11	-9.0169337e-11	-8.9398225e-11	-9.0357e-11	-8.9336198e-11	-9.4703641e-11	-9.7531004e-11	-9.8435697e-11	-9.6968912e-11	-9.6959538e-11	-9.6456877e-11	-9.6637233e-11	-9.5926045e-11	-9.6467008e-11	-9.737889e-11	-9.6659382e-11	-9.6785691e-11	-9.779659e-11	-9.7615291e-11	-9.7059229e-11	-9.6522478e-11	-9.6846552e-11	-9.7042242e-11	-9.690429e-11	-9.6686797e-11	-9.6561231e-11	-9.6310335e-11	-9.7355131e-11	-9.7122872e-11	-9.679571e-11	-9.6723816e-11
	135.777777777778	-9.6015716e-11	-9.5971987e-11	-9.4158611e-11	-9.4770865e-11	-9.42516e-11	-9.5135386e-11	-9.5318871e-11	-9.5313188e-11	-9.4805816e-11	-9.4057422e-11	-9.4292761e-11	-9.4366952e-11	-9.3764267e-11	-9.4191904e-11	-9.3829229e-11	-9.4178269e-11	-9.3211362e-11	-9.2068915e-11	-9.2161223e-11	-9.1613293e-11	-9.0438837e-11	-9.0231475e-11	-8.8849955e-11	-8.9223406e-11	-8.9837353e-11	-9.4974278e-11	-9.7848035e-11	-9.7481176e-11	-9.6758726e-11	-9.621931e-11	-9.67907e-11	-9.6336703e-11	-9.7122838e-11	-9.7066646e-11	-9.6556603e-11	-9.6847079e-11	-9.6598632e-11	-9.6445199e-11	-9.5655373e-11	-9.6222287e-11	-9.7681231e-11	-9.7014258e-11	-9.6607555e-11	-9.6647551e-11	-9.6450965e-11	-9.6648418e-11	-9.648591e-11	-9.6141727e-11	-9.6664503e-11	-9.580952e-11	-9.563602e-11
	134.888888888889	-9.5476897e-11	-9.5757513e-11	-9.5329716e-11	-9.5516858e-11	-9.5256435e-11	-9.4971565e-11	-9.4961657e-11	-9.4657206e-11	-9.5249877e-11	-9.4336677e-11	-9.4402014e-11	-9.4394707e-11	-9.4294045e-11	-9.4062542e-11	-9.2900548e-11	-9.2352619e-11	-9.1689899e-11	-9.1560946e-11	-9.1148859e-11	-9.0458648e-11	-9.0298664e-11	-8.9853736e-11	-8.8691936e-11	-8.8793355e-11	-8.8707375e-11	-9.4362664e-11	-9.7680142e-11	-9.7461372e-11	-9.7036594e-11	-9.5762259e-11	-9.6722914e-11	-9.632966e-11	-9.6723553e-11	-9.6401137e-11	-9.6545716e-11	-9.5987773e-11	-9.5799993e-11	-9.6195697e-11	-9.6627178e-11	-9.6143649e-11	-9.6109412e-11	-9.5746175e-11	-9.5766964e-11	-9.5378268e-11	-9.5268973e-11	-9.5929244e-11	-9.5473469e-11	-9.5218056e-11	-9.5510079e-11	-9.5564834e-11	-9.5836561e-11
	134	-9.5334241e-11	-9.5390432e-11	-9.4438436e-11	-9.50676e-11	-9.3373045e-11	-9.4179442e-11	-9.3967029e-11	-9.4905014e-11	-9.4667225e-11	-9.396707e-11	-9.4191155e-11	-9.3289244e-11	-9.2429633e-11	-9.3107987e-11	-9.2672661e-11	-9.2596625e-11	-9.212929e-11	-9.1419643e-11	-8.9798828e-11	-8.9286446e-11	-8.8943054e-11	-8.8393168e-11	-8.8236876e-11	-8.8270842e-11	-8.835882e-11	-9.3821846e-11	-9.6111563e-11	-9.6191631e-11	-9.5951053e-11	-9.5491288e-11	-9.6174908e-11	-9.5999785e-11	-9.5333373e-11	-9.5350054e-11	-9.5485633e-11	-9.5564119e-11	-9.5345912e-11	-9.509242e-11	-9.4186561e-11	-9.423623e-11	-9.5156855e-11	-9.4862763e-11	-9.4651106e-11	-9.450709e-11	-9.3910539e-11	-9.4258226e-11	-9.4004013e-11	-9.420742e-11	-9.3620667e-11	-9.3910581e-11	-9.4385333e-11
	133.111111111111	-9.3730482e-11	-9.3359862e-11	-9.3342577e-11	-9.2938927e-11	-9.2740114e-11	-9.2761576e-11	-9.2843414e-11	-9.2826843e-11	-9.2823908e-11	-9.2526389e-11	-9.3784716e-11	-9.2313525e-11	-9.3044225e-11	-9.2682036e-11	-9.1964936e-11	-9.2643622e-11	-9.1737992e-11	-9.0746001e-11	-8.9071105e-11	-8.8105134e-11	-8.7459741e-11	-8.6590672e-11	-8.6623701e-11	-8.6864169e-11	-8.8245723e-11	-9.1656793e-11	-9.4111614e-11	-9.5082511e-11	-9.5583028e-11	-9.5184159e-11	-9.5207092e-11	-9.5804246e-11	-9.4656755e-11	-9.4202035e-11	-9.4601847e-11	-9.4386353e-11	-9.4343339e-11	-9.4577894e-11	-9.4771697e-11	-9.4925352e-11	-9.4208925e-11	-9.3803167e-11	-9.3892047e-11	-9.4632802e-11	-9.4830636e-11	-9.4022581e-11	-9.4422539e-11	-9.4287564e-11	-9.4378401e-11	-9.3929975e-11	-9.4577256e-11
	132.222222222222	-9.3810022e-11	-9.2094374e-11	-9.2239487e-11	-9.2314316e-11	-9.2665542e-11	-9.2028357e-11	-9.2069706e-11	-9.2338234e-11	-9.2283771e-11	-9.2216852e-11	-9.170157e-11	-9.2128534e-11	-9.2290744e-11	-9.1800734e-11	-9.1508939e-11	-9.111395e-11	-9.0696624e-11	-9.038649e-11	-8.9373786e-11	-8.8967764e-11	-8.8589344e-11	-8.8272355e-11	-8.7748864e-11	-8.7567412e-11	-8.7374247e-11	-9.2364366e-11	-9.4776062e-11	-9.4831316e-11	-9.4534394e-11	-9.4428305e-11	-9.4268093e-11	-9.3551861e-11	-9.3649061e-11	-9.4324513e-11	-9.4276642e-11	-9.418754e-11	-9.3651586e-11	-9.3203945e-11	-9.3041477e-11	-9.2836488e-11	-9.265673e-11	-9.2398977e-11	-9.262837e-11	-9.2890834e-11	-9.3296475e-11	-9.3394022e-11	-9.3109714e-11	-9.3153783e-11	-9.4080917e-11	-9.2836107e-11	-9.3574343e-11
	131.333333333333	-9.2736235e-11	-9.2147519e-11	-9.1680143e-11	-9.2822555e-11	-9.2733675e-11	-9.3283332e-11	-9.2327195e-11	-9.2132149e-11	-9.1528708e-11	-9.0767879e-11	-9.1326655e-11	-9.1433652e-11	-9.1890516e-11	-9.1682176e-11	-9.11115e-11	-9.0483281e-11	-9.0735079e-11	-8.985878e-11	-8.9537155e-11	-8.7809274e-11	-8.7438799e-11	-8.629044e-11	-8.6577308e-11	-8.6646523e-11	-8.6395023e-11	-9.1355055e-11	-9.29802e-11	-9.3550313e-11	-9.302404e-11	-9.3118305e-11	-9.3770103e-11	-9.3941799e-11	-9.349687e-11	-9.330179e-11	-9.2668782e-11	-9.2290404e-11	-9.2221633e-11	-9.2900847e-11	-9.2230674e-11	-9.2648895e-11	-9.3098834e-11	-9.2772762e-11	-9.2504206e-11	-9.2619072e-11	-9.2764137e-11	-9.3262356e-11	-9.2983364e-11	-9.3310901e-11	-9.2925251e-11	-9.3166884e-11	-9.2588902e-11
	130.444444444444	-9.1720589e-11	-9.1610511e-11	-9.145798e-11	-9.192027e-11	-9.1043111e-11	-9.2251651e-11	-9.1402129e-11	-9.1477756e-11	-9.0903347e-11	-9.1335661e-11	-9.1274877e-11	-9.1977551e-11	-9.0935245e-11	-9.0853068e-11	-9.0464261e-11	-9.0303938e-11	-8.9707269e-11	-8.9359964e-11	-8.8561776e-11	-8.8797157e-11	-8.8179179e-11	-8.7413604e-11	-8.737918e-11	-8.7676137e-11	-8.748019e-11	-9.168067e-11	-9.3327776e-11	-9.3711844e-11	-9.2987472e-11	-9.2833775e-11	-9.2849367e-11	-9.2730393e-11	-9.2201184e-11	-9.2587396e-11	-9.2612931e-11	-9.2292549e-11	-9.3280848e-11	-9.2953159e-11	-9.2895351e-11	-9.3346116e-11	-9.2501944e-11	-9.1900161e-11	-9.2701999e-11	-9.1836663e-11	-9.1969155e-11	-9.2331268e-11	-9.1930852e-11	-9.204075e-11	-9.1641014e-11	-9.2214632e-11	-9.2061046e-11
	129.555555555556	-9.1959815e-11	-9.1497261e-11	-9.1930852e-11	-9.0775228e-11	-9.0087458e-11	-9.067893e-11	-9.0757298e-11	-9.0933781e-11	-9.2254662e-11	-9.0761627e-11	-9.0513708e-11	-9.1248023e-11	-9.0999458e-11	-9.0976032e-11	-9.0686569e-11	-9.0157548e-11	-9.0117705e-11	-8.9002299e-11	-8.8543436e-11	-8.7867456e-11	-8.7401253e-11	-8.7039369e-11	-8.6625811e-11	-8.6417588e-11	-8.6251763e-11	-9.0556417e-11	-9.2426511e-11	-9.263805e-11	-9.2137235e-11	-9.2170223e-11	-9.121149e-11	-9.1873044e-11	-9.1765935e-11	-9.1965616e-11	-9.2117577e-11	-9.1980562e-11	-9.242225e-11	-9.1486381e-11	-9.1074294e-11	-9.1576462e-11	-9.1633146e-11	-9.1908668e-11	-9.1207084e-11	-9.0847198e-11	-9.095167e-11	-9.1735432e-11	-9.1707753e-11	-9.1053352e-11	-9.2413029e-11	-9.2217116e-11	-9.2419204e-11
	128.666666666667	-9.09351e-11	-9.0748901e-11	-9.1898128e-11	-9.1401414e-11	-9.1509467e-11	-9.1463177e-11	-9.1506414e-11	-9.2175684e-11	-9.0538188e-11	-9.201593e-11	-9.0978711e-11	-9.0635992e-11	-9.042822e-11	-9.044087e-11	-9.0427763e-11	-9.0150769e-11	-8.9683323e-11	-8.8813276e-11	-8.8255216e-11	-8.7169112e-11	-8.6547026e-11	-8.5889428e-11	-8.6307843e-11	-8.6677672e-11	-8.702216e-11	-9.0629552e-11	-9.1524566e-11	-9.1587612e-11	-9.2020676e-11	-9.2276541e-11	-9.1779528e-11	-9.198757e-11	-9.2286748e-11	-9.1355694e-11	-9.1266661e-11	-9.0886854e-11	-9.1376517e-11	-9.1365034e-11	-9.1770945e-11	-9.1595141e-11	-9.1653178e-11	-9.1452408e-11	-9.1531269e-11	-9.1743904e-11	-9.1304478e-11	-9.1172438e-11	-9.1499072e-11	-9.1854586e-11	-9.0856572e-11	-9.0681185e-11	-9.199936e-11
	127.777777777778	-9.1102799e-11	-9.095167e-11	-9.1249529e-11	-9.1224223e-11	-9.159782e-11	-9.1287679e-11	-9.0861582e-11	-9.0599875e-11	-9.055634e-11	-9.0458536e-11	-9.0297346e-11	-9.0823016e-11	-9.079662e-11	-9.0684314e-11	-9.0199917e-11	-8.9866205e-11	-8.9487744e-11	-8.8832559e-11	-8.7999948e-11	-8.8765294e-11	-8.797129e-11	-8.7085124e-11	-8.691034e-11	-8.7314329e-11	-8.8049359e-11	-9.0280207e-11	-9.1798624e-11	-9.238621e-11	-9.2444247e-11	-9.2354881e-11	-9.2854641e-11	-9.2512116e-11	-9.0673011e-11	-9.1016028e-11	-9.1503173e-11	-9.1865286e-11	-9.20116e-11	-9.1603017e-11	-9.170481e-11	-9.1393809e-11	-9.0781063e-11	-9.1918008e-11	-9.2129027e-11	-9.16969e-11	-9.1694527e-11	-9.0775755e-11	-9.1876957e-11	-9.1093459e-11	-9.1110744e-11	-9.1375615e-11	-9.1465252e-11
	126.888888888889	-9.107512e-11	-9.071497e-11	-9.0999909e-11	-9.0674142e-11	-9.0877736e-11	-9.0609256e-11	-9.0811643e-11	-9.0613281e-11	-8.9825869e-11	-9.0332297e-11	-8.9904237e-11	-9.0150845e-11	-9.0249364e-11	-8.9694696e-11	-8.8630693e-11	-8.8814366e-11	-8.8711628e-11	-8.8121899e-11	-8.7397076e-11	-8.7251886e-11	-8.7503768e-11	-8.6311458e-11	-8.6084251e-11	-8.7004001e-11	-8.7360959e-11	-9.003541e-11	-9.1560759e-11	-9.0694029e-11	-9.0487118e-11	-9.0862484e-11	-9.0161011e-11	-9.0457745e-11	-9.0320883e-11	-9.074811e-11	-9.0595052e-11	-9.0226389e-11	-8.9925671e-11	-8.9831476e-11	-9.1372791e-11	-9.093664e-11	-9.0777337e-11	-9.0710939e-11	-9.0193401e-11	-9.0029047e-11	-9.0357791e-11	-9.0980064e-11	-9.0656822e-11	-9.0420685e-11	-8.9417661e-11	-9.0177997e-11	-8.9940395e-11
	126	-9.0322541e-11	-9.0463165e-11	-9.0664844e-11	-9.0685293e-11	-9.0190085e-11	-8.9493885e-11	-8.9132944e-11	-9.0071263e-11	-8.9811145e-11	-8.998103e-11	-9.0302127e-11	-8.9733332e-11	-8.9105223e-11	-8.8505363e-11	-8.8627605e-11	-8.9015476e-11	-8.8693775e-11	-8.8540383e-11	-8.7678441e-11	-8.6890418e-11	-8.6361508e-11	-8.628212e-11	-8.539848e-11	-8.5701085e-11	-8.7022611e-11	-8.9299478e-11	-9.0139812e-11	-8.9735559e-11	-8.9736156e-11	-8.9970295e-11	-9.0489866e-11	-9.0085842e-11	-9.0628539e-11	-9.0195094e-11	-9.0678513e-11	-9.0425882e-11	-9.0182514e-11	-9.0420268e-11	-9.0652298e-11	-9.0431378e-11	-9.0468175e-11	-9.0138716e-11	-9.0583568e-11	-9.0654297e-11	-9.0170239e-11	-9.0068404e-11	-9.0337154e-11	-9.0521729e-11	-9.016346e-11	-9.0864746e-11	-9.0525122e-11
	125.111111111111	-9.1039683e-11	-8.997493e-11	-8.9524013e-11	-8.9642009e-11	-9.0294446e-11	-8.9989016e-11	-9.0191972e-11	-9.0355196e-11	-9.0308344e-11	-8.9454867e-11	-9.0083239e-11	-8.921467e-11	-8.9640573e-11	-8.9580093e-11	-8.8429021e-11	-8.8366883e-11	-8.9141493e-11	-8.8018481e-11	-8.8106043e-11	-8.7544555e-11	-8.6965969e-11	-8.6203635e-11	-8.5904867e-11	-8.6238204e-11	-8.6305206e-11	-8.9660501e-11	-9.0102828e-11	-9.0460681e-11	-8.9834112e-11	-8.9555162e-11	-8.9964161e-11	-9.0031607e-11	-8.9731077e-11	-8.969963e-11	-8.9588753e-11	-8.9908948e-11	-8.9866392e-11	-8.9729682e-11	-8.9518629e-11	-8.9801576e-11	-9.0271055e-11	-8.9677106e-11	-9.0159165e-11	-8.9955494e-11	-8.9589058e-11	-8.9739549e-11	-8.9745496e-11	-8.9799203e-11	-8.9394159e-11	-8.9418528e-11	-8.9303807e-11
	124.222222222222	-8.9382751e-11	-8.9692663e-11	-8.9799432e-11	-8.9616287e-11	-8.8718748e-11	-8.9183598e-11	-8.8781191e-11	-8.8974876e-11	-8.8656908e-11	-8.8713321e-11	-8.8368916e-11	-8.906003e-11	-8.9460779e-11	-8.8982974e-11	-8.9016572e-11	-8.8290958e-11	-8.8496474e-11	-8.7776321e-11	-8.7767169e-11	-8.7212987e-11	-8.7218524e-11	-8.616808e-11	-8.576586e-11	-8.6302868e-11	-8.6668672e-11	-8.8302893e-11	-9.0197246e-11	-8.9567812e-11	-9.0054429e-11	-8.9755293e-11	-8.8826987e-11	-8.8405443e-11	-8.8821714e-11	-8.8005526e-11	-8.8524944e-11	-8.8910442e-11	-8.8292838e-11	-8.9222046e-11	-8.8608627e-11	-8.8609606e-11	-8.8742062e-11	-8.872756e-11	-8.8936317e-11	-8.8743041e-11	-8.949852e-11	-8.9718913e-11	-8.9301178e-11	-8.9006254e-11	-8.7971928e-11	-8.8849691e-11	-8.9274622e-11
	123.333333333333	-8.8395201e-11	-8.9232177e-11	-8.9423496e-11	-8.9164467e-11	-8.917015e-11	-8.9187893e-11	-8.90992e-11	-8.8456964e-11	-8.8684025e-11	-8.8629375e-11	-8.9032878e-11	-8.8123439e-11	-8.8818099e-11	-8.8906903e-11	-8.8142986e-11	-8.8103747e-11	-8.7667137e-11	-8.7081585e-11	-8.6397285e-11	-8.6460672e-11	-8.622672e-11	-8.5125434e-11	-8.4843244e-11	-8.5663615e-11	-8.64772e-11	-8.7751008e-11	-8.8200947e-11	-8.7972081e-11	-8.7350259e-11	-8.7740579e-11	-8.8912891e-11	-8.8503739e-11	-8.9169963e-11	-8.8638756e-11	-8.7986091e-11	-8.819255e-11	-8.8117152e-11	-8.8156808e-11	-8.902587e-11	-8.8665082e-11	-8.9299894e-11	-8.8689368e-11	-8.8003528e-11	-8.761656e-11	-8.8048152e-11	-8.8377278e-11	-8.83476e-11	-8.8130635e-11	-8.8095649e-11	-8.8324889e-11	-8.8073014e-11
	122.444444444444	-8.7772366e-11	-8.8346129e-11	-8.8032602e-11	-8.8017461e-11	-8.8363983e-11	-8.7923085e-11	-8.7739975e-11	-8.8118131e-11	-8.7281224e-11	-8.7623075e-11	-8.7751799e-11	-8.8050602e-11	-8.7925986e-11	-8.7348753e-11	-8.7287177e-11	-8.73338e-11	-8.7621382e-11	-8.7714329e-11	-8.7104823e-11	-8.6016493e-11	-8.5863781e-11	-8.6417283e-11	-8.6923184e-11	-8.6064926e-11	-8.6171507e-11	-8.6950148e-11	-8.7276936e-11	-8.79029e-11	-8.6932184e-11	-8.7103429e-11	-8.7022271e-11	-8.7299647e-11	-8.7856986e-11	-8.7357191e-11	-8.7211405e-11	-8.7061774e-11	-8.7760015e-11	-8.7572047e-11	-8.7132732e-11	-8.7509153e-11	-8.7604285e-11	-8.7460907e-11	-8.775048e-11	-8.8114405e-11	-8.7750675e-11	-8.7897099e-11	-8.7143466e-11	-8.7329775e-11	-8.7497551e-11	-8.7670565e-11	-8.768699e-11
	121.555555555556	-8.7529602e-11	-8.7442192e-11	-8.8377992e-11	-8.7915022e-11	-8.8218197e-11	-8.7671884e-11	-8.6794495e-11	-8.7657423e-11	-8.7618822e-11	-8.795336e-11	-8.786015e-11	-8.7594001e-11	-8.7629626e-11	-8.7217504e-11	-8.7470815e-11	-8.7283861e-11	-8.7030744e-11	-8.722259e-11	-8.6393934e-11	-8.5408985e-11	-8.5500877e-11	-8.5763452e-11	-8.5430794e-11	-8.5867549e-11	-8.6229017e-11	-8.6462212e-11	-8.6287463e-11	-8.6819767e-11	-8.6797396e-11	-8.6682495e-11	-8.7432547e-11	-8.6660762e-11	-8.7536756e-11	-8.7178827e-11	-8.7609218e-11	-8.6925522e-11	-8.674874e-11	-8.6687615e-11	-8.7590685e-11	-8.6868991e-11	-8.7192385e-11	-8.724816e-11	-8.7486213e-11	-8.7581761e-11	-8.7470621e-11	-8.7401815e-11	-8.6279484e-11	-8.7051158e-11	-8.6182353e-11	-8.7065542e-11	-8.7139393e-11
	120.666666666667	-8.6664224e-11	-8.6691793e-11	-8.6289802e-11	-8.7139435e-11	-8.5758893e-11	-8.7127756e-11	-8.7311242e-11	-8.6709681e-11	-8.7568959e-11	-8.7167003e-11	-8.7427655e-11	-8.6741621e-11	-8.6899869e-11	-8.7250235e-11	-8.6737589e-11	-8.6863829e-11	-8.7863126e-11	-8.6559565e-11	-8.538982e-11	-8.5765561e-11	-8.5612545e-11	-8.5821864e-11	-8.5078285e-11	-8.5015578e-11	-8.5780133e-11	-8.6651797e-11	-8.4925608e-11	-8.478012e-11	-8.4171711e-11	-8.4285107e-11	-8.6701514e-11	-8.6580396e-11	-8.6258355e-11	-8.6276805e-11	-8.6755741e-11	-8.6820183e-11	-8.6686748e-11	-8.6805001e-11	-8.728631e-11	-8.6874188e-11	-8.7210274e-11	-8.6113283e-11	-8.6959454e-11	-8.7429536e-11	-8.7231097e-11	-8.7120602e-11	-8.6485714e-11	-8.6563749e-11	-8.6132906e-11	-8.6274134e-11	-8.6172562e-11
	119.777777777778	-8.7069081e-11	-8.6875847e-11	-8.7489758e-11	-8.7051907e-11	-8.7231514e-11	-8.7678177e-11	-8.7839021e-11	-8.7253996e-11	-8.7297801e-11	-8.725675e-11	-8.6990935e-11	-8.705929e-11	-8.769456e-11	-8.7863126e-11	-8.777376e-11	-8.6784968e-11	-8.6843227e-11	-8.5983241e-11	-8.5584415e-11	-8.5532248e-11	-8.56075e-11	-8.4926434e-11	-8.4928016e-11	-8.4604511e-11	-8.4976151e-11	-8.5300295e-11	-8.5350421e-11	-8.5201811e-11	-8.5968781e-11	-8.5837226e-11	-8.61691e-11	-8.5120917e-11	-8.5828566e-11	-8.5656912e-11	-8.6173277e-11	-8.6190111e-11	-8.6268333e-11	-8.6226304e-11	-8.6315372e-11	-8.528056e-11	-8.5906449e-11	-8.6683431e-11	-8.6507558e-11	-8.6769376e-11	-8.7453864e-11	-8.6385572e-11	-8.6368968e-11	-8.5366353e-11	-8.6710999e-11	-8.6541038e-11	-8.5992394e-11
	118.888888888889	-8.7692673e-11	-8.6844663e-11	-8.6888878e-11	-8.652503e-11	-8.6227546e-11	-8.5985538e-11	-8.5926898e-11	-8.6372055e-11	-8.6198472e-11	-8.5962452e-11	-8.5962945e-11	-8.5289754e-11	-8.5292315e-11	-8.5809096e-11	-8.6136147e-11	-8.522863e-11	-8.4983458e-11	-8.483729e-11	-8.521206e-11	-8.5357617e-11	-8.415333e-11	-8.3709574e-11	-8.4688492e-11	-8.485089e-11	-8.4872206e-11	-8.499524e-11	-8.5406349e-11	-8.4113674e-11	-8.4914006e-11	-8.4496722e-11	-8.532218e-11	-8.5657891e-11	-8.5618908e-11	-8.5776407e-11	-8.6909209e-11	-8.6408998e-11	-8.5542795e-11	-8.5676001e-11	-8.5478846e-11	-8.5758484e-11	-8.5824466e-11	-8.6027227e-11	-8.5514887e-11	-8.5594282e-11	-8.5485667e-11	-8.5961738e-11	-8.5372341e-11	-8.4670979e-11	-8.5255671e-11	-8.4966811e-11	-8.4750297e-11
	118	-8.6078637e-11	-8.6109821e-11	-8.6540324e-11	-8.5866834e-11	-8.5476855e-11	-8.5086008e-11	-8.5307261e-11	-8.565755e-11	-8.5713624e-11	-8.5791284e-11	-8.5471463e-11	-8.5528369e-11	-8.5560573e-11	-8.6064288e-11	-8.5253297e-11	-8.5384887e-11	-8.5021344e-11	-8.4946432e-11	-8.4765889e-11	-8.5228026e-11	-8.4056616e-11	-8.4412852e-11	-8.4839323e-11	-8.4779447e-11	-8.4873934e-11	-8.3966119e-11	-8.3825981e-11	-8.4644583e-11	-8.4544441e-11	-8.4305257e-11	-8.4378358e-11	-8.4319794e-11	-8.4169109e-11	-8.4665899e-11	-8.4396018e-11	-8.4366458e-11	-8.4818201e-11	-8.4348341e-11	-8.4600327e-11	-8.4486106e-11	-8.507222e-11	-8.3736761e-11	-8.4096348e-11	-8.3857657e-11	-8.3990898e-11	-8.4454277e-11	-8.4986844e-11	-8.4984131e-11	-8.4765098e-11	-8.4295917e-11	-8.3989052e-11
	117.111111111111	-8.3906389e-11	-8.4442495e-11	-8.532007e-11	-8.569815e-11	-8.5037345e-11	-8.5342851e-11	-8.4796281e-11	-8.4851792e-11	-8.4210083e-11	-8.4860341e-11	-8.4780349e-11	-8.5653894e-11	-8.452497e-11	-8.5126226e-11	-8.4708004e-11	-8.4851078e-11	-8.4631475e-11	-8.4754398e-11	-8.4315388e-11	-8.4181578e-11	-8.3492796e-11	-8.3947925e-11	-8.4029464e-11	-8.469192e-11	-8.5095569e-11	-8.3153581e-11	-8.3283436e-11	-8.3209287e-11	-8.3294358e-11	-8.4110434e-11	-8.2998983e-11	-8.3714508e-11	-8.3612596e-11	-8.382342e-11	-8.3979303e-11	-8.4211103e-11	-8.3959152e-11	-8.3684261e-11	-8.3687654e-11	-8.4015982e-11	-8.3930946e-11	-8.3456603e-11	-8.3362678e-11	-8.3797511e-11	-8.3268753e-11	-8.3541868e-11	-8.3468017e-11	-8.4161504e-11	-8.4061175e-11	-8.5484231e-11	-8.4585193e-11
	116.222222222222	-8.4495327e-11	-8.5660562e-11	-8.4450814e-11	-8.5033543e-11	-8.4533103e-11	-8.4867495e-11	-8.4401784e-11	-8.4373952e-11	-8.5280942e-11	-8.515489e-11	-8.5625007e-11	-8.6799352e-11	-8.5290955e-11	-8.4696326e-11	-8.3393521e-11	-8.4148966e-11	-8.4774361e-11	-8.4686196e-11	-8.4694744e-11	-8.3586159e-11	-8.3185368e-11	-8.3592334e-11	-8.3439242e-11	-8.3504773e-11	-8.3150493e-11	-8.3075477e-11	-8.2207692e-11	-8.2818363e-11	-8.3063535e-11	-8.3556329e-11	-8.405756e-11	-8.4067087e-11	-8.3962129e-11	-8.4764043e-11	-8.3288557e-11	-8.3769339e-11	-8.4041066e-11	-8.3867559e-11	-8.3337372e-11	-8.3520968e-11	-8.4046561e-11	-8.3799509e-11	-8.3566383e-11	-8.3419993e-11	-8.3909511e-11	-8.4013345e-11	-8.3866053e-11	-8.3979525e-11	-8.4876536e-11	-8.3737552e-11	-8.369349e-11
	115.333333333333	-8.356827e-11	-8.3522092e-11	-8.4125762e-11	-8.4787087e-11	-8.5102612e-11	-8.4911862e-11	-8.3924617e-11	-8.3381052e-11	-8.4122452e-11	-8.3719816e-11	-8.3977832e-11	-8.4651022e-11	-8.4053792e-11	-8.3975348e-11	-8.4273394e-11	-8.4706304e-11	-8.4554044e-11	-8.4402083e-11	-8.4201049e-11	-8.32329e-11	-8.2998573e-11	-8.3182509e-11	-8.355968e-11	-8.4065581e-11	-8.449115e-11	-8.3095211e-11	-8.2013361e-11	-8.1423701e-11	-8.3080973e-11	-8.2948634e-11	-8.3451329e-11	-8.3050809e-11	-8.2969041e-11	-8.4366833e-11	-8.3202729e-11	-8.3811257e-11	-8.3610827e-11	-8.3738079e-11	-8.379563e-11	-8.4164856e-11	-8.4749166e-11	-8.4209938e-11	-8.4284767e-11	-8.4684239e-11	-8.3951471e-11	-8.443387e-11	-8.4135782e-11	-8.4167229e-11	-8.3509928e-11	-8.3120101e-11	-8.4026529e-11
	114.444444444444	-8.4853673e-11	-8.4576568e-11	-8.415646e-11	-8.3965328e-11	-8.4208016e-11	-8.3892455e-11	-8.4151637e-11	-8.4650911e-11	-8.4306763e-11	-8.4002534e-11	-8.4274823e-11	-8.4757902e-11	-8.3621179e-11	-8.4696292e-11	-8.4246658e-11	-8.3868801e-11	-8.3822366e-11	-8.3913772e-11	-8.3973425e-11	-8.3417849e-11	-8.3053744e-11	-8.3241899e-11	-8.3861723e-11	-8.2654841e-11	-8.2257742e-11	-8.1442721e-11	-8.1109043e-11	-8.2154478e-11	-8.2904419e-11	-8.1929637e-11	-8.3579227e-11	-8.3294587e-11	-8.3002147e-11	-8.2382247e-11	-8.2613374e-11	-8.3493545e-11	-8.4770781e-11	-8.4390522e-11	-8.417423e-11	-8.4475142e-11	-8.3333979e-11	-8.3992632e-11	-8.3636924e-11	-8.430337e-11	-8.451085e-11	-8.4103315e-11	-8.4172537e-11	-8.3867822e-11	-8.4202631e-11	-8.325414e-11	-8.3819882e-11
	113.555555555556	-8.4242398e-11	-8.4784679e-11	-8.4232836e-11	-8.4156682e-11	-8.4062417e-11	-8.5012865e-11	-8.4440496e-11	-8.5224335e-11	-8.5449321e-11	-8.4079931e-11	-8.4844222e-11	-8.475342e-11	-8.4508775e-11	-8.5008195e-11	-8.5260604e-11	-8.4877744e-11	-8.4326081e-11	-8.4566659e-11	-8.4525123e-11	-8.3702829e-11	-8.3931431e-11	-8.3756724e-11	-8.3036571e-11	-8.3822671e-11	-8.4035036e-11	-8.3681215e-11	-8.2753436e-11	-8.2936956e-11	-8.254912e-11	-8.2867324e-11	-8.2795389e-11	-8.2694081e-11	-8.3328365e-11	-8.3179567e-11	-8.3310331e-11	-8.3673533e-11	-8.3661293e-11	-8.3645361e-11	-8.3790315e-11	-8.3664041e-11	-8.3981974e-11	-8.398706e-11	-8.3985624e-11	-8.4254943e-11	-8.397915e-11	-8.3510983e-11	-8.3716992e-11	-8.4011763e-11	-8.380497e-11	-8.4375416e-11	-8.3743276e-11
	112.666666666667	-8.4042683e-11	-8.4815446e-11	-8.5009819e-11	-8.498436e-11	-8.4968539e-11	-8.5014489e-11	-8.4497249e-11	-8.4576263e-11	-8.5351518e-11	-8.4589447e-11	-8.4790182e-11	-8.4715533e-11	-8.5388308e-11	-8.475956e-11	-8.4540902e-11	-8.4524672e-11	-8.4557771e-11	-8.423566e-11	-8.5184866e-11	-8.4054694e-11	-8.3798642e-11	-8.3312211e-11	-8.357004e-11	-8.3690818e-11	-8.3850649e-11	-8.2357093e-11	-8.2414749e-11	-8.2333217e-11	-8.2171048e-11	-8.2046273e-11	-8.295338e-11	-8.3373371e-11	-8.3373336e-11	-8.2882312e-11	-8.3182433e-11	-8.3555725e-11	-8.3652328e-11	-8.3830727e-11	-8.4009168e-11	-8.4724873e-11	-8.4589787e-11	-8.3722716e-11	-8.4037222e-11	-8.4186401e-11	-8.406268e-11	-8.4283865e-11	-8.4298742e-11	-8.4446186e-11	-8.380651e-11	-8.4073228e-11	-8.4100608e-11
	111.777777777778	-8.5375845e-11	-8.4681678e-11	-8.5138431e-11	-8.5251223e-11	-8.4181086e-11	-8.3738232e-11	-8.4219277e-11	-8.4947452e-11	-8.5397842e-11	-8.5595142e-11	-8.4372856e-11	-8.5986517e-11	-8.501317e-11	-8.5567387e-11	-8.5156882e-11	-8.4920071e-11	-8.4607751e-11	-8.4994713e-11	-8.4345517e-11	-8.3873922e-11	-8.364702e-11	-8.3297105e-11	-8.365425e-11	-8.3940625e-11	-8.3921189e-11	-8.2669226e-11	-8.3052648e-11	-8.2363005e-11	-8.3344671e-11	-8.3405192e-11	-8.3195006e-11	-8.3284872e-11	-8.285983e-11	-8.3758341e-11	-8.4033079e-11	-8.3703093e-11	-8.3989961e-11	-8.371609e-11	-8.4359748e-11	-8.433565e-11	-8.3897653e-11	-8.5009028e-11	-8.4186665e-11	-8.5044312e-11	-8.4426036e-11	-8.4488624e-11	-8.4286987e-11	-8.4366909e-11	-8.5302182e-11	-8.4309434e-11	-8.4401708e-11
	110.888888888889	-8.4702578e-11	-8.5474253e-11	-8.5343906e-11	-8.4981681e-11	-8.488403e-11	-8.512295e-11	-8.5164112e-11	-8.4335081e-11	-8.552694e-11	-8.4734594e-11	-8.4306423e-11	-8.4263603e-11	-8.4143539e-11	-8.529849e-11	-8.5110294e-11	-8.4904445e-11	-8.4655352e-11	-8.4546925e-11	-8.3982536e-11	-8.399139e-11	-8.3583446e-11	-8.3734693e-11	-8.355347e-11	-8.4391161e-11	-8.4447276e-11	-8.3627431e-11	-8.2656909e-11	-8.3084963e-11	-8.341073e-11	-8.3886918e-11	-8.3169888e-11	-8.236703e-11	-8.3387873e-11	-8.3451218e-11	-8.4015191e-11	-8.4440947e-11	-8.4127309e-11	-8.4729584e-11	-8.4516269e-11	-8.4047845e-11	-8.3986568e-11	-8.4497742e-11	-8.4459176e-11	-8.5127357e-11	-8.4913215e-11	-8.4358097e-11	-8.4253583e-11	-8.432955e-11	-8.577445e-11	-8.3927067e-11	-8.3519081e-11
	110	-8.4473636e-11	-8.4939014e-11	-8.4824113e-11	-8.4795448e-11	-8.4697985e-11	-8.4679722e-11	-8.4657351e-11	-8.4283303e-11	-8.510672e-11	-8.5300482e-11	-8.5030455e-11	-8.6154146e-11	-8.5413732e-11	-8.4893259e-11	-8.4966582e-11	-8.411262e-11	-8.4780384e-11	-8.4275878e-11	-8.4475295e-11	-8.35172e-11	-8.3597795e-11	-8.2862654e-11	-8.2793321e-11	-8.3104884e-11	-8.3395929e-11	-8.2008011e-11	-8.1838085e-11	-8.2225504e-11	-8.266305e-11	-8.3290291e-11	-8.2857984e-11	-8.3483151e-11	-8.3121496e-11	-8.3370658e-11	-8.3665096e-11	-8.354567e-11	-8.3746968e-11	-8.3383994e-11	-8.4165987e-11	-8.4400875e-11	-8.3841836e-11	-8.3782821e-11	-8.3787942e-11	-8.4102038e-11	-8.3648075e-11	-8.3609508e-11	-8.4432551e-11	-8.4960441e-11	-8.4247519e-11	-8.4245604e-11	-8.3737628e-11
	109.111111111111	-8.4441322e-11	-8.4363627e-11	-8.543271e-11	-8.5266738e-11	-8.4785776e-11	-8.4801104e-11	-8.4346155e-11	-8.4623981e-11	-8.5253596e-11	-8.5631412e-11	-8.5253374e-11	-8.5284932e-11	-8.5467286e-11	-8.5232696e-11	-8.5318447e-11	-8.5406918e-11	-8.5921173e-11	-8.5122499e-11	-8.4632232e-11	-8.3831178e-11	-8.3716915e-11	-8.3553428e-11	-8.4064568e-11	-8.3894114e-11	-8.4332749e-11	-8.2621847e-11	-8.3066394e-11	-8.3349799e-11	-8.3187776e-11	-8.2967196e-11	-8.2682708e-11	-8.3879084e-11	-8.3492872e-11	-8.412554e-11	-8.3633232e-11	-8.4070743e-11	-8.4319302e-11	-8.3131627e-11	-8.3001467e-11	-8.3893774e-11	-8.3668975e-11	-8.5386052e-11	-8.4255276e-11	-8.5636984e-11	-8.364389e-11	-8.5294723e-11	-8.4681567e-11	-8.4537509e-11	-8.4977129e-11	-8.4794435e-11	-8.3326901e-11
	108.222222222222	-8.5570023e-11	-8.5562266e-11	-8.5517336e-11	-8.5358637e-11	-8.5233674e-11	-8.5095382e-11	-8.6141753e-11	-8.6207999e-11	-8.6048467e-11	-8.6301216e-11	-8.591191e-11	-8.5884987e-11	-8.5368913e-11	-8.5785067e-11	-8.5328203e-11	-8.5849015e-11	-8.4703557e-11	-8.5091129e-11	-8.5160122e-11	-8.4524443e-11	-8.4103467e-11	-8.4356251e-11	-8.3486766e-11	-8.4231594e-11	-8.2376224e-11	-8.229175e-11	-8.2185203e-11	-8.2395916e-11	-8.3948647e-11	-8.3067941e-11	-8.3280126e-11	-8.3694697e-11	-8.3748966e-11	-8.4951629e-11	-8.5148673e-11	-8.4546925e-11	-8.4774701e-11	-8.4252078e-11	-8.4062868e-11	-8.4802908e-11	-8.464187e-11	-8.4241912e-11	-8.4728939e-11	-8.4290942e-11	-8.5541817e-11	-8.4374931e-11	-8.4338848e-11	-8.4484295e-11	-8.447168e-11	-8.5851992e-11	-8.5291406e-11
	107.333333333333	-8.5459487e-11	-8.6163791e-11	-8.5267307e-11	-8.5183208e-11	-8.5781229e-11	-8.5281615e-11	-8.5657058e-11	-8.5050529e-11	-8.5213447e-11	-8.5093238e-11	-8.5876473e-11	-8.5559858e-11	-8.5831356e-11	-8.6384594e-11	-8.5897525e-11	-8.5319356e-11	-8.5425028e-11	-8.5385372e-11	-8.4631774e-11	-8.4326192e-11	-8.3586534e-11	-8.3085608e-11	-8.315456e-11	-8.2742702e-11	-8.2946601e-11	-8.2825857e-11	-8.313758e-11	-8.369349e-11	-8.3760679e-11	-8.3270633e-11	-8.4229256e-11	-8.4072471e-11	-8.474163e-11	-8.5992956e-11	-8.5384318e-11	-8.4994414e-11	-8.4745967e-11	-8.417958e-11	-8.4658669e-11	-8.4761705e-11	-8.5066461e-11	-8.4584853e-11	-8.4998557e-11	-8.5402886e-11	-8.5115158e-11	-8.4887229e-11	-8.4958936e-11	-8.5614689e-11	-8.5643728e-11	-8.4525387e-11	-8.5331332e-11
	106.444444444444	-8.5513721e-11	-8.583452e-11	-8.6343543e-11	-8.6547103e-11	-8.6308821e-11	-8.5770266e-11	-8.5397911e-11	-8.6121874e-11	-8.6187668e-11	-8.6654357e-11	-8.6964685e-11	-8.6511735e-11	-8.7533709e-11	-8.6032501e-11	-8.5591756e-11	-8.5411511e-11	-8.6550489e-11	-8.5432071e-11	-8.508913e-11	-8.4971592e-11	-8.4437971e-11	-8.4088854e-11	-8.4314597e-11	-8.4300018e-11	-8.4448296e-11	-8.3985964e-11	-8.4086071e-11	-8.4692336e-11	-8.5289491e-11	-8.513918e-11	-8.4240552e-11	-8.4850058e-11	-8.521496e-11	-8.578134e-11	-8.6063004e-11	-8.6049071e-11	-8.6103721e-11	-8.5427741e-11	-8.5724775e-11	-8.5391701e-11	-8.5753814e-11	-8.5245991e-11	-8.6410955e-11	-8.6407756e-11	-8.5979474e-11	-8.5615369e-11	-8.5104535e-11	-8.506288e-11	-8.5864871e-11	-8.7260817e-11	-8.5656232e-11
	105.555555555556	-8.6779209e-11	-8.6008776e-11	-8.6574178e-11	-8.6389493e-11	-8.6777176e-11	-8.7284957e-11	-8.7435559e-11	-8.5969044e-11	-8.5916094e-11	-8.5414634e-11	-8.5908447e-11	-8.6029454e-11	-8.6540435e-11	-8.6308856e-11	-8.6392803e-11	-8.6764741e-11	-8.624329e-11	-8.6090537e-11	-8.5647794e-11	-8.5285723e-11	-8.4956715e-11	-8.4727586e-11	-8.3937232e-11	-8.4282394e-11	-8.5335246e-11	-8.4651362e-11	-8.4463582e-11	-8.5375734e-11	-8.494877e-11	-8.4501434e-11	-8.4974944e-11	-8.5668243e-11	-8.6077319e-11	-8.583749e-11	-8.5033203e-11	-8.5277591e-11	-8.5993296e-11	-8.6154375e-11	-8.5736598e-11	-8.653403e-11	-8.6131553e-11	-8.6125898e-11	-8.619034e-11	-8.5553946e-11	-8.6470879e-11	-8.6290627e-11	-8.6512263e-11	-8.5802809e-11	-8.6134828e-11	-8.6548345e-11	-8.6344598e-11
	104.666666666667	-8.6469595e-11	-8.6214251e-11	-8.6802898e-11	-8.6561452e-11	-8.5946708e-11	-8.6155916e-11	-8.6054081e-11	-8.672825e-11	-8.7140149e-11	-8.6927326e-11	-8.6183449e-11	-8.616198e-11	-8.6846655e-11	-8.6646565e-11	-8.6614292e-11	-8.6717064e-11	-8.656488e-11	-8.645118e-11	-8.5668507e-11	-8.488079e-11	-8.5158165e-11	-8.4473033e-11	-8.4037374e-11	-8.4051197e-11	-8.4704875e-11	-8.3577305e-11	-8.431942e-11	-8.4411082e-11	-8.5612885e-11	-8.5691634e-11	-8.5578648e-11	-8.6507253e-11	-8.645773e-11	-8.6057737e-11	-8.6197723e-11	-8.6242423e-11	-8.6300571e-11	-8.6145299e-11	-8.5596502e-11	-8.5331783e-11	-8.5625236e-11	-8.5884265e-11	-8.610504e-11	-8.5800471e-11	-8.6469484e-11	-8.5935752e-11	-8.5809852e-11	-8.6170113e-11	-8.6216402e-11	-8.6572256e-11	-8.6751037e-11
	103.777777777778	-8.6619073e-11	-8.614718e-11	-8.6369231e-11	-8.63652e-11	-8.5963507e-11	-8.6777023e-11	-8.6483341e-11	-8.6530796e-11	-8.6142017e-11	-8.6056905e-11	-8.6050805e-11	-8.5833951e-11	-8.6314844e-11	-8.662962e-11	-8.6742148e-11	-8.6461574e-11	-8.6502777e-11	-8.6180396e-11	-8.5495604e-11	-8.5009742e-11	-8.5531082e-11	-8.4711842e-11	-8.3981787e-11	-8.4184965e-11	-8.4881283e-11	-8.4606128e-11	-8.492463e-11	-8.5465739e-11	-8.4924519e-11	-8.5876438e-11	-8.5470978e-11	-8.5912624e-11	-8.6066099e-11	-8.5709183e-11	-8.5080054e-11	-8.5845442e-11	-8.5455684e-11	-8.5722172e-11	-8.614616e-11	-8.6969695e-11	-8.7560334e-11	-8.6048398e-11	-8.6753556e-11	-8.64653e-11	-8.7208803e-11	-8.702724e-11	-8.6818337e-11	-8.697907e-11	-8.6203593e-11	-8.6601219e-11	-8.6616735e-11
	102.888888888889	-8.7103352e-11	-8.7962963e-11	-8.6767191e-11	-8.6872606e-11	-8.6352279e-11	-8.6846128e-11	-8.7335764e-11	-8.6632514e-11	-8.7158412e-11	-8.7184891e-11	-8.6748095e-11	-8.6608526e-11	-8.7419252e-11	-8.7176343e-11	-8.6434235e-11	-8.7093187e-11	-8.6517314e-11	-8.6737513e-11	-8.6046885e-11	-8.5093314e-11	-8.4854651e-11	-8.4593513e-11	-8.4602436e-11	-8.4021935e-11	-8.5060695e-11	-8.4756362e-11	-8.4337003e-11	-8.4375271e-11	-8.5595184e-11	-8.5625687e-11	-8.6101647e-11	-8.6216215e-11	-8.6709383e-11	-8.6535806e-11	-8.6882959e-11	-8.6020115e-11	-8.5854518e-11	-8.600181e-11	-8.5691711e-11	-8.5915941e-11	-8.5492294e-11	-8.6289309e-11	-8.698265e-11	-8.6383539e-11	-8.6581638e-11	-8.6621592e-11	-8.7242477e-11	-8.7039972e-11	-8.717943e-11	-8.6985814e-11	-8.6885409e-11
	102	-8.6106129e-11	-8.6995869e-11	-8.576842e-11	-8.6891848e-11	-8.7181123e-11	-8.6751072e-11	-8.701459e-11	-8.7003856e-11	-8.6754576e-11	-8.6001845e-11	-8.7161313e-11	-8.7178452e-11	-8.68366e-11	-8.6693902e-11	-8.6717557e-11	-8.6647092e-11	-8.7173893e-11	-8.6789825e-11	-8.6888385e-11	-8.5787405e-11	-8.5868937e-11	-8.4717643e-11	-8.504808e-11	-8.4866933e-11	-8.5338861e-11	-8.538157e-11	-8.5370384e-11	-8.5947235e-11	-8.5956048e-11	-8.5590965e-11	-8.4861056e-11	-8.5940081e-11	-8.6222952e-11	-8.6389076e-11	-8.6592407e-11	-8.5473573e-11	-8.5996911e-11	-8.6189923e-11	-8.5644256e-11	-8.5958914e-11	-8.6335029e-11	-8.6729152e-11	-8.6849215e-11	-8.6234554e-11	-8.6620204e-11	-8.7064904e-11	-8.7074396e-11	-8.7396132e-11	-8.5604482e-11	-8.6891584e-11	-8.7220516e-11
	101.111111111111	-8.8015317e-11	-8.769252e-11	-8.7844107e-11	-8.7967897e-11	-8.7375947e-11	-8.7435371e-11	-8.7580179e-11	-8.7917583e-11	-8.7453191e-11	-8.7811571e-11	-8.7488586e-11	-8.7471003e-11	-8.7808781e-11	-8.7740766e-11	-8.7069157e-11	-8.7618746e-11	-8.7539392e-11	-8.7334064e-11	-8.7260213e-11	-8.6437468e-11	-8.5883592e-11	-8.5343607e-11	-8.4786074e-11	-8.5041266e-11	-8.5318225e-11	-8.6495471e-11	-8.7105614e-11	-8.7343521e-11	-8.6069221e-11	-8.6344938e-11	-8.6883639e-11	-8.7431458e-11	-8.7632041e-11	-8.7065244e-11	-8.7313656e-11	-8.6775288e-11	-8.6785912e-11	-8.7515217e-11	-8.6894075e-11	-8.8769478e-11	-8.871287e-11	-8.8580906e-11	-8.8151833e-11	-8.7328193e-11	-8.7326084e-11	-8.7519242e-11	-8.7488815e-11	-8.7647632e-11	-8.7415825e-11	-8.7076089e-11	-8.7578826e-11
	100.222222222222	-8.7889113e-11	-8.773169e-11	-8.7711879e-11	-8.8007969e-11	-8.7459963e-11	-8.8251413e-11	-8.770254e-11	-8.8102123e-11	-8.8547426e-11	-8.8358071e-11	-8.8285761e-11	-8.7906626e-11	-8.9287501e-11	-8.8370117e-11	-8.7315988e-11	-8.7881542e-11	-8.7968882e-11	-8.7710408e-11	-8.7163651e-11	-8.6223445e-11	-8.5718481e-11	-8.5592963e-11	-8.5727633e-11	-8.5895714e-11	-8.5719425e-11	-8.6194822e-11	-8.6763915e-11	-8.6792011e-11	-8.7402682e-11	-8.7962554e-11	-8.8109582e-11	-8.7556865e-11	-8.8405255e-11	-8.7633921e-11	-8.7795674e-11	-8.7658367e-11	-8.881456e-11	-8.8104794e-11	-8.8018065e-11	-8.8366016e-11	-8.8021791e-11	-8.6913428e-11	-8.8188144e-11	-8.837385e-11	-8.8340897e-11	-8.8327033e-11	-8.8187353e-11	-8.8644703e-11	-8.8353325e-11	-8.85826e-11	-8.8498431e-11
	99.3333333333333	-8.8660523e-11	-8.8622977e-11	-8.8671744e-11	-8.8598233e-11	-8.8647339e-11	-8.9044251e-11	-8.855628e-11	-8.8566293e-11	-8.9568943e-11	-8.9499456e-11	-8.9438484e-11	-8.9170865e-11	-8.79972e-11	-8.9127969e-11	-8.8425635e-11	-8.7569299e-11	-8.7781477e-11	-8.7296143e-11	-8.6761542e-11	-8.6505525e-11	-8.6187439e-11	-8.6880593e-11	-8.5689372e-11	-8.6230863e-11	-8.644542e-11	-8.6637864e-11	-8.6789562e-11	-8.788708e-11	-8.7680661e-11	-8.7960819e-11	-8.7957433e-11	-8.8008725e-11	-8.8763073e-11	-8.7238369e-11	-8.7435489e-11	-8.8619057e-11	-8.9156252e-11	-8.8820881e-11	-8.8873235e-11	-8.8724209e-11	-8.8665492e-11	-8.7899805e-11	-8.8210737e-11	-8.8657401e-11	-8.9011902e-11	-8.8668052e-11	-8.8260642e-11	-8.7815297e-11	-8.7985001e-11	-8.7538941e-11	-8.8497716e-11
	98.4444444444445	-8.8042094e-11	-8.8528067e-11	-8.819296e-11	-8.7946317e-11	-8.79537e-11	-8.8510747e-11	-8.8527539e-11	-8.8540571e-11	-8.9668856e-11	-8.9010244e-11	-8.8663347e-11	-8.8263841e-11	-8.8558536e-11	-8.791378e-11	-8.7935811e-11	-8.7926284e-11	-8.7934084e-11	-8.7932835e-11	-8.8220042e-11	-8.6996133e-11	-8.6107524e-11	-8.5770419e-11	-8.5580119e-11	-8.5497713e-11	-8.5188447e-11	-8.6569432e-11	-8.6751564e-11	-8.7029085e-11	-8.7222625e-11	-8.8019307e-11	-8.8034899e-11	-8.8106529e-11	-8.8157107e-11	-8.7311922e-11	-8.7163873e-11	-8.9002562e-11	-8.8938197e-11	-8.8383002e-11	-8.784648e-11	-8.7458575e-11	-8.8860919e-11	-8.8017836e-11	-8.8170971e-11	-8.8677135e-11	-8.950865e-11	-8.8580115e-11	-8.8021833e-11	-8.8273708e-11	-8.8146303e-11	-8.8109318e-11	-8.8484421e-11
	97.5555555555556	-8.8690805e-11	-8.8781003e-11	-8.9324791e-11	-8.9647616e-11	-8.9048165e-11	-8.8947766e-11	-8.8814935e-11	-8.8280182e-11	-8.8698673e-11	-8.8946142e-11	-8.8663119e-11	-8.8270433e-11	-8.8494136e-11	-8.880198e-11	-8.7739524e-11	-8.9491511e-11	-8.7618898e-11	-8.7871523e-11	-8.7022084e-11	-8.6268562e-11	-8.6814535e-11	-8.6285548e-11	-8.5686923e-11	-8.5186899e-11	-8.5686513e-11	-8.6948906e-11	-8.7206395e-11	-8.6909209e-11	-8.8377389e-11	-8.8034406e-11	-8.747808e-11	-8.7636898e-11	-8.753781e-11	-8.7930128e-11	-8.8357051e-11	-8.8102615e-11	-8.7619724e-11	-8.7636898e-11	-8.8114065e-11	-8.8438923e-11	-8.8485816e-11	-8.8860051e-11	-8.931153e-11	-8.8488265e-11	-8.903521e-11	-8.7669962e-11	-8.8809508e-11	-8.7951708e-11	-8.849451e-11	-8.8834703e-11	-8.829152e-11
	96.6666666666667	-8.8346164e-11	-8.8336824e-11	-8.8229646e-11	-8.8718109e-11	-8.8711441e-11	-8.7855667e-11	-8.7922031e-11	-8.8240228e-11	-8.8251864e-11	-8.8386687e-11	-8.8267345e-11	-8.8267005e-11	-8.7735867e-11	-8.7334667e-11	-8.7982739e-11	-8.7887045e-11	-8.6960508e-11	-8.7577806e-11	-8.670422e-11	-8.6808394e-11	-8.5198536e-11	-8.4774285e-11	-8.4790855e-11	-8.5171308e-11	-8.5127468e-11	-8.6158781e-11	-8.628355e-11	-8.6915392e-11	-8.6680683e-11	-8.6046587e-11	-8.6598208e-11	-8.7394925e-11	-8.6973991e-11	-8.6309536e-11	-8.6805306e-11	-8.6091932e-11	-8.6660235e-11	-8.749209e-11	-8.727765e-11	-8.7294186e-11	-8.7086484e-11	-8.7142973e-11	-8.7489682e-11	-8.6898627e-11	-8.743168e-11	-8.7590123e-11	-8.6873134e-11	-8.7661038e-11	-8.7295497e-11	-8.697143e-11	-8.7045468e-11
	95.7777777777778	-8.8073764e-11	-8.8079752e-11	-8.8016934e-11	-8.7960139e-11	-8.7693089e-11	-8.7826635e-11	-8.7927415e-11	-8.8224789e-11	-8.7891257e-11	-8.7128624e-11	-8.764036e-11	-8.7862564e-11	-8.7560972e-11	-8.7908889e-11	-8.7566093e-11	-8.7865423e-11	-8.7219877e-11	-8.6877387e-11	-8.6375365e-11	-8.557232e-11	-8.5831092e-11	-8.5105326e-11	-8.4331694e-11	-8.3752352e-11	-8.3720759e-11	-8.5085029e-11	-8.6219601e-11	-8.682071e-11	-8.698664e-11	-8.7038994e-11	-8.6796528e-11	-8.6155236e-11	-8.6556179e-11	-8.7025206e-11	-8.7547226e-11	-8.6988187e-11	-8.6983594e-11	-8.6742301e-11	-8.7146741e-11	-8.7646994e-11	-8.7644732e-11	-8.7803508e-11	-8.7893672e-11	-8.7621341e-11	-8.7419592e-11	-8.7512581e-11	-8.7389311e-11	-8.7761402e-11	-8.7581803e-11	-8.8209912e-11	-8.7822263e-11
	94.8888888888889	-8.8028231e-11	-8.8165017e-11	-8.7817482e-11	-8.8405221e-11	-8.8877829e-11	-8.8925999e-11	-8.7955775e-11	-8.8307153e-11	-8.8560083e-11	-8.9270973e-11	-8.8793695e-11	-8.842168e-11	-8.7670676e-11	-8.7312713e-11	-8.8003112e-11	-8.6881377e-11	-8.6852497e-11	-8.7619613e-11	-8.655418e-11	-8.6265627e-11	-8.5611906e-11	-8.4665934e-11	-8.4226542e-11	-8.4578296e-11	-8.4678667e-11	-8.6452269e-11	-8.7867422e-11	-8.8110144e-11	-8.8096364e-11	-8.824004e-11	-8.8242712e-11	-8.7850359e-11	-8.8301692e-11	-8.8032304e-11	-8.9014573e-11	-8.9320079e-11	-8.8246251e-11	-8.8608516e-11	-8.8243392e-11	-8.8847055e-11	-8.960898e-11	-8.9382862e-11	-8.8812901e-11	-8.914413e-11	-8.8708201e-11	-8.8541216e-11	-9.0037186e-11	-8.9621255e-11	-8.9654735e-11	-8.958672e-11	-8.9640309e-11
	94	-8.8417648e-11	-8.8210737e-11	-8.9119385e-11	-8.888227e-11	-8.8738406e-11	-8.9299027e-11	-8.8911233e-11	-8.8447479e-11	-8.8904266e-11	-8.9512751e-11	-8.9813025e-11	-8.9116069e-11	-8.9189017e-11	-8.9111926e-11	-8.9019549e-11	-8.8871875e-11	-8.934313e-11	-8.7506738e-11	-8.8012493e-11	-8.678399e-11	-8.5900953e-11	-8.5536772e-11	-8.529201e-11	-8.5245012e-11	-8.49215e-11	-8.7582629e-11	-8.8355961e-11	-8.8063258e-11	-8.8309825e-11	-8.8962643e-11	-8.8144006e-11	-8.904022e-11	-8.9215794e-11	-8.8148558e-11	-8.8360139e-11	-8.873325e-11	-8.8373961e-11	-8.797061e-11	-8.860411e-11	-8.8781718e-11	-8.8633254e-11	-8.8598233e-11	-8.8657137e-11	-8.9071896e-11	-8.9028319e-11	-8.946191e-11	-8.915893e-11	-8.9082214e-11	-8.9163864e-11	-8.8682402e-11	-8.896614e-11
	93.1111111111111	-8.8879147e-11	-8.8416559e-11	-8.8553602e-11	-8.9145712e-11	-8.8566147e-11	-9.0076765e-11	-8.9685731e-11	-8.9822212e-11	-8.9343616e-11	-8.912443e-11	-8.8993861e-11	-8.8651898e-11	-8.9031407e-11	-8.8289938e-11	-8.9002861e-11	-8.8234087e-11	-8.8504759e-11	-8.7478386e-11	-8.7428106e-11	-8.7451345e-11	-8.6081163e-11	-8.540179e-11	-8.4741825e-11	-8.5204864e-11	-8.5829323e-11	-8.7397339e-11	-8.9015857e-11	-8.9361581e-11	-8.8924944e-11	-8.9384257e-11	-8.8995929e-11	-8.8186299e-11	-8.8858393e-11	-8.8931869e-11	-8.8627834e-11	-8.8370949e-11	-8.8571754e-11	-8.8488224e-11	-8.8587082e-11	-8.8779643e-11	-8.8684698e-11	-8.8598004e-11	-8.8683644e-11	-8.8570325e-11	-8.8800474e-11	-8.8300374e-11	-8.8935262e-11	-8.8761644e-11	-8.8031173e-11	-8.8150973e-11	-8.8761644e-11
	92.2222222222222	-8.8432484e-11	-8.7851115e-11	-8.9265546e-11	-8.9268294e-11	-8.8312198e-11	-8.9009189e-11	-8.8972357e-11	-8.8383037e-11	-8.8177708e-11	-8.8381455e-11	-8.9106583e-11	-8.8487509e-11	-8.8321461e-11	-8.8502573e-11	-8.9683469e-11	-8.763882e-11	-8.8386201e-11	-8.790764e-11	-8.8075838e-11	-8.7277345e-11	-8.6123789e-11	-8.5851506e-11	-8.4985186e-11	-8.4875933e-11	-8.4871075e-11	-8.7445919e-11	-8.8764093e-11	-8.9107034e-11	-8.8843329e-11	-8.9474261e-11	-8.8442163e-11	-8.867506e-11	-8.8068608e-11	-8.8987762e-11	-8.8855305e-11	-8.8871389e-11	-8.8805102e-11	-8.8697619e-11	-8.7903761e-11	-8.916537e-11	-8.9221068e-11	-8.829186e-11	-9.0008258e-11	-9.0017188e-11	-9.0260285e-11	-9.0214607e-11	-8.9207287e-11	-9.0202214e-11	-8.9841308e-11	-8.9314771e-11	-8.9841419e-11
	91.3333333333333	-9.0335989e-11	-8.9525824e-11	-8.9248484e-11	-8.9277939e-11	-8.9346176e-11	-9.0170614e-11	-8.9343241e-11	-8.919851e-11	-8.9050087e-11	-8.9736649e-11	-8.9610673e-11	-8.9453209e-11	-8.9921869e-11	-8.9468009e-11	-8.9704223e-11	-8.9343283e-11	-8.9479875e-11	-8.8863965e-11	-8.820121e-11	-8.7523315e-11	-8.7289925e-11	-8.6604307e-11	-8.5867355e-11	-8.5250286e-11	-8.5330763e-11	-8.793382e-11	-8.9675413e-11	-8.9509442e-11	-8.9851966e-11	-8.9886841e-11	-8.9624121e-11	-8.9532076e-11	-8.9379094e-11	-8.9003763e-11	-8.9447297e-11	-9.0009424e-11	-8.9776041e-11	-9.0178184e-11	-9.0057933e-11	-8.9960393e-11	-8.9808848e-11	-9.0629101e-11	-9.0379371e-11	-8.9834494e-11	-8.972776e-11	-8.9955987e-11	-9.0282282e-11	-9.0067197e-11	-8.9947591e-11	-9.0221608e-11	-9.004298e-11
	90.4444444444445	-8.9521078e-11	-8.9153886e-11	-8.9780863e-11	-8.9837769e-11	-8.985912e-11	-9.011774e-11	-8.9509587e-11	-9.0290379e-11	-9.0418763e-11	-8.940286e-11	-8.9469293e-11	-8.9813705e-11	-8.9628638e-11	-8.9640954e-11	-8.946225e-11	-8.8968555e-11	-8.7756587e-11	-8.775617e-11	-8.7284242e-11	-8.7050554e-11	-8.6707572e-11	-8.6538436e-11	-8.5561967e-11	-8.5451542e-11	-8.5567352e-11	-8.7958557e-11	-8.9264943e-11	-8.9557722e-11	-8.8869356e-11	-8.8992883e-11	-9.0282171e-11	-9.0134233e-11	-8.938749e-11	-8.9365237e-11	-8.9685127e-11	-8.9290256e-11	-8.9341846e-11	-8.9748396e-11	-8.9627659e-11	-9.003534e-11	-9.0333727e-11	-9.0011762e-11	-8.999293e-11	-9.0121278e-11	-9.0010673e-11	-9.0385623e-11	-8.9754502e-11	-9.0189974e-11	-8.9482172e-11	-9.0280401e-11	-8.9531889e-11
	89.5555555555556	-8.9135088e-11	-9.0270416e-11	-8.9906839e-11	-8.7662128e-11	-8.8967535e-11	-8.9184993e-11	-9.1376483e-11	-8.9348549e-11	-8.9602048e-11	-8.9796753e-11	-8.9623593e-11	-8.9827597e-11	-8.9420638e-11	-8.912511e-11	-8.9752768e-11	-8.9381579e-11	-8.9108991e-11	-8.8992279e-11	-8.8153269e-11	-8.7363401e-11	-8.6874792e-11	-8.6434762e-11	-8.5783262e-11	-8.544021e-11	-8.5610997e-11	-8.8565169e-11	-9.0473483e-11	-8.9237791e-11	-8.915968e-11	-9.0087049e-11	-8.9994061e-11	-9.0609367e-11	-8.9940284e-11	-9.0237651e-11	-8.9406926e-11	-8.9810388e-11	-8.9919343e-11	-9.0735419e-11	-9.0010444e-11	-9.0354405e-11	-8.977416e-11	-8.9521036e-11	-9.0120675e-11	-8.9749493e-11	-8.9388545e-11	-9.0280811e-11	-8.9575194e-11	-8.985411e-11	-8.9557611e-11	-8.9846089e-11	-9.008972e-11
	88.6666666666667	-9.0886854e-11	-9.0513971e-11	-9.0477556e-11	-8.9602804e-11	-8.9823982e-11	-9.0054887e-11	-9.0305971e-11	-9.013789e-11	-9.0455185e-11	-8.9763273e-11	-9.0502862e-11	-9.0233099e-11	-9.0039365e-11	-8.9917608e-11	-8.9519045e-11	-8.8859635e-11	-8.8447021e-11	-8.9169283e-11	-8.8595895e-11	-8.7814166e-11	-8.6810316e-11	-8.6463642e-11	-8.6293757e-11	-8.5292655e-11	-8.5451091e-11	-8.8750084e-11	-9.0189974e-11	-9.0169941e-11	-9.0534531e-11	-9.0257572e-11	-9.0206016e-11	-9.0484405e-11	-9.010629e-11	-9.0547903e-11	-9.1272274e-11	-9.0672976e-11	-9.0394775e-11	-9.0830551e-11	-9.0308566e-11	-9.071429e-11	-9.0215585e-11	-9.0260473e-11	-9.0184887e-11	-8.9986678e-11	-9.0025397e-11	-9.0088027e-11	-9.0090477e-11	-9.0829982e-11	-9.1100613e-11	-9.0202325e-11	-9.1014335e-11
	87.7777777777778	-9.0452361e-11	-9.0247441e-11	-8.9222199e-11	-8.9605698e-11	-8.9693718e-11	-9.0099775e-11	-8.9782522e-11	-9.0232377e-11	-9.0255012e-11	-9.0644728e-11	-9.0203831e-11	-8.9990633e-11	-8.9404741e-11	-8.9856823e-11	-8.9027265e-11	-8.9673304e-11	-8.9460106e-11	-8.9140778e-11	-8.8278038e-11	-8.8168674e-11	-8.6846169e-11	-8.6194669e-11	-8.5329369e-11	-8.5796252e-11	-8.6186461e-11	-8.8929912e-11	-9.0198862e-11	-8.9994623e-11	-9.0550581e-11	-9.0246012e-11	-9.0304465e-11	-9.1460846e-11	-9.102296e-11	-9.0408105e-11	-9.0145461e-11	-8.9645812e-11	-8.9899116e-11	-9.0561426e-11	-9.0854574e-11	-9.0786975e-11	-9.0882184e-11	-9.0839024e-11	-9.0693501e-11	-9.0598445e-11	-9.0751837e-11	-9.1123775e-11	-9.1306657e-11	-9.0887006e-11	-9.093265e-11	-9.0383853e-11	-9.0484106e-11
	86.8888888888889	-9.0940894e-11	-9.0918113e-11	-9.0884897e-11	-9.0483544e-11	-8.9890609e-11	-9.0631926e-11	-9.0235847e-11	-9.0417597e-11	-9.0407015e-11	-9.0516643e-11	-8.9677744e-11	-8.9990182e-11	-9.0443923e-11	-9.0543156e-11	-9.0357298e-11	-9.0550088e-11	-8.9577457e-11	-8.9408134e-11	-8.8627869e-11	-8.8014075e-11	-8.8184939e-11	-8.6626602e-11	-8.6514261e-11	-8.5984407e-11	-8.6548685e-11	-9.0166326e-11	-9.0960933e-11	-9.1601657e-11	-9.0610311e-11	-8.9567062e-11	-9.0646615e-11	-9.0920708e-11	-9.1373811e-11	-9.1202754e-11	-9.1654309e-11	-9.1029136e-11	-9.0419554e-11	-9.0967824e-11	-9.1272843e-11	-9.1718556e-11	-9.0941761e-11	-9.0946847e-11	-9.1570473e-11	-9.0592533e-11	-9.0131069e-11	-9.0824299e-11	-9.0353912e-11	-9.0789348e-11	-9.0916753e-11	-9.1237552e-11	-9.0294446e-11
	86	-8.9850988e-11	-9.0582139e-11	-9.0961801e-11	-9.0594116e-11	-9.0688602e-11	-9.0526815e-11	-9.0131146e-11	-9.0269625e-11	-9.0192534e-11	-9.0149152e-11	-9.0225376e-11	-9.0107984e-11	-9.0336211e-11	-9.0163536e-11	-9.0209146e-11	-9.0360053e-11	-8.9767985e-11	-8.9856296e-11	-8.907438e-11	-8.806593e-11	-8.7728755e-11	-8.7817746e-11	-8.7274188e-11	-8.7024679e-11	-8.7652566e-11	-9.0002082e-11	-9.0819248e-11	-9.0825618e-11	-9.0590611e-11	-9.1689031e-11	-9.2384482e-11	-9.2287351e-11	-9.1714678e-11	-9.1565727e-11	-9.0984657e-11	-9.0923796e-11	-9.1082274e-11	-9.1161287e-11	-9.208255e-11	-9.1019157e-11	-9.1590922e-11	-9.0439066e-11	-9.0469868e-11	-9.1401151e-11	-9.0830135e-11	-9.1561363e-11	-9.1446607e-11	-9.1143738e-11	-9.1105325e-11	-9.1282107e-11	-9.1181777e-11
	85.1111111111111	-9.1229718e-11	-9.1331213e-11	-8.9992257e-11	-9.0667404e-11	-9.0005663e-11	-9.0289741e-11	-9.0685966e-11	-9.1051507e-11	-9.0173063e-11	-9.0954376e-11	-9.05142e-11	-9.067392e-11	-9.1046122e-11	-9.0974638e-11	-9.1028157e-11	-8.9747196e-11	-8.9347009e-11	-8.9745614e-11	-8.901567e-11	-8.8154511e-11	-8.7203987e-11	-8.675375e-11	-8.6090648e-11	-8.6165179e-11	-8.6552522e-11	-8.927116e-11	-9.1636046e-11	-9.1350198e-11	-9.1139221e-11	-9.1543884e-11	-9.1416062e-11	-9.0881767e-11	-9.0476196e-11	-9.083153e-11	-9.1481975e-11	-9.1213301e-11	-9.2106205e-11	-9.1557706e-11	-9.0649585e-11	-9.1132518e-11	-9.1155111e-11	-9.1951037e-11	-9.1374033e-11	-9.1945652e-11	-9.1487699e-11	-9.1282405e-11	-9.0968427e-11	-9.1470186e-11	-9.1627379e-11	-9.1949982e-11	-9.1573416e-11
	84.2222222222222	-9.1047135e-11	-9.1448751e-11	-9.1069811e-11	-9.1225201e-11	-9.0217771e-11	-9.0390105e-11	-9.0960933e-11	-9.0890129e-11	-9.0577996e-11	-9.0623641e-11	-9.0588273e-11	-9.0856614e-11	-9.1118654e-11	-9.0738993e-11	-9.1272538e-11	-9.0964965e-11	-9.034988e-11	-8.9717969e-11	-8.928551e-11	-8.8757536e-11	-8.8141515e-11	-8.7361104e-11	-8.6596098e-11	-8.732047e-11	-8.7003439e-11	-8.9580697e-11	-9.2367572e-11	-9.1226894e-11	-9.1223959e-11	-9.0811421e-11	-9.079662e-11	-9.0465316e-11	-9.0782153e-11	-9.1318147e-11	-9.0689393e-11	-9.1271976e-11	-9.0696062e-11	-9.0969822e-11	-9.1083481e-11	-9.10906e-11	-9.0715907e-11	-9.0566173e-11	-9.0629025e-11	-9.0669514e-11	-9.1439453e-11	-9.1552925e-11	-9.0723477e-11	-9.1682745e-11	-9.096545e-11	-9.0864108e-11	-9.0465503e-11
	83.3333333333333	-9.0500191e-11	-9.0703667e-11	-9.0659869e-11	-9.0949706e-11	-9.1494999e-11	-9.1052561e-11	-9.0646428e-11	-9.1155791e-11	-9.0706567e-11	-9.0955361e-11	-9.0380842e-11	-9.0443132e-11	-9.0470735e-11	-9.017713e-11	-8.9728135e-11	-8.9674657e-11	-9.0072436e-11	-8.9084323e-11	-8.8943096e-11	-8.7973358e-11	-8.6625929e-11	-8.6400449e-11	-8.6396834e-11	-8.5764354e-11	-8.6349233e-11	-8.878797e-11	-9.0297984e-11	-9.0673129e-11	-9.0356361e-11	-9.1091204e-11	-9.1372604e-11	-9.1647946e-11	-9.1394482e-11	-9.1472746e-11	-9.1360253e-11	-9.0720279e-11	-9.0722201e-11	-9.1050036e-11	-9.0384381e-11	-9.0608798e-11	-9.1390985e-11	-9.1098962e-11	-9.0610117e-11	-9.055777e-11	-9.0816688e-11	-9.0994073e-11	-9.0514575e-11	-9.009541e-11	-9.0687173e-11	-9.0897886e-11	-9.0846219e-11
	82.4444444444444	-9.0781965e-11	-9.0974832e-11	-9.075244e-11	-9.0817971e-11	-9.0072887e-11	-9.0523464e-11	-9.0439066e-11	-9.0485765e-11	-9.0217507e-11	-9.0301301e-11	-8.9777095e-11	-8.9058261e-11	-8.9704903e-11	-8.9893773e-11	-8.9563634e-11	-8.9264117e-11	-8.9033031e-11	-8.8830679e-11	-8.7843732e-11	-8.7431229e-11	-8.6879726e-11	-8.6767572e-11	-8.6016159e-11	-8.5241397e-11	-8.6294173e-11	-8.9517387e-11	-8.9891622e-11	-8.9720342e-11	-9.0463088e-11	-8.9761504e-11	-8.9881984e-11	-8.9677557e-11	-9.0788481e-11	-9.0290338e-11	-9.1919444e-11	-9.0488325e-11	-9.0278625e-11	-9.0416542e-11	-9.0849606e-11	-9.0791645e-11	-9.1012149e-11	-9.0630309e-11	-9.0165417e-11	-9.0032058e-11	-8.963523e-11	-9.0129681e-11	-9.0392666e-11	-9.0115707e-11	-8.9562809e-11	-9.001342e-11	-8.9450197e-11
	81.5555555555556	-9.0369504e-11	-8.9899609e-11	-9.0233772e-11	-9.0058162e-11	-9.0173362e-11	-9.0008445e-11	-9.046678e-11	-9.0097367e-11	-8.9997301e-11	-9.0086369e-11	-8.9569248e-11	-9.021528e-11	-9.014723e-11	-8.9935351e-11	-8.9642155e-11	-8.886638e-11	-8.8647381e-11	-8.8040096e-11	-8.743805e-11	-8.7452247e-11	-8.6671004e-11	-8.6431785e-11	-8.607498e-11	-8.5591263e-11	-8.4953967e-11	-8.8801001e-11	-9.0546702e-11	-9.0703292e-11	-9.1118994e-11	-9.1256912e-11	-9.0508739e-11	-9.0956374e-11	-9.0827013e-11	-9.1024577e-11	-9.1616797e-11	-9.1286922e-11	-9.1796626e-11	-9.069915e-11	-9.1513644e-11	-9.1221017e-11	-9.087725e-11	-9.1083141e-11	-9.1776968e-11	-9.1583657e-11	-9.0720167e-11	-9.0469909e-11	-9.1001873e-11	-9.1045289e-11	-9.1346507e-11	-9.065057e-11	-9.1297019e-11
	80.6666666666667	-9.0878756e-11	-9.0801852e-11	-9.1457605e-11	-9.2133204e-11	-9.1476285e-11	-9.1393546e-11	-9.0873406e-11	-9.155586e-11	-9.0841813e-11	-9.1662893e-11	-9.0530652e-11	-9.0629781e-11	-9.1190888e-11	-9.0514388e-11	-9.0676855e-11	-9.0697005e-11	-8.9838373e-11	-8.9227167e-11	-8.9458899e-11	-8.827563e-11	-8.7165233e-11	-8.7020911e-11	-8.6613043e-11	-8.6659971e-11	-8.6402857e-11	-9.0365514e-11	-9.2465341e-11	-9.1891952e-11	-9.1525773e-11	-9.091649e-11	-9.2408435e-11	-9.270501e-11	-9.2272516e-11	-9.1010796e-11	-9.0806633e-11	-9.1027706e-11	-9.1300932e-11	-9.2001053e-11	-9.173886e-11	-9.1725412e-11	-9.1812787e-11	-9.1486978e-11	-9.0992526e-11	-9.0384644e-11	-9.1726841e-11	-9.1324358e-11	-9.1278526e-11	-9.223327e-11	-9.0854387e-11	-9.0974867e-11	-9.1510445e-11
	79.7777777777778	-9.1257099e-11	-9.0841397e-11	-9.0620025e-11	-9.0743135e-11	-9.0683447e-11	-9.0623002e-11	-9.0124221e-11	-9.047315e-11	-9.0780834e-11	-9.0098269e-11	-9.0136988e-11	-9.0187753e-11	-9.0985636e-11	-9.0961537e-11	-9.0767088e-11	-9.0241453e-11	-9.0111939e-11	-8.949215e-11	-8.9758041e-11	-8.8448644e-11	-8.7719713e-11	-8.7047806e-11	-8.6702791e-11	-8.6540698e-11	-8.5893417e-11	-8.9250857e-11	-9.0866176e-11	-9.1635061e-11	-9.1659694e-11	-9.1955971e-11	-9.09978e-11	-9.1847023e-11	-9.1777537e-11	-9.2093319e-11	-9.2128763e-11	-9.2012842e-11	-9.2010503e-11	-9.1603204e-11	-9.1255704e-11	-9.0964812e-11	-9.0389841e-11	-9.0818686e-11	-9.1868714e-11	-9.1395391e-11	-9.1220149e-11	-9.2148948e-11	-9.1497109e-11	-9.1119334e-11	-9.1247079e-11	-9.1650916e-11	-9.179648e-11
	78.8888888888889	-9.1121444e-11	-9.1991942e-11	-9.1162682e-11	-9.1901139e-11	-9.0905644e-11	-9.109101e-11	-9.1049696e-11	-9.1807777e-11	-9.1239925e-11	-9.1171792e-11	-9.0645595e-11	-9.0838156e-11	-9.1458813e-11	-9.1090975e-11	-9.1604072e-11	-9.0621795e-11	-9.0246352e-11	-9.0060799e-11	-8.8949383e-11	-8.8821187e-11	-8.7801891e-11	-8.7875929e-11	-8.6593691e-11	-8.6405536e-11	-8.6907703e-11	-8.9681547e-11	-9.2309722e-11	-9.185764e-11	-9.1620038e-11	-9.1429739e-11	-9.1437906e-11	-9.2246641e-11	-9.1526182e-11	-9.1309182e-11	-9.1524267e-11	-9.157345e-11	-9.1401976e-11	-9.1862989e-11	-9.2526535e-11	-9.2098933e-11	-9.2047717e-11	-9.1903207e-11	-9.1467174e-11	-9.1762355e-11	-9.1767594e-11	-9.2250103e-11	-9.1367407e-11	-9.2525106e-11	-9.2152001e-11	-9.1778474e-11	-9.1569342e-11
	78	-9.1500536e-11	-9.1936618e-11	-9.1971417e-11	-9.1866868e-11	-9.1051958e-11	-9.1139145e-11	-9.1555485e-11	-9.1507732e-11	-9.1440432e-11	-9.2160619e-11	-9.1912478e-11	-9.2020447e-11	-9.2029447e-11	-9.0785206e-11	-9.1404016e-11	-9.0939915e-11	-9.0779328e-11	-9.0523311e-11	-8.9086544e-11	-8.8379533e-11	-8.6913844e-11	-8.6292251e-11	-8.6502999e-11	-8.640226e-11	-8.6461234e-11	-9.0372404e-11	-9.2647917e-11	-9.289234e-11	-9.1952619e-11	-9.1724586e-11	-9.2364068e-11	-9.2233644e-11	-9.2552563e-11	-9.2127667e-11	-9.2854675e-11	-9.2255793e-11	-9.131796e-11	-9.1907655e-11	-9.1385184e-11	-9.1084085e-11	-9.1656113e-11	-9.1626817e-11	-9.1681801e-11	-9.1591901e-11	-9.2049181e-11	-9.1901438e-11	-9.2376683e-11	-9.0513215e-11	-9.0393984e-11	-9.0870846e-11	-9.144397e-11
	77.1111111111111	-9.0989591e-11	-9.1072559e-11	-9.1002095e-11	-9.0798195e-11	-9.0645901e-11	-9.1225201e-11	-9.107979e-11	-9.0959879e-11	-9.2102964e-11	-9.1835269e-11	-9.1595898e-11	-9.0989744e-11	-9.0958671e-11	-9.0945078e-11	-9.1286513e-11	-9.1062539e-11	-9.070928e-11	-8.9592819e-11	-8.8526374e-11	-8.7569861e-11	-8.6941336e-11	-8.6425006e-11	-8.6381471e-11	-8.6039918e-11	-8.5641882e-11	-8.937092e-11	-9.2331864e-11	-9.2363575e-11	-9.1811017e-11	-9.2079615e-11	-9.1517786e-11	-9.2092306e-11	-9.1755506e-11	-9.1097942e-11	-9.1784656e-11	-9.1814327e-11	-9.1603995e-11	-9.1695776e-11	-9.1764991e-11	-9.2327125e-11	-9.1599436e-11	-9.2051936e-11	-9.2340982e-11	-9.265029e-11	-9.1992053e-11	-9.2179493e-11	-9.2449333e-11	-9.2688364e-11	-9.1934543e-11	-9.2309611e-11	-9.2370507e-11
	76.2222222222222	-9.1258306e-11	-9.1080241e-11	-9.0921048e-11	-9.1236199e-11	-9.1346243e-11	-9.1890107e-11	-9.174142e-11	-9.2023458e-11	-9.2101229e-11	-9.190592e-11	-9.0929785e-11	-9.1148596e-11	-9.186886e-11	-9.0972493e-11	-9.1071012e-11	-9.0496041e-11	-9.0125837e-11	-8.961764e-11	-8.8790378e-11	-8.8968513e-11	-8.8239208e-11	-8.6987167e-11	-8.6800636e-11	-8.6383165e-11	-8.6620801e-11	-9.0896006e-11	-9.2387792e-11	-9.2976814e-11	-9.2607359e-11	-9.2238467e-11	-9.2293978e-11	-9.2758488e-11	-9.2695934e-11	-9.2882549e-11	-9.2365421e-11	-9.2471815e-11	-9.1918917e-11	-9.2220884e-11	-9.3213964e-11	-9.2911547e-11	-9.2633796e-11	-9.2782101e-11	-9.2774947e-11	-9.2070386e-11	-9.2618357e-11	-9.2687351e-11	-9.2197264e-11	-9.2443192e-11	-9.2769979e-11	-9.2378945e-11	-9.2547893e-11
	75.3333333333333	-9.211603e-11	-9.2509549e-11	-9.1910701e-11	-9.1924565e-11	-9.1964825e-11	-9.1760322e-11	-9.1767594e-11	-9.1434894e-11	-9.2326709e-11	-9.1800734e-11	-9.1766574e-11	-9.1432445e-11	-9.2556289e-11	-9.2027379e-11	-9.2371187e-11	-9.0908392e-11	-9.0915477e-11	-9.02836e-11	-8.9657108e-11	-8.9347009e-11	-8.863122e-11	-8.7574455e-11	-8.7091417e-11	-8.8805255e-11	-8.6702229e-11	-9.1235935e-11	-9.2536215e-11	-9.3383586e-11	-9.2881904e-11	-9.2614326e-11	-9.2979485e-11	-9.2509701e-11	-9.2790012e-11	-9.1435005e-11	-9.1657168e-11	-9.3000427e-11	-9.3224393e-11	-9.2353146e-11	-9.2646939e-11	-9.224517e-11	-9.2104581e-11	-9.2105296e-11	-9.2018261e-11	-9.2179715e-11	-9.2111402e-11	-9.2404098e-11	-9.2571957e-11	-9.2335146e-11	-9.2957947e-11	-9.2723239e-11	-9.2795396e-11
	74.4444444444444	-9.2287802e-11	-9.2305392e-11	-9.2098294e-11	-9.2232368e-11	-9.2098933e-11	-9.1480393e-11	-9.1512589e-11	-9.1521589e-11	-9.1753279e-11	-9.2493693e-11	-9.2256432e-11	-9.2111138e-11	-9.3055633e-11	-9.1560461e-11	-9.1451881e-11	-9.1218567e-11	-9.084343e-11	-9.0432287e-11	-8.9686147e-11	-8.8400925e-11	-8.7279871e-11	-8.7266881e-11	-8.6429183e-11	-8.6425721e-11	-8.6413481e-11	-9.040306e-11	-9.2245774e-11	-9.2833623e-11	-9.3415296e-11	-9.2696878e-11	-9.3048666e-11	-9.286466e-11	-9.3830735e-11	-9.2762367e-11	-9.2848951e-11	-9.3061059e-11	-9.2862135e-11	-9.3008448e-11	-9.2554631e-11	-9.2068318e-11	-9.2658652e-11	-9.2488309e-11	-9.272904e-11	-9.2988298e-11	-9.2873695e-11	-9.452935e-11	-9.3765731e-11	-9.3694483e-11	-9.2693415e-11	-9.2483791e-11	-9.1940532e-11
	73.5555555555556	-9.2394759e-11	-9.1769328e-11	-9.2383837e-11	-9.2480967e-11	-9.2608372e-11	-9.1888559e-11	-9.1843894e-11	-9.2596514e-11	-9.2493735e-11	-9.1970022e-11	-9.2171319e-11	-9.1954694e-11	-9.202504e-11	-9.1708502e-11	-9.1572694e-11	-9.1004315e-11	-9.1009852e-11	-9.0814883e-11	-8.997425e-11	-8.89974e-11	-8.824215e-11	-8.7372665e-11	-8.7079628e-11	-8.7249971e-11	-8.6940323e-11	-9.1162945e-11	-9.3445654e-11	-9.3552312e-11	-9.4241392e-11	-9.3753984e-11	-9.4146073e-11	-9.3707923e-11	-9.3257312e-11	-9.3515702e-11	-9.3282319e-11	-9.3924889e-11	-9.3658852e-11	-9.3678398e-11	-9.3984202e-11	-9.4069731e-11	-9.3823393e-11	-9.3373156e-11	-9.3881958e-11	-9.3585674e-11	-9.3196943e-11	-9.3163838e-11	-9.3082486e-11	-9.2336083e-11	-9.2693034e-11	-9.3573663e-11	-9.3764191e-11
	72.6666666666667	-9.3480751e-11	-9.2516106e-11	-9.2480551e-11	-9.1949157e-11	-9.2375739e-11	-9.2495879e-11	-9.144141e-11	-9.1435345e-11	-9.1948255e-11	-9.2581109e-11	-9.2576703e-11	-9.2139421e-11	-9.197676e-11	-9.1166186e-11	-9.1252769e-11	-9.0815674e-11	-9.0529827e-11	-9.0630906e-11	-8.9962988e-11	-8.85991e-11	-8.7850664e-11	-8.6819919e-11	-8.6314962e-11	-8.6457771e-11	-8.6467826e-11	-9.0605863e-11	-9.309311e-11	-9.3376806e-11	-9.3873367e-11	-9.3301339e-11	-9.2508272e-11	-9.3332557e-11	-9.314173e-11	-9.3459213e-11	-9.3645071e-11	-9.4040734e-11	-9.5201749e-11	-9.3818647e-11	-9.4143283e-11	-9.3123953e-11	-9.3795562e-11	-9.3662092e-11	-9.3009239e-11	-9.3000461e-11	-9.3359896e-11	-9.3116459e-11	-9.3698507e-11	-9.389009e-11	-9.3356399e-11	-9.2927964e-11	-9.2657444e-11
	71.7777777777778	-9.2277824e-11	-9.2564276e-11	-9.2279295e-11	-9.2926875e-11	-9.2072079e-11	-9.2066507e-11	-9.210948e-11	-9.2346554e-11	-9.1997021e-11	-9.2492833e-11	-9.2167517e-11	-9.2770354e-11	-9.1881967e-11	-9.1283384e-11	-9.1728465e-11	-9.1698898e-11	-9.1674723e-11	-9.0446178e-11	-8.9140362e-11	-8.8511684e-11	-8.770544e-11	-8.7444899e-11	-8.7165872e-11	-8.6798638e-11	-8.6820669e-11	-9.0526246e-11	-9.3279495e-11	-9.3269364e-11	-9.3735304e-11	-9.2975079e-11	-9.3300659e-11	-9.3318207e-11	-9.2859533e-11	-9.2096941e-11	-9.2609427e-11	-9.2984759e-11	-9.4006164e-11	-9.3507264e-11	-9.292838e-11	-9.2655751e-11	-9.2426587e-11	-9.3384495e-11	-9.2412578e-11	-9.2722149e-11	-9.3018843e-11	-9.2482438e-11	-9.263583e-11	-9.2783912e-11	-9.2306107e-11	-9.3103768e-11	-9.3508548e-11
	70.8888888888889	-9.2562354e-11	-9.2138026e-11	-9.1840542e-11	-9.1860915e-11	-9.1205953e-11	-9.14155e-11	-9.1801559e-11	-9.1569835e-11	-9.1998228e-11	-9.151839e-11	-9.0544516e-11	-9.1184109e-11	-9.1426422e-11	-9.1693889e-11	-9.1383338e-11	-9.0827311e-11	-9.0204622e-11	-8.9969469e-11	-8.9049372e-11	-8.7517285e-11	-8.7536797e-11	-8.7267367e-11	-8.6873959e-11	-8.7394814e-11	-8.6706295e-11	-9.1286999e-11	-9.2733148e-11	-9.3038612e-11	-9.3050699e-11	-9.3138983e-11	-9.3347656e-11	-9.2188646e-11	-9.2322983e-11	-9.1839904e-11	-9.2592066e-11	-9.2698009e-11	-9.233582e-11	-9.2931919e-11	-9.3174836e-11	-9.2941488e-11	-9.2781276e-11	-9.2225665e-11	-9.1969682e-11	-9.1769099e-11	-9.1457834e-11	-9.1254046e-11	-9.1975177e-11	-9.1857112e-11	-9.1696713e-11	-9.1387294e-11	-9.197744e-11
	70	-9.2248709e-11	-9.0922929e-11	-9.0598071e-11	-9.1072636e-11	-9.1460506e-11	-9.1871802e-11	-9.1803072e-11	-9.1330575e-11	-9.0916982e-11	-9.1762584e-11	-9.0979384e-11	-9.0700503e-11	-9.0565118e-11	-9.1025673e-11	-9.0653242e-11	-9.0025397e-11	-9.0341373e-11	-8.938339e-11	-8.8440318e-11	-8.798632e-11	-8.7006714e-11	-8.6360037e-11	-8.6007722e-11	-8.6267542e-11	-8.5869881e-11	-9.0993282e-11	-9.2756268e-11	-9.2493131e-11	-9.206598e-11	-9.1766351e-11	-9.2501722e-11	-9.3280023e-11	-9.2251873e-11	-9.3378201e-11	-9.3506175e-11	-9.3562366e-11	-9.319287e-11	-9.2223403e-11	-9.2884429e-11	-9.3117021e-11	-9.3513142e-11	-9.2601184e-11	-9.2120964e-11	-9.1675702e-11	-9.2284944e-11	-9.2486581e-11	-9.1899405e-11	-9.2302867e-11	-9.2780748e-11	-9.2840777e-11	-9.2011294e-11
