I1_3838
																																																				
		261.5	261.52	261.54	261.56	261.58	261.6	261.62	261.64	261.66	261.68	261.7	261.72	261.74	261.76	261.78	261.8	261.82	261.84	261.86	261.88	261.9	261.92	261.94	261.96	261.98	262	262.02	262.04	262.06	262.08	262.1	262.12	262.14	262.16	262.18	262.2	262.22	262.24	262.26	262.28	262.3	262.32	262.34	262.36	262.38	262.4	262.42	262.44	262.46	262.48	262.5
	100	-4.1757198e-11	-4.1784642e-11	-4.1388563e-11	-4.2328554e-11	-4.1813605e-11	-4.1705691e-11	-4.1741194e-11	-4.1962316e-11	-4.1632593e-11	-4.2375606e-11	-4.1049036e-11	-4.226575e-11	-4.1055475e-11	-4.2173039e-11	-4.1429422e-11	-4.1808532e-11	-4.1087411e-11	-4.1359801e-11	-4.0760225e-11	-4.1206507e-11	-4.0418602e-11	-4.0339038e-11	-3.9794636e-11	-4.0225791e-11	-3.9706811e-11	-4.0006151e-11	-3.9549513e-11	-4.0405498e-11	-4.0622124e-11	-4.0349835e-11	-4.0502449e-11	-4.0462113e-11	-4.0746729e-11	-4.1005487e-11	-4.0636383e-11	-4.1153983e-11	-4.0649466e-11	-4.1047315e-11	-4.0294573e-11	-4.1139561e-11	-4.045796e-11	-4.1301452e-11	-4.1123653e-11	-4.1618028e-11	-4.187499e-11	-4.1968276e-11	-4.1675174e-11	-4.2014815e-11	-4.1348893e-11	-4.1779233e-11	-4.2134601e-11
	97.5	-4.2097881e-11	-4.1894235e-11	-4.1786161e-11	-4.151789e-11	-4.2402557e-11	-4.1691657e-11	-4.2695174e-11	-4.1332021e-11	-4.1757816e-11	-4.1382724e-11	-4.1592108e-11	-4.1194444e-11	-4.1554885e-11	-4.0485212e-11	-4.0895631e-11	-4.0206571e-11	-4.0666123e-11	-3.9911574e-11	-4.022465e-11	-3.9804892e-11	-4.0313593e-11	-3.9746668e-11	-4.0174711e-11	-3.9449687e-11	-3.9884658e-11	-4.106027e-11	-4.0973034e-11	-4.0645876e-11	-4.199267e-11	-4.1512016e-11	-4.1237392e-11	-4.1593489e-11	-4.1322567e-11	-4.2055148e-11	-4.1545961e-11	-4.1675087e-11	-4.1501972e-11	-4.2282219e-11	-4.1746832e-11	-4.2726319e-11	-4.1851491e-11	-4.1868876e-11	-4.179574e-11	-4.1926712e-11	-4.1937735e-11	-4.2375003e-11	-4.1821286e-11	-4.2286386e-11	-4.2247546e-11	-4.2168408e-11	-4.2809763e-11
	95	-4.2923675e-11	-4.2770607e-11	-4.2775151e-11	-4.2837039e-11	-4.29769e-11	-4.2212733e-11	-4.2946507e-11	-4.2607119e-11	-4.2696527e-11	-4.2803372e-11	-4.3154133e-11	-4.2791194e-11	-4.355068e-11	-4.2668095e-11	-4.3079817e-11	-4.2286563e-11	-4.2242199e-11	-4.1464977e-11	-4.1602326e-11	-4.1076628e-11	-4.1076652e-11	-4.0384293e-11	-4.0892793e-11	-3.9871877e-11	-4.0347049e-11	-4.1868876e-11	-4.2299695e-11	-4.234205e-11	-4.2325719e-11	-4.2622513e-11	-4.2881834e-11	-4.3134524e-11	-4.3198813e-11	-4.2801679e-11	-4.3394299e-11	-4.2761732e-11	-4.3669325e-11	-4.2641505e-11	-4.3640137e-11	-4.2902057e-11	-4.3756131e-11	-4.272387e-11	-4.3387242e-11	-4.324132e-11	-4.3637351e-11	-4.3310352e-11	-4.3917873e-11	-4.347921e-11	-4.338796e-11	-4.3197945e-11	-4.3449862e-11
	92.5	-4.3672059e-11	-4.4002774e-11	-4.3720555e-11	-4.4260928e-11	-4.3821249e-11	-4.4252994e-11	-4.3288307e-11	-4.4069963e-11	-4.3623452e-11	-4.3910417e-11	-4.3630759e-11	-4.4036431e-11	-4.4075122e-11	-4.3901566e-11	-4.3607045e-11	-4.3060021e-11	-4.3203822e-11	-4.2132731e-11	-4.2004331e-11	-4.1483192e-11	-4.1699491e-11	-4.1077544e-11	-4.0666109e-11	-4.0773208e-11	-4.1068707e-11	-4.1216513e-11	-4.2080697e-11	-4.2495216e-11	-4.2275478e-11	-4.2558262e-11	-4.3425631e-11	-4.2676265e-11	-4.3319643e-11	-4.2851743e-11	-4.3736674e-11	-4.3101082e-11	-4.3227776e-11	-4.2761756e-11	-4.3515226e-11	-4.2878732e-11	-4.3398892e-11	-4.2775176e-11	-4.3207313e-11	-4.3116913e-11	-4.3570099e-11	-4.3296228e-11	-4.3939127e-11	-4.2731565e-11	-4.3287443e-11	-4.3337944e-11	-4.3765071e-11
	90	-4.4165192e-11	-4.5151285e-11	-4.4422015e-11	-4.4657888e-11	-4.4528308e-11	-4.4556553e-11	-4.3946999e-11	-4.434102e-11	-4.4483656e-11	-4.4684666e-11	-4.394405e-11	-4.366699e-11	-4.3908734e-11	-4.4560432e-11	-4.4422681e-11	-4.3990308e-11	-4.37895e-11	-4.3371463e-11	-4.2749002e-11	-4.2495344e-11	-4.2272942e-11	-4.1906464e-11	-4.1752556e-11	-4.1387369e-11	-4.1467284e-11	-4.1261505e-11	-4.1513949e-11	-4.1636937e-11	-4.2074143e-11	-4.1826986e-11	-4.2471165e-11	-4.2401818e-11	-4.262412e-11	-4.3056052e-11	-4.3061173e-11	-4.2585102e-11	-4.269015e-11	-4.234426e-11	-4.2635603e-11	-4.2476335e-11	-4.2873611e-11	-4.2304049e-11	-4.2447452e-11	-4.256229e-11	-4.2534924e-11	-4.2487784e-11	-4.2306599e-11	-4.2298928e-11	-4.199454e-11	-4.2168182e-11	-4.1986883e-11
	87.5	-4.3428421e-11	-4.3681864e-11	-4.3248388e-11	-4.4107207e-11	-4.3642069e-11	-4.4287855e-11	-4.3521756e-11	-4.4340441e-11	-4.3753685e-11	-4.4206961e-11	-4.3742988e-11	-4.4135317e-11	-4.4114854e-11	-4.4264883e-11	-4.3135065e-11	-4.4038113e-11	-4.3323522e-11	-4.3668208e-11	-4.2868965e-11	-4.3073111e-11	-4.2453513e-11	-4.2117212e-11	-4.133708e-11	-4.2029765e-11	-4.0454154e-11	-4.0528421e-11	-4.071074e-11	-4.0923223e-11	-4.0928972e-11	-4.1146614e-11	-4.0883238e-11	-4.1026224e-11	-4.0845227e-11	-4.1296883e-11	-4.1324097e-11	-4.1987722e-11	-4.1422633e-11	-4.1774199e-11	-4.1163614e-11	-4.1502274e-11	-4.1413831e-11	-4.2186334e-11	-4.1352383e-11	-4.2012567e-11	-4.1881117e-11	-4.1743116e-11	-4.1429801e-11	-4.2090928e-11	-4.2362953e-11	-4.1783035e-11	-4.1450364e-11
	85	-4.2532415e-11	-4.210127e-11	-4.2492981e-11	-4.2368626e-11	-4.2733914e-11	-4.3107132e-11	-4.23571e-11	-4.2461874e-11	-4.2339427e-11	-4.234962e-11	-4.2628009e-11	-4.2680044e-11	-4.2635191e-11	-4.2531083e-11	-4.1937873e-11	-4.2572373e-11	-4.2522222e-11	-4.2387281e-11	-4.2796079e-11	-4.3021958e-11	-4.2666273e-11	-4.2446172e-11	-4.1943334e-11	-4.1909615e-11	-3.9548243e-11	-3.9881709e-11	-3.9338838e-11	-3.9968955e-11	-3.9753974e-11	-4.0333011e-11	-4.0001207e-11	-4.0890107e-11	-4.0628903e-11	-4.1630331e-11	-4.0335183e-11	-4.1608942e-11	-4.1430276e-11	-4.1535074e-11	-4.1296418e-11	-4.1776107e-11	-4.1382876e-11	-4.1668322e-11	-4.1225651e-11	-4.1538866e-11	-4.1253872e-11	-4.1224687e-11	-4.1440747e-11	-4.1008211e-11	-4.0903038e-11	-4.0826259e-11	-4.1752379e-11
	82.5	-4.1815374e-11	-4.2873309e-11	-4.2332107e-11	-4.2656056e-11	-4.2799243e-11	-4.2543045e-11	-4.2273834e-11	-4.2522357e-11	-4.2561451e-11	-4.290748e-11	-4.2388322e-11	-4.2710072e-11	-4.2500552e-11	-4.3067137e-11	-4.2656722e-11	-4.269609e-11	-4.2306346e-11	-4.2566471e-11	-4.2235684e-11	-4.2672411e-11	-4.1872079e-11	-4.2213261e-11	-4.1754565e-11	-4.2228564e-11	-3.9952309e-11	-3.978989e-11	-3.998947e-11	-4.094302e-11	-4.0115872e-11	-4.0128224e-11	-3.9611314e-11	-4.012796e-11	-4.0242826e-11	-4.0856651e-11	-4.0069083e-11	-4.0592859e-11	-4.0222301e-11	-4.0552072e-11	-4.025837e-11	-4.0773621e-11	-3.9845655e-11	-4.0613624e-11	-4.0727685e-11	-4.0835335e-11	-4.0681063e-11	-4.0843079e-11	-4.0748713e-11	-4.0761131e-11	-4.1172048e-11	-4.1432548e-11	-4.0681326e-11
	80	-4.2021393e-11	-4.1582529e-11	-4.1732319e-11	-4.1659443e-11	-4.2319842e-11	-4.1658916e-11	-4.1836576e-11	-4.1543699e-11	-4.1710562e-11	-4.1741069e-11	-4.1780187e-11	-4.2260802e-11	-4.1401493e-11	-4.1644268e-11	-4.1383338e-11	-4.2445818e-11	-4.2295577e-11	-4.2724234e-11	-4.2539181e-11	-4.27803e-11	-4.2495531e-11	-4.2351629e-11	-4.1950804e-11	-4.2223981e-11	-4.0958348e-11	-4.1093174e-11	-4.0581663e-11	-4.093997e-11	-4.0640789e-11	-4.0870172e-11	-4.0457769e-11	-4.0819466e-11	-4.1080257e-11	-4.1386655e-11	-4.1097969e-11	-4.1677335e-11	-4.0803399e-11	-4.1060485e-11	-4.0861259e-11	-4.1245174e-11	-4.090615e-11	-4.1499911e-11	-4.1106694e-11	-4.1683837e-11	-4.0868864e-11	-4.10522e-11	-4.1609896e-11	-4.1495543e-11	-4.0275703e-11	-4.0947301e-11	-4.0672299e-11
	77.5	-4.198614e-11	-4.143344e-11	-4.1576426e-11	-4.1602437e-11	-4.1467361e-11	-4.0357679e-11	-4.1078311e-11	-4.1308606e-11	-4.1763076e-11	-4.1311256e-11	-4.2270593e-11	-4.1853174e-11	-4.2508875e-11	-4.1559242e-11	-4.1690856e-11	-4.1152401e-11	-4.117166e-11	-4.1209296e-11	-4.1178488e-11	-4.0332435e-11	-4.0485212e-11	-4.0794486e-11	-4.0905973e-11	-4.0750396e-11	-4.0563056e-11	-4.0564174e-11	-4.155417e-11	-4.0606216e-11	-4.1650957e-11	-4.1522296e-11	-4.1290679e-11	-4.1420097e-11	-4.1935084e-11	-4.1684753e-11	-4.1970927e-11	-4.1604196e-11	-4.1978632e-11	-4.2133508e-11	-4.1413845e-11	-4.117608e-11	-4.1322102e-11	-4.1986355e-11	-4.1886893e-11	-4.2272942e-11	-4.2363505e-11	-4.1787393e-11	-4.2203095e-11	-4.2071457e-11	-4.1144418e-11	-4.216542e-11	-4.213135e-11
	75	-4.26317e-11	-4.1624395e-11	-4.1969633e-11	-4.2086029e-11	-4.1679441e-11	-4.2868788e-11	-4.2979877e-11	-4.2586268e-11	-4.317393e-11	-4.2743052e-11	-4.3008111e-11	-4.1967423e-11	-4.229269e-11	-4.1854856e-11	-4.2009628e-11	-4.1728867e-11	-4.1961434e-11	-4.1071719e-11	-4.1447085e-11	-4.0510095e-11	-4.1112669e-11	-4.0444276e-11	-4.094125e-11	-3.9639861e-11	-4.0137626e-11	-4.1572499e-11	-4.1759561e-11	-4.1410392e-11	-4.2380214e-11	-4.1926473e-11	-4.2506065e-11	-4.1392778e-11	-4.2079465e-11	-4.1553667e-11	-4.240271e-11	-4.1649992e-11	-4.2703396e-11	-4.2174056e-11	-4.2629681e-11	-4.202428e-11	-4.2642233e-11	-4.1929724e-11	-4.3131363e-11	-4.2500163e-11	-4.2729004e-11	-4.2213601e-11	-4.2881268e-11	-4.2533945e-11	-4.284284e-11	-4.2566461e-11	-4.2997602e-11
	72.5	-4.2422645e-11	-4.3325718e-11	-4.2999247e-11	-4.3475647e-11	-4.2885386e-11	-4.3104447e-11	-4.3051333e-11	-4.3008236e-11	-4.226226e-11	-4.3119008e-11	-4.288752e-11	-4.3239412e-11	-4.3067439e-11	-4.2751414e-11	-4.1962891e-11	-4.2305794e-11	-4.187661e-11	-4.1887369e-11	-4.1270282e-11	-4.1512942e-11	-4.0244797e-11	-3.9977882e-11	-4.0290781e-11	-4.0516118e-11	-4.0726846e-11	-4.251666e-11	-4.2531097e-11	-4.2246678e-11	-4.2393658e-11	-4.2921475e-11	-4.2808871e-11	-4.2681299e-11	-4.2802518e-11	-4.3026815e-11	-4.3369152e-11	-4.3204298e-11	-4.3054872e-11	-4.3127307e-11	-4.3691946e-11	-4.303859e-11	-4.357285e-11	-4.3535401e-11	-4.3738985e-11	-4.3597456e-11	-4.3801855e-11	-4.3471969e-11	-4.3832559e-11	-4.375553e-11	-4.430907e-11	-4.4179906e-11	-4.37019e-11
	70	-4.3955332e-11	-4.4386012e-11	-4.4188028e-11	-4.4712033e-11	-4.4064148e-11	-4.4882435e-11	-4.4602513e-11	-4.4895452e-11	-4.4332597e-11	-4.4882195e-11	-4.4592233e-11	-4.4590248e-11	-4.4366791e-11	-4.470967e-11	-4.3703079e-11	-4.4184063e-11	-4.3382787e-11	-4.4103228e-11	-4.3313152e-11	-4.3056593e-11	-4.2010131e-11	-4.2628751e-11	-4.1285836e-11	-4.1522737e-11	-4.1093223e-11	-4.2824688e-11	-4.2241821e-11	-4.2971064e-11	-4.3083068e-11	-4.3333226e-11	-4.3352596e-11	-4.348923e-11	-4.3290014e-11	-4.3946385e-11	-4.3345112e-11	-4.386231e-11	-4.3527557e-11	-4.3788608e-11	-4.3997049e-11	-4.3896782e-11	-4.380794e-11	-4.3901993e-11	-4.3881794e-11	-4.4357969e-11	-4.3645861e-11	-4.4449156e-11	-4.3798902e-11	-4.4099172e-11	-4.382017e-11	-4.4045545e-11	-4.3637361e-11
	67.5	-4.4808393e-11	-4.451986e-11	-4.5274409e-11	-4.4426272e-11	-4.5151285e-11	-4.4854228e-11	-4.5216299e-11	-4.4999421e-11	-4.488511e-11	-4.5100944e-11	-4.5405998e-11	-4.4827749e-11	-4.5731377e-11	-4.5305142e-11	-4.5251903e-11	-4.472565e-11	-4.5086546e-11	-4.4054406e-11	-4.4053504e-11	-4.35702e-11	-4.3534034e-11	-4.2940547e-11	-4.2818613e-11	-4.1939178e-11	-4.2011825e-11	-4.2099539e-11	-4.2827762e-11	-4.2730899e-11	-4.3492366e-11	-4.276059e-11	-4.3389705e-11	-4.3459666e-11	-4.3943005e-11	-4.4170567e-11	-4.4232205e-11	-4.4280801e-11	-4.4419982e-11	-4.4170705e-11	-4.4122411e-11	-4.3660499e-11	-4.4423649e-11	-4.4054031e-11	-4.4641017e-11	-4.4591542e-11	-4.4613736e-11	-4.4219677e-11	-4.4448101e-11	-4.4135053e-11	-4.4434845e-11	-4.4509941e-11	-4.4627219e-11
	65	-4.5410793e-11	-4.5710675e-11	-4.5844484e-11	-4.5463782e-11	-4.5810491e-11	-4.5796204e-11	-4.5877989e-11	-4.5741369e-11	-4.6065266e-11	-4.5317708e-11	-4.6056943e-11	-4.5733736e-11	-4.5719852e-11	-4.5626603e-11	-4.5639357e-11	-4.5230309e-11	-4.5329896e-11	-4.4506742e-11	-4.450585e-11	-4.3500991e-11	-4.3879785e-11	-4.3695336e-11	-4.399622e-11	-4.358593e-11	-4.3243364e-11	-4.3247118e-11	-4.3903374e-11	-4.3600682e-11	-4.3965501e-11	-4.4175035e-11	-4.3837996e-11	-4.3811559e-11	-4.4502662e-11	-4.385365e-11	-4.4285183e-11	-4.3959076e-11	-4.4447904e-11	-4.3803461e-11	-4.432273e-11	-4.4069158e-11	-4.4723655e-11	-4.425995e-11	-4.4880488e-11	-4.4128763e-11	-4.428901e-11	-4.3938988e-11	-4.4708768e-11	-4.4101209e-11	-4.504444e-11	-4.4126577e-11	-4.4978833e-11
	62.5	-4.5148586e-11	-4.5259258e-11	-4.5106956e-11	-4.5735103e-11	-4.544903e-11	-4.5605349e-11	-4.5482298e-11	-4.538939e-11	-4.5323998e-11	-4.5557207e-11	-4.5473764e-11	-4.5867105e-11	-4.5526111e-11	-4.6102538e-11	-4.5152101e-11	-4.5729968e-11	-4.518981e-11	-4.5507181e-11	-4.4989918e-11	-4.4352834e-11	-4.4423007e-11	-4.4522996e-11	-4.4295238e-11	-4.3839387e-11	-4.3082163e-11	-4.2302543e-11	-4.2013459e-11	-4.2567214e-11	-4.2348715e-11	-4.2799507e-11	-4.2401228e-11	-4.3526703e-11	-4.303544e-11	-4.2886691e-11	-4.2533456e-11	-4.3283838e-11	-4.2601998e-11	-4.3320722e-11	-4.2442418e-11	-4.3232619e-11	-4.3071557e-11	-4.368381e-11	-4.2813076e-11	-4.3528736e-11	-4.2941387e-11	-4.3672097e-11	-4.2754248e-11	-4.298259e-11	-4.2894285e-11	-4.3132692e-11	-4.2657336e-11
	60	-4.3973148e-11	-4.422147e-11	-4.4252255e-11	-4.3711201e-11	-4.440729e-11	-4.4119371e-11	-4.4414774e-11	-4.4082502e-11	-4.5103428e-11	-4.4240792e-11	-4.5156708e-11	-4.4493246e-11	-4.470815e-11	-4.5227811e-11	-4.4713021e-11	-4.4592996e-11	-4.472667e-11	-4.4510621e-11	-4.4418164e-11	-4.459965e-11	-4.4113838e-11	-4.3679591e-11	-4.4100366e-11	-4.3976951e-11	-4.290197e-11	-4.1547505e-11	-4.0840394e-11	-4.1602551e-11	-4.1543963e-11	-4.1906072e-11	-4.19383e-11	-4.1956036e-11	-4.1915939e-11	-4.2239563e-11	-4.2656684e-11	-4.2788183e-11	-4.2404892e-11	-4.2529227e-11	-4.1381596e-11	-4.2501017e-11	-4.2092635e-11	-4.2455948e-11	-4.2180235e-11	-4.219388e-11	-4.2061389e-11	-4.2898955e-11	-4.2533217e-11	-4.3164652e-11	-4.2795073e-11	-4.3186951e-11	-4.2242248e-11
	57.5	-4.3999009e-11	-4.3949962e-11	-4.4404917e-11	-4.3120504e-11	-4.4417397e-11	-4.3782207e-11	-4.4502044e-11	-4.4391459e-11	-4.5041953e-11	-4.3297962e-11	-4.4259069e-11	-4.3467473e-11	-4.4879295e-11	-4.4441787e-11	-4.4890671e-11	-4.4679517e-11	-4.4671759e-11	-4.3885812e-11	-4.4029651e-11	-4.3575008e-11	-4.3500037e-11	-4.3040661e-11	-4.3460621e-11	-4.2812774e-11	-4.1285898e-11	-3.9953551e-11	-4.0180647e-11	-3.9856965e-11	-4.0872517e-11	-4.0474252e-11	-4.0990385e-11	-4.0662695e-11	-4.1042468e-11	-4.0614428e-11	-4.1669085e-11	-4.156887e-11	-4.1879659e-11	-4.1722927e-11	-4.1540021e-11	-4.1751737e-11	-4.1077922e-11	-4.1231841e-11	-4.1373734e-11	-4.1948316e-11	-4.1487737e-11	-4.1906614e-11	-4.1496286e-11	-4.1656154e-11	-4.1249254e-11	-4.1664189e-11	-4.0786628e-11
	55	-4.2892478e-11	-4.1880513e-11	-4.2293429e-11	-4.2116914e-11	-4.2915275e-11	-4.2910418e-11	-4.2789161e-11	-4.2716851e-11	-4.253977e-11	-4.3024518e-11	-4.347522e-11	-4.2348163e-11	-4.2866818e-11	-4.2941938e-11	-4.313401e-11	-4.2886729e-11	-4.3292474e-11	-4.2589057e-11	-4.295295e-11	-4.2528321e-11	-4.2041579e-11	-4.210033e-11	-4.2296958e-11	-4.1505473e-11	-4.047197e-11	-3.9514562e-11	-4.0361259e-11	-4.0271789e-11	-4.081574e-11	-4.0106557e-11	-4.1056995e-11	-4.065652e-11	-4.1343318e-11	-4.0894926e-11	-4.13421e-11	-4.1156835e-11	-4.2177747e-11	-4.1576891e-11	-4.2374864e-11	-4.1721761e-11	-4.1998179e-11	-4.1899383e-11	-4.1492216e-11	-4.1779961e-11	-4.2015127e-11	-4.153608e-11	-4.2096826e-11	-4.1255242e-11	-4.1803311e-11	-4.2242036e-11	-4.2354391e-11
	52.5	-4.2375731e-11	-4.2797346e-11	-4.1781981e-11	-4.2969243e-11	-4.1963832e-11	-4.2758203e-11	-4.2471943e-11	-4.2902307e-11	-4.2529816e-11	-4.3167064e-11	-4.3077205e-11	-4.3147881e-11	-4.237577e-11	-4.3140123e-11	-4.3134687e-11	-4.3020199e-11	-4.2296732e-11	-4.2814217e-11	-4.2665784e-11	-4.2706633e-11	-4.1819829e-11	-4.1942089e-11	-4.1152491e-11	-4.1919104e-11	-4.1667517e-11	-4.137941e-11	-4.1442089e-11	-4.2021567e-11	-4.1656192e-11	-4.2119187e-11	-4.1573779e-11	-4.2068005e-11	-4.1806735e-11	-4.2275291e-11	-4.1708869e-11	-4.2793553e-11	-4.1847623e-11	-4.2828945e-11	-4.2093412e-11	-4.2620539e-11	-4.2824837e-11	-4.2799167e-11	-4.2811782e-11	-4.2848038e-11	-4.2622083e-11	-4.2898692e-11	-4.3107674e-11	-4.2678035e-11	-4.3006841e-11	-4.2729154e-11	-4.2960819e-11
	50	-4.3003868e-11	-4.3104659e-11	-4.2977327e-11	-4.3280136e-11	-4.2957218e-11	-4.3385098e-11	-4.3728941e-11	-4.3414647e-11	-4.3185868e-11	-4.3350434e-11	-4.305388e-11	-4.3718244e-11	-4.2954695e-11	-4.3275668e-11	-4.3043347e-11	-4.2978007e-11	-4.2557246e-11	-4.25616e-11	-4.1997187e-11	-4.1938286e-11	-4.1704286e-11	-4.1733384e-11	-4.1426487e-11	-4.1620742e-11	-4.1351138e-11	-4.1774511e-11	-4.2269979e-11	-4.258318e-11	-4.2832762e-11	-4.2978045e-11	-4.2659733e-11	-4.3084234e-11	-4.273891e-11	-4.3526703e-11	-4.2900326e-11	-4.344863e-11	-4.3008725e-11	-4.3652113e-11	-4.3197345e-11	-4.3809286e-11	-4.3234062e-11	-4.3536997e-11	-4.3212333e-11	-4.359571e-11	-4.3291232e-11	-4.4110948e-11	-4.3865765e-11	-4.4416065e-11	-4.4149476e-11	-4.4884846e-11	-4.4371524e-11
	47.5	-4.5316629e-11	-4.4927805e-11	-4.4935486e-11	-4.5122409e-11	-4.5234476e-11	-4.4938563e-11	-4.5122021e-11	-4.4947639e-11	-4.516941e-11	-4.4868963e-11	-4.5268334e-11	-4.4451456e-11	-4.5095205e-11	-4.4704913e-11	-4.4788031e-11	-4.4385849e-11	-4.4313189e-11	-4.3550781e-11	-4.3449019e-11	-4.2950678e-11	-4.3121506e-11	-4.2514225e-11	-4.2212359e-11	-4.1634186e-11	-4.1946998e-11	-4.2819442e-11	-4.3298025e-11	-4.3475206e-11	-4.4183511e-11	-4.3944348e-11	-4.4428506e-11	-4.3998104e-11	-4.439495e-11	-4.4742411e-11	-4.4578587e-11	-4.5518214e-11	-4.4641454e-11	-4.4785245e-11	-4.5110183e-11	-4.5503514e-11	-4.5529764e-11	-4.5191743e-11	-4.5491187e-11	-4.5795326e-11	-4.5418891e-11	-4.5939239e-11	-4.5372518e-11	-4.585031e-11	-4.5679391e-11	-4.5916493e-11	-4.5740165e-11
	45	-4.6388574e-11	-4.6387831e-11	-4.6310001e-11	-4.5407993e-11	-4.6651859e-11	-4.6499561e-11	-4.6865862e-11	-4.6393143e-11	-4.6923194e-11	-4.6574442e-11	-4.6715406e-11	-4.665722e-11	-4.6376382e-11	-4.6422595e-11	-4.6510455e-11	-4.5939516e-11	-4.5488991e-11	-4.49124e-11	-4.4546963e-11	-4.4139459e-11	-4.4034887e-11	-4.3567375e-11	-4.3182832e-11	-4.2627082e-11	-4.2746518e-11	-4.3366418e-11	-4.4057608e-11	-4.4050315e-11	-4.5220907e-11	-4.5080793e-11	-4.5757488e-11	-4.534614e-11	-4.5878995e-11	-4.5763126e-11	-4.6282304e-11	-4.5937584e-11	-4.6413002e-11	-4.602237e-11	-4.6139457e-11	-4.5887908e-11	-4.6068555e-11	-4.5988865e-11	-4.6533617e-11	-4.5758831e-11	-4.6416995e-11	-4.6145258e-11	-4.6604307e-11	-4.605644e-11	-4.6597053e-11	-4.6132577e-11	-4.6627709e-11
	42.5	-4.7349617e-11	-4.7501617e-11	-4.7226254e-11	-4.8156656e-11	-4.7565115e-11	-4.7857603e-11	-4.7874475e-11	-4.818548e-11	-4.7600014e-11	-4.8194681e-11	-4.7627544e-11	-4.8435547e-11	-4.7832658e-11	-4.8113395e-11	-4.7577969e-11	-4.7486279e-11	-4.6889086e-11	-4.6898454e-11	-4.5960593e-11	-4.5667439e-11	-4.5378944e-11	-4.5036419e-11	-4.4407027e-11	-4.4598068e-11	-4.3498219e-11	-4.4501531e-11	-4.451017e-11	-4.5473174e-11	-4.4960907e-11	-4.5419266e-11	-4.5446105e-11	-4.5792099e-11	-4.5993574e-11	-4.6045431e-11	-4.5876008e-11	-4.651091e-11	-4.6176955e-11	-4.6826997e-11	-4.6203857e-11	-4.653648e-11	-4.6721998e-11	-4.6395162e-11	-4.6796178e-11	-4.7046849e-11	-4.69185e-11	-4.6735518e-11	-4.7363415e-11	-4.7297295e-11	-4.7179316e-11	-4.7049246e-11	-4.7553603e-11
	40	-4.836595e-11	-4.8727824e-11	-4.8773305e-11	-4.9018893e-11	-4.8718106e-11	-4.8958636e-11	-4.8515601e-11	-4.9337066e-11	-4.8886249e-11	-4.8968413e-11	-4.9070751e-11	-4.9297094e-11	-4.9190412e-11	-4.9179806e-11	-4.8838471e-11	-4.9145896e-11	-4.837912e-11	-4.8166183e-11	-4.7092982e-11	-4.7295248e-11	-4.6169676e-11	-4.6031005e-11	-4.5523387e-11	-4.5461974e-11	-4.4338862e-11	-4.4609354e-11	-4.4259183e-11	-4.5538691e-11	-4.547419e-11	-4.6144366e-11	-4.552483e-11	-4.6207611e-11	-4.6262372e-11	-4.6804314e-11	-4.6432361e-11	-4.6932333e-11	-4.6795161e-11	-4.6720943e-11	-4.7285769e-11	-4.7429574e-11	-4.6861782e-11	-4.7484544e-11	-4.692292e-11	-4.743517e-11	-4.7257788e-11	-4.7176266e-11	-4.7157847e-11	-4.7769212e-11	-4.7540936e-11	-4.8160132e-11	-4.7700996e-11
	37.5	-4.9189774e-11	-4.9295752e-11	-4.9487043e-11	-4.9060644e-11	-4.9334942e-11	-4.9544851e-11	-4.9640788e-11	-4.9547061e-11	-4.9816175e-11	-4.941093e-11	-5.0030126e-11	-4.9855117e-11	-5.0206582e-11	-5.0030768e-11	-5.0405922e-11	-4.9937093e-11	-4.9808518e-11	-4.9474189e-11	-4.9308117e-11	-4.8382746e-11	-4.8066308e-11	-4.7648972e-11	-4.7276429e-11	-4.6832722e-11	-4.6839928e-11	-4.489515e-11	-4.5656166e-11	-4.5733185e-11	-4.6344636e-11	-4.6028032e-11	-4.652689e-11	-4.6817269e-11	-4.7184489e-11	-4.7067062e-11	-4.7527718e-11	-4.7218205e-11	-4.8077039e-11	-4.7719963e-11	-4.7902154e-11	-4.7637286e-11	-4.832874e-11	-4.7753145e-11	-4.8487696e-11	-4.8491475e-11	-4.8200971e-11	-4.7832006e-11	-4.8620778e-11	-4.7786108e-11	-4.8584033e-11	-4.8150241e-11	-4.8374398e-11
	35	-4.985223e-11	-5.0380988e-11	-5.0235906e-11	-5.0093863e-11	-4.9912324e-11	-5.0222247e-11	-5.0138779e-11	-5.0768095e-11	-5.0499206e-11	-5.056908e-11	-5.0470812e-11	-5.1221583e-11	-5.0627932e-11	-5.1321107e-11	-5.0956888e-11	-5.1496696e-11	-5.0756531e-11	-5.0540159e-11	-5.0172359e-11	-5.046594e-11	-4.9422039e-11	-4.8772035e-11	-4.8512513e-11	-4.8693025e-11	-4.7590123e-11	-4.4680031e-11	-4.4468089e-11	-4.5496697e-11	-4.5882735e-11	-4.6216739e-11	-4.5982048e-11	-4.6425128e-11	-4.620632e-11	-4.674983e-11	-4.7367797e-11	-4.6548244e-11	-4.7260085e-11	-4.6947262e-11	-4.6591841e-11	-4.7240076e-11	-4.753678e-11	-4.7781827e-11	-4.7969181e-11	-4.7700153e-11	-4.7677005e-11	-4.7458044e-11	-4.7820144e-11	-4.6962288e-11	-4.7787014e-11	-4.740832e-11	-4.7320141e-11
	32.5	-4.9818059e-11	-5.0129238e-11	-4.9598041e-11	-5.0082626e-11	-4.9714805e-11	-5.0271485e-11	-5.0149489e-11	-5.0753294e-11	-4.990882e-11	-5.1132827e-11	-5.0703594e-11	-5.1193688e-11	-5.0997536e-11	-5.1067952e-11	-5.1198119e-11	-5.0933952e-11	-5.0855556e-11	-5.1092304e-11	-5.052065e-11	-5.0297332e-11	-4.9660963e-11	-4.9644552e-11	-4.9370355e-11	-4.898211e-11	-4.808481e-11	-4.4779118e-11	-4.4956226e-11	-4.5406862e-11	-4.5522558e-11	-4.5950726e-11	-4.6058237e-11	-4.6381732e-11	-4.640056e-11	-4.687126e-11	-4.6750846e-11	-4.7224457e-11	-4.7119773e-11	-4.6540233e-11	-4.7459526e-11	-4.6897222e-11	-4.718656e-11	-4.7711429e-11	-4.7624168e-11	-4.7631146e-11	-4.7685102e-11	-4.7654596e-11	-4.782726e-11	-4.747577e-11	-4.7811366e-11	-4.7581699e-11	-4.7488825e-11
	30	-4.9358344e-11	-5.0145357e-11	-4.9554593e-11	-5.0016744e-11	-4.9668946e-11	-5.0023447e-11	-4.9894734e-11	-5.0601898e-11	-4.9752303e-11	-5.0747028e-11	-5.0479197e-11	-5.1011674e-11	-5.0573826e-11	-5.140292e-11	-5.126527e-11	-5.1249262e-11	-5.0780321e-11	-5.0869024e-11	-5.047868e-11	-5.0881566e-11	-5.0459713e-11	-5.0364907e-11	-4.9711124e-11	-4.9978934e-11	-4.8842212e-11	-4.422019e-11	-4.3855194e-11	-4.5184852e-11	-4.4961132e-11	-4.6314581e-11	-4.5501807e-11	-4.6546773e-11	-4.6128271e-11	-4.6936302e-11	-4.6453851e-11	-4.7159832e-11	-4.6531407e-11	-4.7136534e-11	-4.676989e-11	-4.7193801e-11	-4.6785947e-11	-4.7174268e-11	-4.7140073e-11	-4.7134473e-11	-4.7184801e-11	-4.777987e-11	-4.7557822e-11	-4.7570288e-11	-4.6628472e-11	-4.760815e-11	-4.7159908e-11
	27.5	-4.9287265e-11	-4.8654032e-11	-4.9585527e-11	-4.9160408e-11	-4.9478834e-11	-4.9458434e-11	-5.0114624e-11	-4.9626952e-11	-5.0031708e-11	-4.9897975e-11	-5.032888e-11	-5.0251549e-11	-5.0246463e-11	-4.9815509e-11	-5.0671883e-11	-5.0648055e-11	-5.0969166e-11	-5.0084284e-11	-5.0567713e-11	-5.0283448e-11	-5.068386e-11	-4.986354e-11	-4.9936263e-11	-4.953692e-11	-4.9233548e-11	-4.3162657e-11	-4.3736435e-11	-4.3862549e-11	-4.451205e-11	-4.4624117e-11	-4.5291999e-11	-4.5370534e-11	-4.6283699e-11	-4.5767806e-11	-4.6437607e-11	-4.5876671e-11	-4.634677e-11	-4.6031647e-11	-4.6403562e-11	-4.6067362e-11	-4.6028646e-11	-4.5626114e-11	-4.6439366e-11	-4.5690465e-11	-4.6597805e-11	-4.5603857e-11	-4.6419656e-11	-4.6267493e-11	-4.6352443e-11	-4.6311243e-11	-4.707694e-11
	25	-4.8384581e-11	-4.8955971e-11	-4.8795988e-11	-4.9016846e-11	-4.900964e-11	-4.940847e-11	-4.8931859e-11	-4.9596046e-11	-4.9389829e-11	-4.99038e-11	-5.0129539e-11	-5.0291205e-11	-5.0007491e-11	-5.0563897e-11	-5.0525584e-11	-5.1170037e-11	-5.0753006e-11	-5.1238843e-11	-5.0888585e-11	-5.1308267e-11	-5.0589356e-11	-5.0205676e-11	-5.0603115e-11	-4.9847633e-11	-4.9354139e-11	-4.3144054e-11	-4.3304776e-11	-4.3646437e-11	-4.3979185e-11	-4.4105889e-11	-4.3941174e-11	-4.4701399e-11	-4.4787916e-11	-4.450192e-11	-4.5319328e-11	-4.5311907e-11	-4.5766953e-11	-4.5562051e-11	-4.5862612e-11	-4.5562241e-11	-4.6320895e-11	-4.5374853e-11	-4.6179678e-11	-4.5395087e-11	-4.5873798e-11	-4.488452e-11	-4.5514287e-11	-4.5354366e-11	-4.5717291e-11	-4.5818436e-11	-4.5972948e-11
	22.5	-4.7715182e-11	-4.8173087e-11	-4.766277e-11	-4.830843e-11	-4.8209669e-11	-4.8286673e-11	-4.8281212e-11	-4.8554445e-11	-4.8242271e-11	-4.9069748e-11	-4.9026762e-11	-4.9245448e-11	-4.9326029e-11	-4.9445288e-11	-4.9500865e-11	-5.0000976e-11	-5.0308264e-11	-5.0416189e-11	-5.0240992e-11	-5.0584422e-11	-5.0115679e-11	-5.0500926e-11	-5.0288204e-11	-5.0359411e-11	-4.3408232e-11	-4.3338007e-11	-4.3083644e-11	-4.3842263e-11	-4.3940195e-11	-4.3974505e-11	-4.3758028e-11	-4.3929888e-11	-4.3713023e-11	-4.3810514e-11	-4.4733536e-11	-4.4396656e-11	-4.4830889e-11	-4.4629439e-11	-4.4965025e-11	-4.5000666e-11	-4.5100167e-11	-4.4764217e-11	-4.4700181e-11	-4.5055851e-11	-4.5175988e-11	-4.534461e-11	-4.5410932e-11	-4.5291621e-11	-4.519694e-11	-4.502089e-11	-4.4875794e-11
	20	-4.7049635e-11	-4.6927528e-11	-4.7049246e-11	-4.7211804e-11	-4.7082688e-11	-4.7283236e-11	-4.7243501e-11	-4.7484169e-11	-4.7655161e-11	-4.7814568e-11	-4.8072483e-11	-4.8585764e-11	-4.8629413e-11	-4.9394999e-11	-4.9277585e-11	-4.9603679e-11	-4.9465588e-11	-4.9904903e-11	-4.9508536e-11	-4.9895414e-11	-4.9451655e-11	-4.9706305e-11	-4.9792424e-11	-4.9838168e-11	-4.227451e-11	-4.2450866e-11	-4.2061663e-11	-4.3008274e-11	-4.3286714e-11	-4.3795047e-11	-4.3589559e-11	-4.4167114e-11	-4.3918074e-11	-4.3948029e-11	-4.4112304e-11	-4.4434772e-11	-4.415357e-11	-4.4440569e-11	-4.4254135e-11	-4.4783184e-11	-4.3950954e-11	-4.4996295e-11	-4.4264582e-11	-4.4625224e-11	-4.4092157e-11	-4.4272867e-11	-4.4458749e-11	-4.4925317e-11	-4.4333953e-11	-4.4448292e-11	-4.4392452e-11
	17.5	-4.6571767e-11	-4.6162393e-11	-4.617472e-11	-4.6622359e-11	-4.6266779e-11	-4.6907804e-11	-4.6577717e-11	-4.7163835e-11	-4.7316703e-11	-4.7188104e-11	-4.7243855e-11	-4.7501253e-11	-4.7113546e-11	-4.8377902e-11	-4.8323231e-11	-4.8519983e-11	-4.8484206e-11	-4.9010369e-11	-4.8549637e-11	-4.8934558e-11	-4.8691544e-11	-4.881099e-11	-4.8172952e-11	-4.8674571e-11	-4.3481344e-11	-4.1314483e-11	-4.104031e-11	-4.1006091e-11	-4.1691154e-11	-4.2524755e-11	-4.1925734e-11	-4.282829e-11	-4.3117024e-11	-4.3501706e-11	-4.297547e-11	-4.3439467e-11	-4.3468916e-11	-4.3729832e-11	-4.3643013e-11	-4.3727248e-11	-4.3288886e-11	-4.362688e-11	-4.3331654e-11	-4.3137088e-11	-4.3168271e-11	-4.4266677e-11	-4.3391034e-11	-4.3338284e-11	-4.3130458e-11	-4.3539054e-11	-4.3086444e-11
	15	-4.5418488e-11	-4.4843053e-11	-4.5435398e-11	-4.4593475e-11	-4.4717629e-11	-4.4734112e-11	-4.4987809e-11	-4.5021591e-11	-4.599789e-11	-4.5336238e-11	-4.6499811e-11	-4.629171e-11	-4.6527192e-11	-4.5912777e-11	-4.6753709e-11	-4.6542745e-11	-4.7207249e-11	-4.7278351e-11	-4.7565455e-11	-4.7301978e-11	-4.7336062e-11	-4.7268359e-11	-4.7287351e-11	-4.7405972e-11	-4.0033067e-11	-3.9886389e-11	-4.0850774e-11	-4.0642597e-11	-4.0453502e-11	-4.1266577e-11	-4.171315e-11	-4.2053114e-11	-4.2129404e-11	-4.2548697e-11	-4.2526389e-11	-4.2648874e-11	-4.2518052e-11	-4.2883915e-11	-4.2511199e-11	-4.2712497e-11	-4.2993373e-11	-4.3300447e-11	-4.2502623e-11	-4.3052423e-11	-4.3448582e-11	-4.3020712e-11	-4.297384e-11	-4.3355632e-11	-4.2687225e-11	-4.3259622e-11	-4.2883651e-11
	12.5	-4.4258805e-11	-4.4464186e-11	-4.5237265e-11	-4.4497062e-11	-4.4876523e-11	-4.410973e-11	-4.4546911e-11	-4.4502509e-11	-4.5446633e-11	-4.499838e-11	-4.5136648e-11	-4.5045117e-11	-4.5624782e-11	-4.5534923e-11	-4.606435e-11	-4.5663823e-11	-4.6172673e-11	-4.6137951e-11	-4.6464398e-11	-4.6246628e-11	-4.6303759e-11	-4.6136258e-11	-4.6471729e-11	-4.5839752e-11	-3.9603005e-11	-3.8912162e-11	-4.0072876e-11	-3.9647431e-11	-4.0487926e-11	-4.062093e-11	-4.0889781e-11	-4.1117793e-11	-4.1040924e-11	-4.0957595e-11	-4.1303273e-11	-4.1014539e-11	-4.0905973e-11	-4.0914359e-11	-4.1353438e-11	-4.1086145e-11	-4.1480919e-11	-4.1048696e-11	-4.1593187e-11	-4.1150229e-11	-4.1853524e-11	-4.1863804e-11	-4.1685894e-11	-4.1286589e-11	-4.2021192e-11	-4.1547554e-11	-4.2045846e-11
	10	-4.3417585e-11	-4.3532199e-11	-4.3023123e-11	-4.34562e-11	-4.3790492e-11	-4.3825818e-11	-4.3625097e-11	-4.3302278e-11	-4.3976399e-11	-4.3997864e-11	-4.4339626e-11	-4.3831092e-11	-4.4338571e-11	-4.4543737e-11	-4.4719613e-11	-4.4574143e-11	-4.5364833e-11	-4.4749277e-11	-4.5155917e-11	-4.5135694e-11	-4.5384481e-11	-4.4893669e-11	-4.4787254e-11	-4.4741068e-11	-3.8102566e-11	-3.8250108e-11	-3.8437194e-11	-3.8940309e-11	-3.9347713e-11	-3.99559e-11	-4.0119536e-11	-3.9916844e-11	-4.0156333e-11	-4.0058387e-11	-4.0872455e-11	-3.9835687e-11	-4.0527394e-11	-3.9905045e-11	-4.1174834e-11	-4.0531585e-11	-4.1029e-11	-4.090173e-11	-4.0835134e-11	-4.0516847e-11	-4.0916995e-11	-4.0243205e-11	-4.065347e-11	-4.0589546e-11	-4.0525774e-11	-4.0257866e-11	-4.0819455e-11
	7.5	-4.1982199e-11	-4.2346116e-11	-4.2236149e-11	-4.295566e-11	-4.2303598e-11	-4.2951781e-11	-4.2871151e-11	-4.3545292e-11	-4.2911574e-11	-4.3134475e-11	-4.3295537e-11	-4.3716326e-11	-4.3454091e-11	-4.3127998e-11	-4.3344422e-11	-4.3643651e-11	-4.3522408e-11	-4.416463e-11	-4.395502e-11	-4.4410742e-11	-4.3567198e-11	-4.415333e-11	-4.3523161e-11	-4.3489944e-11	-3.7416594e-11	-3.7611716e-11	-3.7379586e-11	-3.7810078e-11	-3.8800085e-11	-3.8774789e-11	-3.9358395e-11	-3.868882e-11	-3.9451758e-11	-3.9079618e-11	-3.9198613e-11	-3.9516609e-11	-3.9917711e-11	-3.9543927e-11	-3.9398318e-11	-3.9065105e-11	-3.9602051e-11	-3.9770798e-11	-3.9942317e-11	-3.9651036e-11	-3.9945429e-11	-3.9528623e-11	-4.0470186e-11	-4.0291659e-11	-4.0561752e-11	-3.9607023e-11	-4.0291874e-11
	5	-4.0631037e-11	-4.1608952e-11	-4.1468804e-11	-4.1882661e-11	-4.1528923e-11	-4.1954506e-11	-4.1679507e-11	-4.2549686e-11	-4.2264605e-11	-4.2470624e-11	-4.2546751e-11	-4.2840922e-11	-4.2405385e-11	-4.346672e-11	-4.2964712e-11	-4.3562053e-11	-4.3041778e-11	-4.3373798e-11	-4.2814859e-11	-4.3032352e-11	-4.289254e-11	-4.31815e-11	-4.2845855e-11	-4.2991614e-11	-3.6902009e-11	-3.7522999e-11	-3.7227412e-11	-3.838712e-11	-3.823802e-11	-3.8865074e-11	-3.8431661e-11	-3.9189523e-11	-3.8880316e-11	-3.9441162e-11	-3.8948858e-11	-3.9833865e-11	-3.9189624e-11	-3.940296e-11	-3.9890508e-11	-3.9935551e-11	-3.9923651e-11	-3.9975346e-11	-4.0189223e-11	-4.043697e-11	-4.0400162e-11	-4.0616663e-11	-4.0073202e-11	-4.0901092e-11	-4.0178891e-11	-4.0636949e-11	-4.0533871e-11
	2.5	-4.2490709e-11	-4.2242085e-11	-4.2193842e-11	-4.209031e-11	-4.2821888e-11	-4.1933641e-11	-4.2516296e-11	-4.2863945e-11	-4.2846834e-11	-4.2570829e-11	-4.2289828e-11	-4.2819179e-11	-4.3175113e-11	-4.2904468e-11	-4.3280535e-11	-4.348619e-11	-4.3974716e-11	-4.2961246e-11	-4.332076e-11	-4.344863e-11	-4.278896e-11	-4.3329482e-11	-4.234893e-11	-4.2634726e-11	-3.6851293e-11	-3.7409551e-11	-3.7928282e-11	-3.8589271e-11	-3.8290846e-11	-3.9035514e-11	-3.8778453e-11	-3.9197784e-11	-3.8767205e-11	-3.9024756e-11	-3.8680663e-11	-3.9439268e-11	-3.8853625e-11	-3.9608639e-11	-3.9471506e-11	-3.9436367e-11	-3.9422167e-11	-3.9544493e-11	-3.8974556e-11	-3.9657149e-11	-3.9867949e-11	-3.9587337e-11	-3.9425695e-11	-3.9872931e-11	-3.9077144e-11	-4.0080446e-11	-3.9656809e-11
	0	-4.1514212e-11	-4.0824864e-11	-4.114285e-11	-4.0689199e-11	-4.1370383e-11	-4.0742149e-11	-4.1032878e-11	-4.0991814e-11	-4.1297434e-11	-4.118916e-11	-4.1402722e-11	-4.0906754e-11	-4.1752355e-11	-4.1136247e-11	-4.1888035e-11	-4.1652928e-11	-4.166675e-11	-4.1311395e-11	-4.1703432e-11	-4.1338849e-11	-4.1228226e-11	-4.0824739e-11	-4.1239161e-11	-4.072289e-11	-3.5966109e-11	-3.6327313e-11	-3.6520051e-11	-3.6987247e-11	-3.7614641e-11	-3.7171245e-11	-3.7669892e-11	-3.8608276e-11	-3.7930818e-11	-3.8876159e-11	-3.8614615e-11	-3.9304365e-11	-3.8577707e-11	-3.8882814e-11	-3.881083e-11	-3.82279e-11	-3.8621484e-11	-3.8996927e-11	-3.8972534e-11	-3.9617139e-11	-3.8885825e-11	-3.8927278e-11	-3.9490813e-11	-3.953057e-11	-3.9371915e-11	-3.9727385e-11	-3.9044518e-11
